   871    620
   872    621
   873    621
   874    621
   875    622
   876    622
   869    623
   877    623
   878    623
   869    624
   870    624
   871    624
   879    624
   880    624
   881    624
   871    625
   872    625
   873    625
   881    625
   882    625
   873    626
   874    626
   882    626
   874    627
   882    627
   883    627
   874    628
   875    628
   883    628
   884    628
   875    629
   884    629
   875    630
   884    630
   875    631
   884    631
   875    632
   884    632
   875    633
   884    633
   875    634
   884    634
   875    635
   884    635
   875    636
   884    636
   874    637
   884    637
   874    638
   883    638
   874    639
   883    639
   874    640
   883    640
   873    641
   883    641
   873    642
   883    642
   873    643
   882    643
   873    644
   882    644
   872    645
   882    645
   872    646
   882    646
   872    647
   882    647
   871    648
   881    648
   871    649
   881    649
   870    650
   881    650
   870    651
   881    651
   870    652
   880    652
   869    653
   880    653
   869    654
   880    654
   869    655
   880    655
   868    656
   879    656
   868    657
   879    657
   868    658
   879    658
   867    659
   878    659
   867    660
   878    660
   867    661
   878    661
   866    662
   878    662
   866    663
   877    663
   866    664
   877    664
   865    665
   877    665
   865    666
   877    666
   865    667
   876    667
   864    668
   876    668
   864    669
   876    669
   864    670
   876    670
   863    671
   875    671
   863    672
   875    672
   863    673
   875    673
   862    674
   875    674
   862    675
   874    675
   861    676
   874    676
   861    677
   874    677
   861    678
   874    678
   860    679
   873    679
   860    680
   873    680
   860    681
   873    681
   859    682
   873    682
   859    683
   872    683
   859    684
   872    684
   858    685
   872    685
   858    686
   872    686
   858    687
   871    687
   857    688
   871    688
   857    689
   871    689
   857    690
   871    690
   856    691
   870    691
   856    692
   870    692
   856    693
   870    693
   855    694
   870    694
   855    695
   869    695
   854    696
   869    696
   854    697
   869    697
   854    698
   869    698
   853    699
   868    699
   853    700
   868    700
   853    701
   868    701
   852    702
   868    702
   852    703
   867    703
   852    704
   867    704
   851    705
   867    705
   851    706
   866    706
   851    707
   866    707
   850    708
   866    708
   850    709
   866    709
   850    710
   865    710
   849    711
   865    711
   849    712
   865    712
   849    713
   865    713
   848    714
   864    714
   848    715
   864    715
   848    716
   864    716
   847    717
   863    717
   847    718
   863    718
   847    719
   863    719
   846    720
   863    720
   846    721
   862    721
   846    722
   862    722
   845    723
   862    723
   845    724
   862    724
   845    725
   862    725
   844    726
   861    726
   844    727
   861    727
   844    728
   861    728
   843    729
   861    729
   843    730
   860    730
   843    731
   860    731
   842    732
   860    732
   842    733
   860    733
   842    734
   860    734
   842    735
   859    735
   841    736
   859    736
   841    737
   859    737
   841    738
   858    738
   840    739
   858    739
   840    740
   858    740
   840    741
   858    741
   857    742
