   694    674
   695    674
   696    674
   697    674
   698    675
   699    675
   700    675
   701    675
   702    675
   703    676
   704    676
   705    676
   706    676
   693    677
   694    677
   695    677
   696    677
   707    677
   708    677
   709    677
   710    677
   711    677
   697    678
   698    678
   699    678
   700    678
   701    678
   712    678
   713    678
   702    679
   703    679
   704    679
   705    679
   706    680
   707    680
   708    680
   709    680
   710    680
   723    680
   724    680
   725    680
   711    681
   712    681
   713    681
   714    681
   726    681
   727    681
   728    681
   729    681
   715    682
   716    682
   717    682
   718    682
   730    682
   731    682
   732    682
   733    682
   719    683
   720    683
   721    683
   722    683
   734    683
   735    683
   736    683
   737    683
   723    684
   724    684
   725    684
   726    684
   738    684
   739    684
   740    684
   741    684
   727    685
   728    685
   729    685
   730    685
   742    685
   743    685
   744    685
   745    685
   731    686
   732    686
   733    686
   734    686
   746    686
   747    686
   748    686
   749    686
   735    687
   736    687
   737    687
   738    687
   750    687
   751    687
   752    687
   753    687
   754    687
   739    688
   740    688
   741    688
   755    688
   756    688
   757    688
   742    689
   743    689
   744    689
   745    689
   758    689
   759    689
   760    689
   761    689
   746    690
   747    690
   748    690
   762    690
   763    690
   749    691
   750    691
   751    691
   752    691
   766    691
   753    692
   754    692
   755    692
   756    693
   757    693
   758    693
   759    693
   772    693
   773    693
   774    693
   760    694
   761    694
   762    694
   775    694
   776    694
   763    695
   764    695
   765    695
   779    695
   780    695
   766    696
   767    696
   768    696
   781    696
   782    696
   783    696
   769    697
   770    697
   771    697
   784    697
   785    697
   786    697
   772    698
   773    698
   787    698
   788    698
   789    698
   774    699
   775    699
   776    699
   790    699
   791    699
   777    700
   778    700
   779    700
   792    700
   793    700
   794    700
   780    701
   781    701
   782    701
   795    701
   796    701
   782    702
   783    702
   784    702
   797    702
   798    702
   799    702
   785    703
   786    703
   787    703
   800    703
   801    703
   802    703
   788    704
   789    704
   803    704
   804    704
   805    704
   790    705
   791    705
   792    705
   806    705
   807    705
   808    705
   793    706
   794    706
   795    706
   809    706
   810    706
   795    707
   796    707
   797    707
   810    707
   811    707
   812    707
   813    707
   797    708
   798    708
   799    708
   813    708
   814    708
   815    708
   799    709
   800    709
   801    709
   815    709
   816    709
   817    709
   801    710
   802    710
   803    710
   817    710
   818    710
   819    710
   803    711
   804    711
   805    711
   819    711
   820    711
   805    712
   806    712
   807    712
   820    712
   821    712
   822    712
   807    713
   808    713
   822    713
   823    713
   824    713
   808    714
   809    714
   810    714
   824    714
   825    714
   826    714
   810    715
   811    715
   812    715
   826    715
   827    715
   828    715
   812    716
   813    716
   828    716
   829    716
   813    717
   814    717
   815    717
   829    717
   830    717
   831    717
   815    718
   816    718
   831    718
   832    718
   816    719
   817    719
   818    719
   832    719
   833    719
   834    719
   818    720
   819    720
   834    720
   835    720
   819    721
   820    721
   835    721
   836    721
   837    721
   820    722
   821    722
   822    722
   837    722
   838    722
   822    723
   823    723
   838    723
   839    723
   823    724
   824    724
   839    724
   840    724
   841    724
   824    725
   825    725
   841    725
   842    725
   825    726
   826    726
   842    726
   843    726
   826    727
   827    727
   843    727
   844    727
   827    728
   828    728
   844    728
   845    728
   828    729
   829    729
   845    729
   846    729
   829    730
   830    730
   846    730
   847    730
   830    731
   831    731
   847    731
   848    731
   831    732
   832    732
   848    732
   849    732
   832    733
   833    733
   849    733
   850    733
   833    734
   834    734
   850    734
   851    734
   834    735
   835    735
   851    735
   852    735
   835    736
   852    736
   853    736
   835    737
   836    737
   853    737
   836    738
   837    738
   853    738
   854    738
   837    739
   854    739
   855    739
   837    740
   838    740
   855    740
   856    740
   838    741
   839    741
   856    741
   839    742
   856    742
   857    742
   839    743
   840    743
   857    743
   858    743
   840    744
   841    744
   858    744
   859    744
   841    745
   859    745
   841    746
   842    746
   859    746
   860    746
   842    747
   843    747
   860    747
   861    747
   843    748
   844    748
   861    748
   862    748
   844    749
   862    749
   844    750
   845    750
   862    750
   863    750
   845    751
   846    751
   863    751
   864    751
   846    752
   864    752
   865    752
   846    753
   847    753
   865    753
   847    754
   848    754
   865    754
   866    754
   848    755
   866    755
   866    756
   867    756
   867    757
