   240    592
   249    592
   250    593
   251    593
   243    594
   251    594
   252    594
   243    595
   244    595
   252    595
   253    595
   244    596
   245    596
   253    596
   254    596
   255    596
   246    597
   255    597
   256    597
   247    598
   248    598
   256    598
   257    598
   248    599
   249    599
   257    599
   258    599
   249    600
   250    600
   259    600
   250    601
   251    601
   260    601
   251    602
   252    602
   253    602
   262    602
   253    603
   254    603
   263    603
   264    603
   254    604
   255    604
   264    604
   265    604
   255    605
   256    605
   265    605
   266    605
   267    605
   256    606
   257    606
   258    606
   267    606
   268    606
   258    607
   259    607
   268    607
   269    607
   259    608
   260    608
   269    608
   270    608
   271    608
   261    609
   271    609
   272    609
   262    610
   263    610
   272    610
   273    610
   274    610
   263    611
   264    611
   274    611
   275    611
   264    612
   265    612
   266    612
   275    612
   276    612
   277    612
   266    613
   267    613
   277    613
   278    613
   267    614
   268    614
   269    614
   278    614
   279    614
   269    615
   270    615
   279    615
   280    615
   281    615
   270    616
   271    616
   281    616
   282    616
   271    617
   272    617
   273    617
   282    617
   283    617
   284    617
   273    618
   274    618
   284    618
   285    618
   274    619
   275    619
   285    619
   286    619
   287    619
   275    620
   276    620
   287    620
   288    620
   276    621
   277    621
   278    621
   288    621
   289    621
   278    622
   279    622
   289    622
   290    622
   279    623
   280    623
   290    623
   291    623
   292    623
   280    624
   281    624
   292    624
   293    624
   281    625
   282    625
   293    625
   294    625
   282    626
   283    626
   294    626
   295    626
   296    626
   283    627
   284    627
   285    627
   296    627
   297    627
   285    628
   286    628
   297    628
   298    628
   286    629
   287    629
   298    629
   299    629
   300    629
   287    630
   288    630
   289    630
   300    630
   301    630
   289    631
   290    631
   301    631
   302    631
   303    631
   290    632
   291    632
   303    632
   304    632
   291    633
   292    633
   293    633
   304    633
   305    633
   293    634
   294    634
   305    634
   306    634
   307    634
   294    635
   295    635
   307    635
   308    635
   295    636
   296    636
   297    636
   308    636
   309    636
   310    636
   297    637
   298    637
   310    637
   311    637
   298    638
   299    638
   311    638
   312    638
   299    639
   300    639
   312    639
   313    639
   314    639
   300    640
   301    640
   302    640
   314    640
   315    640
   302    641
   303    641
   315    641
   316    641
   303    642
   304    642
   316    642
   317    642
   318    642
   304    643
   305    643
   318    643
   319    643
   305    644
   306    644
   307    644
   319    644
   320    644
   307    645
   308    645
   320    645
   321    645
   308    646
   309    646
   322    646
   323    646
   309    647
   310    647
   311    647
   323    647
   324    647
   311    648
   312    648
   324    648
   325    648
   326    648
   312    649
   313    649
   326    649
   327    649
   313    650
   314    650
   327    650
   328    650
   314    651
   315    651
   316    651
   328    651
   329    651
   330    651
   316    652
   317    652
   330    652
   331    652
   317    653
   318    653
   331    653
   332    653
   318    654
   319    654
   332    654
   333    654
   334    654
   319    655
   320    655
   334    655
   335    655
   321    656
   322    656
   335    656
   336    656
   322    657
   323    657
   336    657
   337    657
   323    658
   324    658
   337    658
   338    658
   339    658
   324    659
   325    659
   339    659
   340    659
   325    660
   326    660
   327    660
   340    660
   341    660
   342    660
   327    661
   328    661
   342    661
   343    661
   328    662
   329    662
   343    662
   344    662
   329    663
   330    663
   344    663
   345    663
   330    664
   331    664
   345    664
   346    664
   347    664
   331    665
   332    665
   347    665
   348    665
   332    666
   333    666
   348    666
   349    666
   333    667
   334    667
   335    667
   349    667
   350    667
   351    667
   335    668
   336    668
   351    668
   352    668
   336    669
   337    669
   352    669
   353    669
   337    670
   338    670
   353    670
   354    670
   338    671
   339    671
   354    671
   355    671
   339    672
   340    672
   355    672
   356    672
   357    672
   340    673
   341    673
   357    673
   358    673
   341    674
   342    674
   343    674
   358    674
   359    674
   343    675
   344    675
   359    675
   360    675
   361    675
   344    676
   345    676
   361    676
   362    676
   345    677
   346    677
   362    677
   363    677
   346    678
   347    678
   363    678
   364    678
   365    678
   347    679
   348    679
   365    679
   366    679
   348    680
   349    680
   366    680
   367    680
   349    681
   350    681
   351    681
   367    681
   368    681
   351    682
   352    682
   368    682
   369    682
   370    682
   352    683
   353    683
   370    683
   371    683
   353    684
   354    684
   371    684
   372    684
   354    685
   355    685
   356    685
   372    685
   373    685
   374    685
   356    686
   357    686
   374    686
   375    686
   357    687
   358    687
   375    687
   376    687
   358    688
   359    688
   360    688
   376    688
   377    688
   378    688
   360    689
   361    689
   378    689
   379    689
   361    690
   362    690
   379    690
   380    690
   362    691
   363    691
   380    691
   381    691
   382    691
   363    692
   364    692
   382    692
   383    692
   364    693
   365    693
   366    693
   383    693
   384    693
   385    693
   366    694
   367    694
   385    694
   386    694
   367    695
   368    695
   386    695
   387    695
   368    696
   369    696
   387    696
   388    696
   389    696
   369    697
   370    697
   371    697
   389    697
   390    697
   371    698
   372    698
   390    698
   391    698
   372    699
   373    699
   391    699
   392    699
   393    699
   373    700
   374    700
   375    700
   393    700
   394    700
   375    701
   376    701
   394    701
   395    701
   376    702
   377    702
   395    702
   396    702
   397    702
   377    703
   378    703
   397    703
   398    703
   378    704
   379    704
   380    704
   398    704
   399    704
   380    705
   381    705
   399    705
   400    705
   401    705
   381    706
   382    706
   401    706
   402    706
   382    707
   383    707
   384    707
   402    707
   403    707
   384    708
   385    708
   403    708
   404    708
   405    708
   385    709
   386    709
   405    709
   406    709
   386    710
   387    710
   406    710
   407    710
   387    711
   388    711
   407    711
   408    711
   409    711
   388    712
   389    712
   390    712
   409    712
   410    712
   390    713
   391    713
   410    713
   411    713
   391    714
   392    714
   411    714
   412    714
   413    714
   392    715
   393    715
   413    715
   414    715
   393    716
   394    716
   395    716
   414    716
   415    716
   395    717
   396    717
   415    717
   416    717
   396    718
   397    718
   416    718
   417    718
   418    718
   397    719
   398    719
   399    719
   418    719
   419    719
   420    719
   399    720
   400    720
   420    720
   421    720
   400    721
   401    721
   421    721
   422    721
   401    722
   402    722
   422    722
   423    722
   402    723
   403    723
   423    723
   424    723
   425    723
   403    724
   404    724
   405    724
   425    724
   426    724
   405    725
   406    725
   426    725
   427    725
   428    725
   406    726
   407    726
   428    726
   429    726
   407    727
   408    727
   429    727
   430    727
   408    728
   409    728
   410    728
   430    728
   431    728
   432    728
   410    729
   411    729
   432    729
   433    729
   411    730
   412    730
   433    730
   434    730
   435    730
   412    731
   413    731
   414    731
   435    731
   436    731
   414    732
   415    732
   415    733
   416    733
   416    734
   417    734
