   244    590
   244    591
   245    591
   246    591
   246    592
   247    592
   239    593
   247    593
   248    593
   239    594
   240    594
   248    594
   249    594
   241    595
   250    595
   253    597
   245    598
   246    599
   257    600
   249    601
   258    601
   249    602
   250    602
   259    602
   260    602
   250    603
   251    603
   252    603
   260    603
   261    603
   252    604
   253    604
   261    604
   262    604
   263    604
   253    605
   254    605
   263    605
   264    605
   254    606
   255    606
   264    606
   265    606
   255    607
   256    607
   257    607
   265    607
   266    607
   267    607
   257    608
   258    608
   267    608
   268    608
   258    609
   259    609
   260    609
   268    609
   269    609
   270    609
   260    610
   261    610
   270    610
   271    610
   261    611
   262    611
   271    611
   272    611
   273    611
   262    612
   263    612
   264    612
   273    612
   274    612
   264    613
   265    613
   274    613
   275    613
   276    613
   265    614
   266    614
   267    614
   276    614
   277    614
   267    615
   268    615
   277    615
   278    615
   279    615
   268    616
   269    616
   279    616
   280    616
   269    617
   270    617
   280    617
   281    617
   282    617
   270    618
   271    618
   272    618
   282    618
   283    618
   272    619
   273    619
   283    619
   284    619
   273    620
   274    620
   284    620
   285    620
   286    620
   274    621
   275    621
   286    621
   287    621
   275    622
   276    622
   277    622
   287    622
   288    622
   277    623
   278    623
   288    623
   289    623
   290    623
   278    624
   279    624
   290    624
   291    624
   279    625
   280    625
   291    625
   292    625
   280    626
   281    626
   282    626
   292    626
   293    626
   294    626
   282    627
   283    627
   294    627
   295    627
   283    628
   284    628
   295    628
   296    628
   284    629
   285    629
   296    629
   297    629
   298    629
   285    630
   286    630
   287    630
   298    630
   299    630
   287    631
   288    631
   299    631
   300    631
   301    631
   288    632
   289    632
   301    632
   302    632
   289    633
   290    633
   291    633
   302    633
   303    633
   291    634
   292    634
   303    634
   304    634
   305    634
   292    635
   293    635
   305    635
   306    635
   293    636
   294    636
   295    636
   306    636
   307    636
   308    636
   295    637
   296    637
   308    637
   309    637
   296    638
   297    638
   309    638
   310    638
   297    639
   298    639
   299    639
   310    639
   311    639
   312    639
   299    640
   300    640
   312    640
   313    640
   300    641
   301    641
   313    641
   314    641
   301    642
   302    642
   314    642
   315    642
   316    642
   302    643
   303    643
   304    643
   316    643
   317    643
   304    644
   305    644
   317    644
   318    644
   305    645
   306    645
   318    645
   319    645
   320    645
   306    646
   307    646
   320    646
   321    646
   307    647
   308    647
   309    647
   321    647
   322    647
   309    648
   310    648
   322    648
   323    648
   324    648
   310    649
   311    649
   312    649
   324    649
   325    649
   312    650
   313    650
   325    650
   326    650
   327    650
   313    651
   314    651
   327    651
   328    651
   314    652
   315    652
   328    652
   329    652
   315    653
   316    653
   317    653
   330    653
   331    653
   317    654
   318    654
   331    654
   332    654
   318    655
   319    655
   332    655
   333    655
   319    656
   320    656
   333    656
   334    656
   335    656
   320    657
   321    657
   335    657
   336    657
   321    658
   322    658
   323    658
   336    658
   337    658
   323    659
   324    659
   337    659
   338    659
   339    659
   324    660
   325    660
   339    660
   340    660
   325    661
   326    661
   340    661
   341    661
   326    662
   327    662
   341    662
   342    662
   343    662
   327    663
   328    663
   343    663
   344    663
   328    664
   329    664
   330    664
   344    664
   345    664
   330    665
   331    665
   345    665
   346    665
   347    665
   331    666
   332    666
   347    666
   348    666
   332    667
   333    667
   348    667
   349    667
   333    668
   334    668
   349    668
   350    668
   334    669
   335    669
   336    669
   350    669
   351    669
   336    670
   337    670
   351    670
   352    670
   353    670
   337    671
   338    671
   353    671
   354    671
   338    672
   339    672
   354    672
   355    672
   356    672
   339    673
   340    673
   356    673
   357    673
   340    674
   341    674
   357    674
   358    674
   341    675
   342    675
   358    675
   359    675
   342    676
   343    676
   359    676
   360    676
   361    676
   343    677
   344    677
   345    677
   361    677
   362    677
   345    678
   346    678
   362    678
   363    678
   364    678
   346    679
   347    679
   364    679
   365    679
   347    680
   348    680
   365    680
   366    680
   348    681
   349    681
   366    681
   367    681
   349    682
   350    682
   351    682
   367    682
   368    682
   351    683
   352    683
   368    683
   369    683
   370    683
   352    684
   353    684
   370    684
   371    684
   353    685
   354    685
   371    685
   372    685
   373    685
   354    686
   355    686
   356    686
   373    686
   374    686
   356    687
   357    687
   374    687
   375    687
   376    687
   357    688
   358    688
   359    688
   376    688
   377    688
   359    689
   360    689
   377    689
   378    689
   360    690
   361    690
   378    690
   379    690
   380    690
   361    691
   362    691
   380    691
   381    691
   362    692
   363    692
   381    692
   382    692
   363    693
   364    693
   382    693
   383    693
   384    693
   365    694
   366    694
   384    694
   385    694
   366    695
   367    695
   385    695
   386    695
   367    696
   368    696
   386    696
   387    696
   388    696
   368    697
   369    697
   370    697
   388    697
   389    697
   370    698
   371    698
   389    698
   390    698
   391    698
   371    699
   372    699
   391    699
   392    699
   372    700
   373    700
   374    700
   392    700
   393    700
   374    701
   375    701
   393    701
   394    701
   375    702
   376    702
   394    702
   395    702
   396    702
   376    703
   377    703
   378    703
   396    703
   397    703
   378    704
   379    704
   397    704
   398    704
   379    705
   380    705
   398    705
   399    705
   400    705
   380    706
   381    706
   382    706
   400    706
   401    706
   382    707
   383    707
   401    707
   402    707
   403    707
   383    708
   384    708
   403    708
   404    708
   384    709
   385    709
   404    709
   405    709
   385    710
   386    710
   406    710
   407    710
   386    711
   387    711
   388    711
   407    711
   408    711
   388    712
   389    712
   408    712
   409    712
   389    713
   390    713
   409    713
   410    713
   411    713
   390    714
   391    714
   392    714
   411    714
   412    714
   392    715
   393    715
   412    715
   413    715
   393    716
   394    716
   413    716
   414    716
   394    717
   395    717
   396    717
   414    717
   415    717
   416    717
   396    718
   397    718
   416    718
   417    718
   418    718
   397    719
   398    719
   418    719
   419    719
   398    720
   399    720
   419    720
   420    720
   399    721
   400    721
   420    721
   421    721
   400    722
   401    722
   402    722
   421    722
   422    722
   423    722
   402    723
   403    723
   423    723
   424    723
   403    724
   404    724
   424    724
   425    724
   426    724
   404    725
   405    725
   406    725
   426    725
   427    725
   406    726
   407    726
   427    726
   428    726
   429    726
   407    727
   408    727
   429    727
   430    727
   408    728
   409    728
   430    728
   431    728
   432    728
   409    729
   410    729
   432    729
   433    729
   411    730
   412    730
   433    730
   434    730
   412    731
   413    731
   434    731
   435    731
   436    731
   413    732
   414    732
   415    732
   436    732
   437    732
   415    733
   416    733
   416    734
   417    734
