   243    591
   243    592
   244    592
   235    593
   236    593
   237    593
   244    593
   245    593
   246    593
   237    594
   238    594
   246    594
   247    594
   238    595
   239    595
   239    596
   240    596
   240    597
   241    597
   241    598
   242    598
   243    598
   252    598
   243    599
   244    599
   253    599
   244    600
   245    600
   254    600
   255    600
   245    601
   246    601
   247    601
   255    601
   256    601
   247    602
   248    602
   257    602
   258    602
   248    603
   249    603
   258    603
   259    603
   249    604
   250    604
   259    604
   260    604
   261    604
   250    605
   251    605
   252    605
   261    605
   262    605
   252    606
   253    606
   262    606
   263    606
   253    607
   254    607
   255    607
   263    607
   264    607
   265    607
   255    608
   256    608
   265    608
   266    608
   256    609
   257    609
   266    609
   267    609
   268    609
   257    610
   258    610
   259    610
   268    610
   269    610
   259    611
   260    611
   269    611
   270    611
   271    611
   260    612
   261    612
   262    612
   271    612
   272    612
   262    613
   263    613
   272    613
   273    613
   274    613
   263    614
   264    614
   274    614
   275    614
   264    615
   265    615
   266    615
   275    615
   276    615
   277    615
   266    616
   267    616
   277    616
   278    616
   267    617
   268    617
   278    617
   279    617
   280    617
   268    618
   269    618
   270    618
   280    618
   281    618
   270    619
   271    619
   281    619
   282    619
   271    620
   272    620
   283    620
   284    620
   272    621
   273    621
   284    621
   285    621
   273    622
   274    622
   275    622
   285    622
   286    622
   275    623
   276    623
   286    623
   287    623
   288    623
   276    624
   277    624
   288    624
   289    624
   277    625
   278    625
   289    625
   290    625
   278    626
   279    626
   290    626
   291    626
   292    626
   279    627
   280    627
   281    627
   292    627
   293    627
   281    628
   282    628
   293    628
   294    628
   282    629
   283    629
   294    629
   295    629
   296    629
   283    630
   284    630
   285    630
   296    630
   297    630
   285    631
   286    631
   297    631
   298    631
   299    631
   286    632
   287    632
   288    632
   299    632
   300    632
   288    633
   289    633
   300    633
   301    633
   302    633
   289    634
   290    634
   302    634
   303    634
   290    635
   291    635
   292    635
   303    635
   304    635
   305    635
   292    636
   293    636
   305    636
   306    636
   293    637
   294    637
   306    637
   307    637
   294    638
   295    638
   296    638
   307    638
   308    638
   309    638
   296    639
   297    639
   309    639
   310    639
   297    640
   298    640
   310    640
   311    640
   298    641
   299    641
   311    641
   312    641
   313    641
   299    642
   300    642
   301    642
   313    642
   314    642
   301    643
   302    643
   314    643
   315    643
   302    644
   303    644
   315    644
   316    644
   317    644
   303    645
   304    645
   317    645
   318    645
   304    646
   305    646
   306    646
   318    646
   319    646
   306    647
   307    647
   319    647
   320    647
   321    647
   307    648
   308    648
   321    648
   322    648
   308    649
   309    649
   310    649
   322    649
   323    649
   324    649
   310    650
   311    650
   324    650
   325    650
   311    651
   312    651
   325    651
   326    651
   312    652
   313    652
   314    652
   326    652
   327    652
   328    652
   314    653
   315    653
   328    653
   329    653
   315    654
   316    654
   329    654
   330    654
   316    655
   317    655
   330    655
   331    655
   332    655
   317    656
   318    656
   319    656
   332    656
   333    656
   319    657
   320    657
   333    657
   334    657
   320    658
   321    658
   334    658
   335    658
   336    658
   321    659
   322    659
   336    659
   337    659
   322    660
   323    660
   337    660
   338    660
   323    661
   324    661
   325    661
   338    661
   339    661
   340    661
   325    662
   326    662
   340    662
   341    662
   326    663
   327    663
   341    663
   342    663
   327    664
   328    664
   342    664
   343    664
   344    664
   328    665
   329    665
   344    665
   345    665
   329    666
   330    666
   345    666
   346    666
   330    667
   331    667
   332    667
   346    667
   347    667
   348    667
   332    668
   333    668
   348    668
   349    668
   333    669
   334    669
   349    669
   350    669
   334    670
   335    670
   350    670
   351    670
   352    670
   335    671
   336    671
   352    671
   353    671
   336    672
   337    672
   353    672
   354    672
   337    673
   338    673
   339    673
   354    673
   355    673
   356    673
   339    674
   340    674
   356    674
   357    674
   340    675
   341    675
   357    675
   358    675
   341    676
   342    676
   358    676
   359    676
   360    676
   342    677
   343    677
   360    677
   361    677
   343    678
   344    678
   361    678
   362    678
   344    679
   345    679
   362    679
   363    679
   364    679
   346    680
   347    680
   364    680
   365    680
   347    681
   348    681
   365    681
   366    681
   348    682
   349    682
   366    682
   367    682
   349    683
   350    683
   351    683
   367    683
   368    683
   369    683
   351    684
   352    684
   369    684
   370    684
   352    685
   353    685
   370    685
   371    685
   372    685
   353    686
   354    686
   355    686
   372    686
   373    686
   355    687
   356    687
   373    687
   374    687
   356    688
   357    688
   358    688
   374    688
   375    688
   376    688
   358    689
   359    689
   376    689
   377    689
   359    690
   360    690
   377    690
   378    690
   379    690
   360    691
   361    691
   379    691
   380    691
   361    692
   362    692
   380    692
   381    692
   382    692
   382    693
   383    693
   383    694
   384    694
   384    695
   385    695
   386    695
   367    696
   386    696
   387    696
   368    697
   369    697
   387    697
   388    697
   369    698
   370    698
   388    698
   389    698
   390    698
   370    699
   371    699
   372    699
   390    699
   391    699
   372    700
   373    700
   391    700
   392    700
   373    701
   374    701
   392    701
   393    701
   394    701
   374    702
   375    702
   376    702
   394    702
   395    702
   376    703
   377    703
   395    703
   396    703
   377    704
   378    704
   396    704
   397    704
   398    704
   378    705
   379    705
   398    705
   399    705
   379    706
   380    706
   381    706
   399    706
   400    706
   401    706
   381    707
   382    707
   401    707
   402    707
   382    708
   383    708
   402    708
   403    708
   383    709
   384    709
   403    709
   404    709
   405    709
   384    710
   385    710
   386    710
   405    710
   406    710
   386    711
   387    711
   406    711
   407    711
   387    712
   388    712
   407    712
   408    712
   409    712
   388    713
   389    713
   390    713
   409    713
   410    713
   390    714
   391    714
   410    714
   411    714
   391    715
   392    715
   411    715
   412    715
   392    716
   393    716
   394    716
   412    716
   413    716
   414    716
   394    717
   395    717
   414    717
   415    717
   416    717
   395    718
   396    718
   416    718
   417    718
   396    719
   397    719
   417    719
   418    719
   397    720
   398    720
   399    720
   418    720
   419    720
   420    720
   399    721
   400    721
   420    721
   421    721
   400    722
   401    722
   421    722
   422    722
   423    722
   401    723
   402    723
   403    723
   423    723
   424    723
   403    724
   404    724
   424    724
   425    724
   404    725
   405    725
   425    725
   426    725
   427    725
   405    726
   406    726
   427    726
   428    726
   406    727
   407    727
   428    727
   429    727
   430    727
   408    728
   409    728
   430    728
   431    728
   409    729
   410    729
   431    729
   432    729
   433    729
   410    730
   411    730
   412    730
   433    730
   434    730
   412    731
   413    731
   434    731
   435    731
   413    732
   414    732
   436    732
   437    732
   414    733
   415    733
   437    733
   438    733
   415    734
   416    734
   438    734
   439    734
   440    734
