   294    592
   294    593
   295    593
   295    594
   296    594
   287    595
   288    595
   296    595
   297    595
   288    596
   289    596
   297    596
   298    596
   289    597
   290    597
   298    597
   299    597
   290    598
   291    598
   299    598
   300    598
   291    599
   292    599
   300    599
   301    599
   292    600
   293    600
   301    600
   302    600
   303    600
   293    601
   294    601
   303    601
   304    601
   294    602
   295    602
   304    602
   305    602
   295    603
   296    603
   305    603
   306    603
   296    604
   297    604
   306    604
   307    604
   297    605
   298    605
   307    605
   308    605
   298    606
   299    606
   308    606
   309    606
   299    607
   300    607
   309    607
   310    607
   300    608
   301    608
   310    608
   311    608
   301    609
   302    609
   311    609
   312    609
   313    609
   302    610
   303    610
   313    610
   314    610
   303    611
   304    611
   305    611
   314    611
   315    611
   305    612
   306    612
   315    612
   316    612
   306    613
   307    613
   316    613
   317    613
   318    613
   307    614
   308    614
   318    614
   319    614
   308    615
   309    615
   319    615
   320    615
   309    616
   310    616
   320    616
   321    616
   310    617
   311    617
   321    617
   322    617
   311    618
   312    618
   322    618
   323    618
   312    619
   313    619
   314    619
   323    619
   324    619
   325    619
   314    620
   315    620
   325    620
   326    620
   315    621
   316    621
   326    621
   327    621
   316    622
   317    622
   327    622
   328    622
   317    623
   328    623
   329    623
   318    624
   329    624
   330    624
   318    625
   319    625
   330    625
   331    625
   332    625
   319    626
   320    626
   332    626
   333    626
   320    627
   321    627
   333    627
   334    627
   321    628
   322    628
   334    628
   335    628
   322    629
   323    629
   335    629
   336    629
   323    630
   324    630
   336    630
   337    630
   324    631
   325    631
   337    631
   338    631
   325    632
   326    632
   338    632
   339    632
   326    633
   327    633
   339    633
   340    633
   327    634
   328    634
   340    634
   341    634
   342    634
   328    635
   329    635
   330    635
   342    635
   343    635
   330    636
   331    636
   343    636
   344    636
   331    637
   332    637
   344    637
   345    637
   332    638
   333    638
   345    638
   346    638
   333    639
   334    639
   346    639
   347    639
   334    640
   335    640
   347    640
   348    640
   335    641
   336    641
   348    641
   349    641
   350    641
   336    642
   337    642
   350    642
   351    642
   337    643
   338    643
   351    643
   352    643
   338    644
   339    644
   352    644
   353    644
   339    645
   340    645
   353    645
   354    645
   340    646
   341    646
   354    646
   355    646
   341    647
   342    647
   355    647
   356    647
   342    648
   343    648
   356    648
   357    648
   358    648
   343    649
   344    649
   358    649
   359    649
   344    650
   345    650
   359    650
   360    650
   345    651
   346    651
   360    651
   361    651
   346    652
   347    652
   361    652
   362    652
   347    653
   348    653
   362    653
   363    653
   348    654
   349    654
   350    654
   363    654
   364    654
   350    655
   351    655
   364    655
   365    655
   351    656
   352    656
   365    656
   366    656
   352    657
   353    657
   366    657
   367    657
   353    658
   354    658
   367    658
   368    658
   369    658
   354    659
   355    659
   369    659
   370    659
   355    660
   356    660
   370    660
   371    660
   356    661
   357    661
   371    661
   372    661
   357    662
   358    662
   372    662
   373    662
   358    663
   359    663
   373    663
   374    663
   359    664
   360    664
   374    664
   375    664
   360    665
   361    665
   375    665
   376    665
   361    666
   362    666
   376    666
   377    666
   362    667
   363    667
   377    667
   378    667
   363    668
   364    668
   378    668
   379    668
   364    669
   365    669
   379    669
   380    669
   365    670
   380    670
   381    670
   365    671
   366    671
   381    671
   382    671
   383    671
   366    672
   367    672
   383    672
   384    672
   367    673
   368    673
   384    673
   385    673
   368    674
   369    674
   385    674
   386    674
   369    675
   370    675
   386    675
   387    675
   370    676
   371    676
   387    676
   388    676
   371    677
   372    677
   388    677
   389    677
   372    678
   373    678
   389    678
   390    678
   373    679
   374    679
   390    679
   391    679
   374    680
   375    680
   391    680
   392    680
   375    681
   376    681
   392    681
   393    681
   376    682
   377    682
   393    682
   394    682
   377    683
   378    683
   394    683
   395    683
   378    684
   379    684
   395    684
   396    684
   379    685
   396    685
   397    685
   379    686
   380    686
   397    686
   398    686
   380    687
   381    687
   398    687
   399    687
   400    687
   381    688
   382    688
   400    688
   401    688
   382    689
   383    689
   401    689
   402    689
   383    690
   384    690
   402    690
   403    690
   384    691
   385    691
   403    691
   404    691
   385    692
   386    692
   404    692
   405    692
   386    693
   387    693
   405    693
   406    693
   387    694
   388    694
   406    694
   407    694
   388    695
   389    695
   407    695
   408    695
   389    696
   390    696
   408    696
   409    696
   390    697
   391    697
   409    697
   410    697
   391    698
   392    698
   410    698
   411    698
   392    699
   393    699
   411    699
   412    699
   393    700
   394    700
   412    700
   413    700
   414    700
   394    701
   395    701
   414    701
   415    701
   395    702
   396    702
   415    702
   416    702
   396    703
   397    703
   416    703
   417    703
   397    704
   398    704
   417    704
   418    704
   398    705
   399    705
   418    705
   419    705
   399    706
   400    706
   419    706
   420    706
   400    707
   401    707
   420    707
   421    707
   422    707
   401    708
   402    708
   422    708
   402    709
   403    709
   422    709
   423    709
   403    710
   404    710
   423    710
   424    710
   425    710
   404    711
   405    711
   425    711
   426    711
   405    712
   406    712
   407    712
   426    712
   427    712
   407    713
   408    713
   427    713
   428    713
   408    714
   409    714
   428    714
   429    714
   409    715
   410    715
   429    715
   430    715
   431    715
   410    716
   411    716
   431    716
   432    716
   411    717
   412    717
   432    717
   433    717
   412    718
   413    718
   433    718
   434    718
   413    719
   414    719
   434    719
   435    719
   414    720
   415    720
   435    720
   436    720
   415    721
   416    721
   436    721
   437    721
   416    722
   417    722
   437    722
   438    722
   417    723
   418    723
   418    724
   419    724
   419    725
