   880    548
   883    548
   886    548
   890    548
   880    549
   883    549
   886    549
   890    549
   879    550
   883    550
   887    550
   890    550
   876    551
   877    551
   878    551
   880    551
   881    551
   882    551
   883    551
   887    551
   888    551
   890    551
   882    552
   887    552
   888    552
   889    552
   882    553
   887    553
   880    554
   882    554
   887    554
   888    554
   889    554
   879    555
   880    555
   882    555
   886    555
   889    555
   890    555
   879    556
   882    556
   886    556
   879    557
   882    557
   886    557
   882    558
   886    558
   882    559
   886    559
   882    560
   886    560
   881    561
   886    561
   881    562
   886    562
   881    563
   886    563
   877    564
   881    564
   886    564
   877    565
   881    565
   885    565
   877    566
   880    566
   885    566
   877    567
   880    567
   885    567
   876    568
   880    568
   885    568
   876    569
   880    569
   885    569
   876    570
   880    570
   885    570
   876    571
   880    571
   885    571
   876    572
   879    572
   885    572
   876    573
   879    573
   885    573
   876    574
   879    574
   885    574
   879    575
   885    575
   879    576
   885    576
   879    577
   885    577
   879    578
   886    578
   879    579
   886    579
   879    580
   885    580
   879    581
   885    581
   890    581
   878    582
   885    582
   890    582
   872    583
   878    583
   885    583
   891    583
   898    583
   899    583
   865    584
   871    584
   872    584
   878    584
   885    584
   891    584
   896    584
   898    584
   900    584
   865    585
   871    585
   878    585
   885    585
   891    585
   897    585
   900    585
   864    586
   870    586
   878    586
   885    586
   891    586
   897    586
   901    586
   864    587
   870    587
   877    587
   884    587
   891    587
   898    587
   901    587
   861    588
   864    588
   870    588
   877    588
   884    588
   891    588
   898    588
   901    588
   860    589
   864    589
   869    589
   870    589
   877    589
   884    589
   891    589
   898    589
   901    589
   860    590
   864    590
   865    590
   866    590
   867    590
   868    590
   869    590
   877    590
   884    590
   891    590
   892    590
   893    590
   894    590
   895    590
   896    590
   897    590
   898    590
   901    590
   860    591
   877    591
   884    591
   901    591
   859    592
   877    592
   884    592
   898    592
   901    592
  1137    592
  1138    592
  1139    592
  1140    592
  1141    592
  1142    592
   859    593
   862    593
   863    593
   864    593
   865    593
   866    593
   867    593
   876    593
   884    593
   892    593
   893    593
   894    593
   895    593
   896    593
   897    593
   902    593
  1125    593
  1126    593
  1127    593
  1128    593
  1129    593
  1130    593
  1131    593
  1132    593
  1133    593
  1134    593
  1135    593
  1136    593
  1141    593
   858    594
   862    594
   867    594
   868    594
   876    594
   884    594
   891    594
   897    594
   898    594
   902    594
  1121    594
  1122    594
  1123    594
  1124    594
  1141    594
  1142    594
  1143    594
  1156    594
  1157    594
  1158    594
  1159    594
  1160    594
  1161    594
  1162    594
  1163    594
  1164    594
  1165    594
  1166    594
  1167    594
  1168    594
  1169    594
  1170    594
  1171    594
  1172    594
  1173    594
  1174    594
  1175    594
  1176    594
  1177    594
  1178    594
  1179    594
  1180    594
  1181    594
  1182    594
  1183    594
  1184    594
  1185    594
  1186    594
  1187    594
  1188    594
  1189    594
   644    595
   645    595
   646    595
   647    595
   648    595
   649    595
   650    595
   858    595
   861    595
   862    595
   868    595
   876    595
   884    595
   891    595
   898    595
   902    595
  1133    595
  1134    595
  1135    595
  1136    595
  1137    595
  1138    595
  1139    595
  1140    595
  1148    595
  1149    595
  1150    595
  1151    595
  1152    595
  1153    595
  1154    595
  1155    595
   637    596
   638    596
   639    596
   640    596
   641    596
   642    596
   643    596
   651    596
   652    596
   653    596
   654    596
   655    596
   656    596
   657    596
   857    596
   858    596
   861    596
   868    596
   876    596
   884    596
   891    596
   898    596
   902    596
  1107    596
  1108    596
  1111    596
  1112    596
  1113    596
  1114    596
  1115    596
  1116    596
  1117    596
  1118    596
  1119    596
  1120    596
  1121    596
  1122    596
  1123    596
  1124    596
  1125    596
  1126    596
  1127    596
  1128    596
  1129    596
  1130    596
  1131    596
  1132    596
  1146    596
  1147    596
  1148    596
  1149    596
  1163    596
  1164    596
  1165    596
  1166    596
  1167    596
  1168    596
   658    597
   659    597
   660    597
   661    597
   662    597
   663    597
   664    597
   665    597
   666    597
   857    597
   861    597
   868    597
   876    597
   883    597
   891    597
   899    597
   902    597
  1101    597
  1102    597
  1103    597
  1104    597
  1105    597
  1106    597
  1109    597
  1110    597
  1144    597
  1145    597
  1146    597
  1154    597
  1155    597
  1156    597
  1157    597
  1158    597
  1159    597
  1160    597
  1161    597
  1162    597
   667    598
   856    598
   857    598
   860    598
   868    598
   875    598
   883    598
   891    598
   899    598
   902    598
  1090    598
  1091    598
  1092    598
  1093    598
  1094    598
  1095    598
  1096    598
  1097    598
  1098    598
  1099    598
  1100    598
  1140    598
  1141    598
  1142    598
  1143    598
  1148    598
  1149    598
  1150    598
  1151    598
  1152    598
  1153    598
   856    599
   860    599
   867    599
   875    599
   883    599
   891    599
   899    599
   903    599
  1085    599
  1086    599
  1087    599
  1088    599
  1089    599
  1129    599
  1130    599
  1131    599
  1132    599
  1133    599
  1134    599
  1135    599
  1136    599
  1137    599
  1138    599
  1139    599
   856    600
   860    600
   867    600
   875    600
   883    600
   892    600
   899    600
   903    600
  1075    600
  1076    600
  1077    600
  1078    600
  1079    600
  1080    600
  1081    600
  1082    600
  1083    600
  1084    600
  1125    600
  1126    600
  1127    600
  1128    600
   856    601
   860    601
   861    601
   866    601
   867    601
   875    601
   883    601
   892    601
   899    601
   903    601
  1116    601
  1117    601
  1118    601
  1119    601
  1120    601
  1121    601
  1122    601
  1123    601
  1124    601
   640    602
   641    602
   642    602
   703    602
   704    602
   705    602
   706    602
   707    602
   708    602
   709    602
   710    602
   711    602
   855    602
   862    602
   863    602
   864    602
   865    602
   866    602
   875    602
   883    602
   892    602
   893    602
   894    602
   895    602
   896    602
   897    602
   898    602
   899    602
   903    602
  1054    602
  1055    602
  1056    602
  1057    602
  1058    602
  1059    602
  1060    602
  1061    602
  1109    602
  1110    602
  1111    602
  1112    602
  1113    602
  1114    602
  1115    602
   643    603
   644    603
   645    603
   646    603
   647    603
   648    603
   673    603
   674    603
   675    603
   676    603
   677    603
   678    603
   679    603
   680    603
   681    603
   697    603
   698    603
   712    603
   713    603
   714    603
   715    603
   716    603
   717    603
   718    603
   723    603
   724    603
   725    603
   726    603
   727    603
   728    603
   729    603
   730    603
   731    603
   855    603
   875    603
   883    603
   903    603
  1036    603
  1037    603
  1038    603
  1039    603
  1047    603
  1048    603
  1049    603
  1050    603
  1051    603
  1052    603
  1053    603
  1065    603
  1066    603
  1086    603
  1087    603
  1088    603
  1089    603
  1101    603
  1102    603
  1103    603
  1104    603
  1105    603
  1106    603
  1107    603
  1108    603
   649    604
   650    604
   651    604
   652    604
   653    604
   654    604
   665    604
   666    604
   667    604
   668    604
   669    604
   670    604
   671    604
   672    604
   673    604
   674    604
   682    604
   683    604
   684    604
   685    604
   686    604
   687    604
   688    604
   689    604
   699    604
   700    604
   701    604
   702    604
   703    604
   704    604
   719    604
   720    604
   721    604
   722    604
   723    604
   732    604
   733    604
   734    604
   735    604
   854    604
   855    604
   875    604
   883    604
   900    604
   903    604
  1029    604
  1030    604
  1031    604
  1032    604
  1033    604
  1034    604
  1035    604
  1040    604
  1041    604
  1042    604
  1043    604
  1044    604
  1045    604
  1046    604
  1060    604
  1061    604
  1062    604
  1063    604
  1064    604
  1065    604
  1079    604
  1080    604
  1081    604
  1082    604
  1083    604
  1084    604
  1085    604
  1089    604
  1090    604
  1091    604
  1092    604
  1093    604
  1094    604
  1095    604
  1096    604
  1097    604
  1098    604
  1099    604
  1100    604
  1111    604
  1112    604
  1113    604
  1114    604
   655    605
   656    605
   657    605
   658    605
   659    605
   660    605
   661    605
   690    605
   691    605
   692    605
   693    605
   694    605
   695    605
   696    605
   697    605
   705    605
   706    605
   707    605
   708    605
   709    605
   710    605
   711    605
   721    605
   726    605
   727    605
   728    605
   854    605
   858    605
   859    605
   860    605
   861    605
   862    605
   863    605
   864    605
   865    605
   875    605
   883    605
   893    605
   894    605
   895    605
   896    605
   897    605
   899    605
   903    605
  1023    605
  1024    605
  1025    605
  1026    605
  1027    605
  1028    605
  1054    605
  1055    605
  1056    605
  1057    605
  1058    605
  1059    605
  1060    605
  1068    605
  1069    605
  1070    605
  1071    605
  1072    605
  1073    605
  1074    605
  1075    605
  1076    605
  1077    605
  1078    605
  1088    605
  1103    605
  1104    605
  1105    605
  1106    605
  1107    605
  1108    605
  1109    605
  1110    605
   662    606
   663    606
   664    606
   665    606
   666    606
   667    606
   668    606
   669    606
   670    606
   671    606
   672    606
   673    606
   674    606
   675    606
   676    606
   677    606
   689    606
   698    606
   699    606
   700    606
   712    606
   713    606
   714    606
   715    606
   716    606
   721    606
   722    606
   723    606
   724    606
   725    606
   726    606
   729    606
   730    606
   731    606
   732    606
   733    606
   734    606
   854    606
   858    606
   865    606
   875    606
   883    606
   892    606
   893    606
   898    606
   899    606
   900    606
   903    606
  1018    606
  1019    606
  1020    606
  1021    606
  1022    606
  1031    606
  1032    606
  1033    606
  1034    606
  1035    606
  1036    606
  1037    606
  1038    606
  1039    606
  1040    606
  1041    606
  1042    606
  1048    606
  1049    606
  1050    606
  1051    606
  1052    606
  1053    606
  1087    606
  1088    606
  1089    606
  1090    606
  1091    606
  1092    606
  1097    606
  1098    606
  1099    606
  1100    606
  1101    606
  1102    606
   678    607
   679    607
   680    607
   681    607
   682    607
   683    607
   684    607
   687    607
   688    607
   689    607
   690    607
   691    607
   692    607
   693    607
   694    607
   695    607
   696    607
   697    607
   717    607
   718    607
   719    607
   720    607
   721    607
   722    607
   735    607
   736    607
   737    607
   738    607
   739    607
   740    607
   741    607
   853    607
   857    607
   866    607
   874    607
   883    607
   892    607
   900    607
   903    607
  1013    607
  1014    607
  1015    607
  1016    607
  1017    607
  1025    607
  1026    607
  1027    607
  1028    607
  1029    607
  1030    607
  1041    607
  1042    607
  1043    607
  1044    607
  1045    607
  1046    607
  1047    607
  1081    607
  1082    607
  1083    607
  1084    607
  1085    607
  1086    607
  1092    607
  1093    607
  1094    607
  1095    607
  1096    607
   685    608
   686    608
   693    608
   710    608
   711    608
   712    608
   713    608
   723    608
   724    608
   725    608
   742    608
   743    608
   744    608
   745    608
   746    608
   853    608
   857    608
   865    608
   874    608
   883    608
   892    608
   900    608
   903    608
  1008    608
  1009    608
  1010    608
  1011    608
  1012    608
  1020    608
  1021    608
  1022    608
  1023    608
  1024    608
  1039    608
  1040    608
  1070    608
  1073    608
  1074    608
  1075    608
  1076    608
  1077    608
  1078    608
  1079    608
  1080    608
   693    609
   694    609
   695    609
   696    609
   697    609
   698    609
   705    609
   706    609
   707    609
   708    609
   709    609
   716    609
   717    609
   718    609
   719    609
   747    609
   748    609
   749    609
   750    609
   751    609
   752    609
   853    609
   856    609
   865    609
   874    609
   883    609
   892    609
   900    609
  1015    609
  1016    609
  1017    609
  1018    609
  1019    609
  1035    609
  1036    609
  1037    609
  1038    609
  1045    609
  1046    609
  1047    609
  1048    609
  1049    609
  1065    609
  1066    609
  1067    609
  1068    609
  1069    609
  1070    609
   691    610
   692    610
   699    610
   700    610
   701    610
   702    610
   703    610
   710    610
   711    610
   712    610
   713    610
   714    610
   721    610
   722    610
   723    610
   724    610
   725    610
   753    610
   754    610
   755    610
   756    610
   757    610
   853    610
   856    610
   865    610
   874    610
   883    610
   892    610
   900    610
  1009    610
  1010    610
  1011    610
  1012    610
  1013    610
  1014    610
  1029    610
  1030    610
  1031    610
  1032    610
  1033    610
  1040    610
  1041    610
  1042    610
  1043    610
  1044    610
  1050    610
  1051    610
  1052    610
  1053    610
  1054    610
  1060    610
  1061    610
  1062    610
  1063    610
  1064    610
   693    611
   694    611
   695    611
   696    611
   704    611
   705    611
   706    611
   707    611
   708    611
   709    611
   715    611
   716    611
   717    611
   718    611
   719    611
   726    611
   727    611
   728    611
   729    611
   730    611
   748    611
   749    611
   750    611
   751    611
   758    611
   759    611
   760    611
   761    611
   852    611
   856    611
   865    611
   874    611
   883    611
   892    611
   901    611
  1004    611
  1005    611
  1006    611
  1007    611
  1008    611
  1015    611
  1016    611
  1017    611
  1024    611
  1025    611
  1026    611
  1027    611
  1028    611
  1035    611
  1036    611
  1037    611
  1038    611
  1039    611
  1045    611
  1046    611
  1047    611
  1048    611
  1049    611
  1056    611
  1057    611
  1058    611
  1059    611
   697    612
   698    612
   699    612
   700    612
   701    612
   702    612
   710    612
   711    612
   712    612
   713    612
   714    612
   720    612
   721    612
   722    612
   723    612
   724    612
   731    612
   732    612
   733    612
   734    612
   735    612
   743    612
   744    612
   745    612
   746    612
   752    612
   753    612
   754    612
   755    612
   762    612
   763    612
   764    612
   765    612
   766    612
   852    612
   856    612
   865    612
   873    612
   883    612
   892    612
   901    612
   999    612
  1000    612
  1001    612
  1002    612
  1003    612
  1019    612
  1020    612
  1021    612
  1022    612
  1023    612
  1030    612
  1031    612
  1032    612
  1033    612
  1034    612
  1040    612
  1041    612
  1042    612
  1043    612
  1044    612
  1051    612
  1052    612
  1053    612
  1054    612
  1055    612
   703    613
   704    613
   705    613
   706    613
   707    613
   715    613
   716    613
   717    613
   718    613
   725    613
   726    613
   727    613
   728    613
   729    613
   736    613
   737    613
   738    613
   739    613
   740    613
   747    613
   748    613
   749    613
   750    613
   751    613
   756    613
   757    613
   758    613
   759    613
   760    613
   767    613
   768    613
   769    613
   770    613
   771    613
   852    613
   855    613
   864    613
   873    613
   883    613
   892    613
   901    613
   985    613
   986    613
   987    613
   995    613
   996    613
   997    613
   998    613
  1005    613
  1006    613
  1007    613
  1008    613
  1015    613
  1016    613
  1017    613
  1018    613
  1026    613
  1027    613
  1028    613
  1029    613
  1036    613
  1037    613
  1038    613
  1039    613
  1046    613
  1047    613
  1048    613
  1049    613
  1050    613
   708    614
   709    614
   710    614
   711    614
   712    614
   719    614
   720    614
   721    614
   722    614
   723    614
   730    614
   731    614
   732    614
   733    614
   734    614
   741    614
   742    614
   743    614
   744    614
   752    614
   753    614
   754    614
   755    614
   761    614
   762    614
   763    614
   764    614
   772    614
   773    614
   774    614
   775    614
   852    614
   855    614
   864    614
   873    614
   883    614
   892    614
   901    614
   982    614
   983    614
   984    614
   991    614
   992    614
   993    614
   994    614
  1001    614
  1002    614
  1003    614
  1004    614
  1010    614
  1011    614
  1012    614
  1013    614
  1014    614
  1021    614
  1022    614
  1023    614
  1024    614
  1025    614
  1032    614
  1033    614
  1034    614
  1035    614
  1042    614
  1043    614
  1044    614
  1045    614
   713    615
   714    615
   715    615
   716    615
   724    615
   725    615
   726    615
   727    615
   728    615
   735    615
   736    615
   737    615
   738    615
   739    615
   745    615
   746    615
   747    615
   748    615
   755    615
   756    615
   757    615
   758    615
   759    615
   765    615
   766    615
   767    615
   768    615
   769    615
   776    615
   777    615
   778    615
   779    615
   780    615
   855    615
   864    615
   873    615
   883    615
   893    615
   901    615
   980    615
   985    615
   986    615
   987    615
   988    615
   989    615
   990    615
   996    615
   997    615
   998    615
   999    615
  1000    615
  1006    615
  1007    615
  1008    615
  1009    615
  1017    615
  1018    615
  1019    615
  1020    615
  1027    615
  1028    615
  1029    615
  1030    615
  1031    615
  1038    615
  1039    615
  1040    615
  1041    615
   729    616
   730    616
   731    616
   732    616
   740    616
   741    616
   742    616
   749    616
   750    616
   751    616
   752    616
   760    616
   761    616
   762    616
   763    616
   770    616
   771    616
   772    616
   773    616
   785    616
   786    616
   787    616
   788    616
   855    616
   863    616
   864    616
   873    616
   883    616
   893    616
   901    616
   905    616
   975    616
   976    616
   977    616
   978    616
   979    616
   981    616
   985    616
   992    616
   993    616
   994    616
   995    616
  1002    616
  1003    616
  1004    616
  1005    616
  1013    616
  1014    616
  1015    616
  1016    616
  1022    616
  1023    616
  1024    616
  1025    616
  1026    616
  1033    616
  1034    616
  1035    616
  1036    616
  1037    616
  1044    616
  1045    616
  1046    616
  1047    616
   733    617
   734    617
   735    617
   736    617
   737    617
   746    617
   753    617
   754    617
   755    617
   764    617
   765    617
   766    617
   767    617
   774    617
   775    617
   776    617
   777    617
   778    617
   779    617
   780    617
   781    617
   782    617
   783    617
   784    617
   789    617
   790    617
   791    617
   792    617
   855    617
   856    617
   857    617
   858    617
   859    617
   860    617
   861    617
   862    617
   863    617
   873    617
   883    617
   893    617
   894    617
   895    617
   896    617
   897    617
   898    617
   899    617
   900    617
   901    617
   905    617
   971    617
   972    617
   973    617
   974    617
   981    617
   982    617
   983    617
   984    617
   985    617
   986    617
   987    617
   988    617
   989    617
   990    617
   991    617
   998    617
   999    617
  1000    617
  1001    617
  1009    617
  1010    617
  1011    617
  1012    617
  1029    617
  1030    617
  1031    617
  1032    617
  1040    617
  1041    617
  1042    617
  1043    617
   738    618
   739    618
   740    618
   741    618
   742    618
   743    618
   744    618
   745    618
   746    618
   756    618
   757    618
   758    618
   759    618
   760    618
   768    618
   769    618
   770    618
   771    618
   793    618
   794    618
   795    618
   796    618
   797    618
   798    618
   873    618
   883    618
   905    618
   963    618
   964    618
   965    618
   966    618
   967    618
   968    618
   969    618
   970    618
   993    618
   994    618
   995    618
   996    618
   997    618
  1005    618
  1006    618
  1007    618
  1008    618
  1018    618
  1019    618
  1023    618
  1024    618
  1025    618
  1026    618
  1027    618
  1028    618
  1036    618
  1037    618
  1038    618
  1039    618
   761    619
   762    619
   763    619
   764    619
   772    619
   773    619
   774    619
   775    619
   776    619
   777    619
   799    619
   800    619
   801    619
   802    619
   803    619
   804    619
   805    619
   806    619
   807    619
   872    619
   883    619
   905    619
   989    619
   990    619
   991    619
   992    619
  1000    619
  1001    619
  1002    619
  1003    619
  1004    619
  1019    619
  1020    619
  1021    619
  1022    619
  1032    619
  1033    619
  1034    619
  1035    619
   736    620
   737    620
   738    620
   739    620
   740    620
   741    620
   742    620
   765    620
   766    620
   767    620
   768    620
   777    620
   778    620
   779    620
   780    620
   781    620
   872    620
   883    620
   905    620
   983    620
   984    620
   985    620
   986    620
   987    620
   988    620
   996    620
   997    620
   998    620
   999    620
  1027    620
  1028    620
  1029    620
  1030    620
  1031    620
   742    621
   743    621
   744    621
   745    621
   746    621
   769    621
   770    621
   771    621
   772    621
   782    621
   783    621
   784    621
   785    621
   795    621
   796    621
   797    621
   798    621
   799    621
   800    621
   801    621
   802    621
   803    621
   804    621
   805    621
   854    621
   872    621
   883    621
   893    621
   894    621
   895    621
   896    621
   897    621
   898    621
   899    621
   905    621
   960    621
   961    621
   962    621
   963    621
   964    621
   965    621
   966    621
   967    621
   968    621
   969    621
   970    621
   979    621
   980    621
   981    621
   982    621
   992    621
   993    621
   994    621
   995    621
  1019    621
  1020    621
  1021    621
  1022    621
  1023    621
  1024    621
  1025    621
  1026    621
   747    622
   748    622
   749    622
   757    622
   758    622
   759    622
   760    622
   761    622
   762    622
   763    622
   764    622
   765    622
   773    622
   774    622
   775    622
   776    622
   786    622
   787    622
   788    622
   806    622
   807    622
   808    622
   809    622
   851    622
   852    622
   853    622
   855    622
   856    622
   857    622
   858    622
   859    622
   860    622
   872    622
   883    622
   892    622
   893    622
   900    622
   901    622
   905    622
   956    622
   957    622
   958    622
   959    622
   966    622
   975    622
   976    622
   977    622
   978    622
   988    622
   989    622
   990    622
   991    622
   999    622
  1000    622
  1001    622
  1002    622
  1003    622
  1004    622
  1005    622
  1006    622
  1007    622
  1015    622
  1016    622
  1017    622
  1018    622
   750    623
   751    623
   752    623
   756    623
   757    623
   766    623
   767    623
   768    623
   769    623
   777    623
   778    623
   779    623
   780    623
   789    623
   790    623
   791    623
   792    623
   799    623
   800    623
   801    623
   802    623
   810    623
   811    623
   812    623
   813    623
   851    623
   860    623
   872    623
   883    623
   892    623
   901    623
   952    623
   953    623
   954    623
   955    623
   963    623
   964    623
   965    623
   972    623
   973    623
   974    623
   984    623
   985    623
   986    623
   987    623
   995    623
   996    623
   997    623
   998    623
  1007    623
  1008    623
  1012    623
  1013    623
  1014    623
   753    624
   754    624
   755    624
   760    624
   761    624
   762    624
   770    624
   771    624
   772    624
   781    624
   782    624
   783    624
   793    624
   794    624
   795    624
   803    624
   804    624
   805    624
   806    624
   814    624
   815    624
   816    624
   817    624
   850    624
   851    624
   860    624
   871    624
   882    624
   892    624
   902    624
   948    624
   949    624
   950    624
   951    624
   959    624
   960    624
   961    624
   962    624
   969    624
   970    624
   971    624
   981    624
   982    624
   983    624
   991    624
   992    624
   993    624
   994    624
  1002    624
  1003    624
  1004    624
  1009    624
  1010    624
  1011    624
   756    625
   757    625
   763    625
   764    625
   765    625
   773    625
   774    625
   775    625
   776    625
   784    625
   785    625
   786    625
   796    625
   797    625
   798    625
   799    625
   807    625
   808    625
   809    625
   818    625
   819    625
   820    625
   850    625
   860    625
   871    625
   882    625
   892    625
   902    625
   944    625
   945    625
   946    625
   947    625
   955    625
   956    625
   957    625
   958    625
   965    625
   966    625
   967    625
   968    625
   977    625
   978    625
   979    625
   980    625
   988    625
   989    625
   990    625
   998    625
   999    625
  1000    625
  1001    625
  1002    625
  1008    625
   758    626
   759    626
   760    626
   766    626
   767    626
   768    626
   769    626
   777    626
   778    626
   779    626
   787    626
   788    626
   789    626
   790    626
   800    626
   801    626
   802    626
   810    626
   811    626
   812    626
   813    626
   821    626
   822    626
   823    626
   849    626
   860    626
   871    626
   882    626
   892    626
   902    626
   941    626
   942    626
   943    626
   952    626
   953    626
   954    626
   961    626
   962    626
   963    626
   964    626
   974    626
   975    626
   976    626
   985    626
   986    626
   987    626
   995    626
   996    626
   997    626
  1005    626
  1006    626
  1007    626
   761    627
   762    627
   763    627
   770    627
   771    627
   772    627
   780    627
   781    627
   782    627
   791    627
   792    627
   793    627
   803    627
   804    627
   805    627
   814    627
   815    627
   824    627
   825    627
   826    627
   849    627
   859    627
   871    627
   882    627
   892    627
   902    627
   938    627
   939    627
   940    627
   948    627
   949    627
   950    627
   951    627
   958    627
   959    627
   960    627
   971    627
   972    627
   973    627
   981    627
   982    627
   983    627
   984    627
   992    627
   993    627
   994    627
  1001    627
  1002    627
  1003    627
  1004    627
   763    628
   764    628
   765    628
   766    628
   773    628
   774    628
   775    628
   783    628
   784    628
   785    628
   794    628
   795    628
   796    628
   806    628
   807    628
   808    628
   816    628
   817    628
   818    628
   827    628
   828    628
   829    628
   849    628
   859    628
   871    628
   882    628
   892    628
   902    628
   934    628
   935    628
   936    628
   937    628
   945    628
   946    628
   947    628
   955    628
   956    628
   957    628
   968    628
   969    628
   970    628
   978    628
   979    628
   980    628
   989    628
   990    628
   991    628
   998    628
   999    628
  1000    628
   767    629
   768    629
   769    629
   776    629
   777    629
   786    629
   787    629
   788    629
   797    629
   798    629
   799    629
   809    629
   810    629
   811    629
   819    629
   820    629
   821    629
   830    629
   831    629
   832    629
   848    629
   859    629
   871    629
   882    629
   892    629
   902    629
   931    629
   932    629
   933    629
   942    629
   943    629
   944    629
   952    629
   953    629
   954    629
   964    629
   965    629
   966    629
   967    629
   975    629
   976    629
   977    629
   986    629
   987    629
   988    629
   995    629
   996    629
   997    629
   770    630
   771    630
   772    630
   778    630
   779    630
   780    630
   789    630
   790    630
   791    630
   800    630
   801    630
   812    630
   813    630
   814    630
   822    630
   823    630
   824    630
   833    630
   834    630
   835    630
   848    630
   858    630
   870    630
   882    630
   892    630
   903    630
   928    630
   929    630
   930    630
   939    630
   940    630
   941    630
   948    630
   949    630
   950    630
   951    630
   961    630
   962    630
   963    630
   972    630
   973    630
   974    630
   983    630
   984    630
   985    630
   992    630
   993    630
   994    630
   773    631
   774    631
   781    631
   782    631
   791    631
   792    631
   793    631
   802    631
   803    631
   804    631
   815    631
   816    631
   817    631
   825    631
   826    631
   827    631
   836    631
   837    631
   838    631
   839    631
   848    631
   858    631
   870    631
   882    631
   892    631
   903    631
   925    631
   926    631
   927    631
   936    631
   937    631
   938    631
   945    631
   946    631
   947    631
   958    631
   959    631
   960    631
   969    631
   970    631
   971    631
   981    631
   982    631
   988    631
   989    631
   990    631
   991    631
   775    632
   776    632
   777    632
   783    632
   784    632
   785    632
   793    632
   794    632
   795    632
   796    632
   805    632
   806    632
   807    632
   818    632
   819    632
   820    632
   828    632
   829    632
   830    632
   840    632
   841    632
   842    632
   843    632
   847    632
   858    632
   870    632
   882    632
   892    632
   903    632
   922    632
   923    632
   924    632
   933    632
   934    632
   935    632
   942    632
   943    632
   944    632
   956    632
   957    632
   967    632
   968    632
   978    632
   979    632
   980    632
   986    632
   987    632
   777    633
   778    633
   779    633
   785    633
   786    633
   787    633
   796    633
   797    633
   798    633
   808    633
   809    633
   821    633
   822    633
   823    633
   831    633
   832    633
   843    633
   844    633
   845    633
   846    633
   847    633
   858    633
   870    633
   882    633
   892    633
   903    633
   919    633
   920    633
   921    633
   930    633
   931    633
   932    633
   940    633
   941    633
   953    633
   954    633
   955    633
   964    633
   965    633
   966    633
   975    633
   976    633
   977    633
   983    633
   984    633
   985    633
   780    634
   781    634
   787    634
   788    634
   798    634
   799    634
   800    634
   809    634
   810    634
   811    634
   823    634
   824    634
   825    634
   833    634
   834    634
   835    634
   857    634
   870    634
   881    634
   892    634
   903    634
   915    634
   916    634
   917    634
   918    634
   927    634
   928    634
   929    634
   937    634
   938    634
   939    634
   951    634
   952    634
   961    634
   962    634
   963    634
   973    634
   974    634
   980    634
   981    634
   982    634
   782    635
   783    635
   788    635
   789    635
   790    635
   800    635
   801    635
   811    635
   812    635
   813    635
   814    635
   825    635
   826    635
   827    635
   835    635
   836    635
   837    635
   857    635
   870    635
   881    635
   893    635
   904    635
   913    635
   914    635
   924    635
   925    635
   926    635
   934    635
   935    635
   936    635
   948    635
   949    635
   950    635
   958    635
   959    635
   960    635
   961    635
   970    635
   971    635
   972    635
   978    635
   979    635
   784    636
   785    636
   790    636
   791    636
   792    636
   801    636
   802    636
   803    636
   814    636
   815    636
   816    636
   827    636
   828    636
   829    636
   838    636
   839    636
   857    636
   870    636
   881    636
   893    636
   904    636
   908    636
   909    636
   910    636
   911    636
   922    636
   923    636
   931    636
   932    636
   933    636
   945    636
   946    636
   947    636
   956    636
   957    636
   958    636
   967    636
   968    636
   969    636
   786    637
   787    637
   792    637
   793    637
   803    637
   804    637
   805    637
   806    637
   816    637
   817    637
   829    637
   830    637
   831    637
   840    637
   841    637
   856    637
   857    637
   870    637
   881    637
   893    637
   903    637
   919    637
   920    637
   921    637
   929    637
   930    637
   942    637
   943    637
   944    637
   953    637
   954    637
   955    637
   956    637
   966    637
   967    637
   787    638
   788    638
   789    638
   794    638
   795    638
   805    638
   817    638
   818    638
   819    638
   831    638
   832    638
   833    638
   842    638
   843    638
   844    638
   845    638
   846    638
   847    638
   848    638
   849    638
   850    638
   851    638
   852    638
   853    638
   854    638
   855    638
   856    638
   869    638
   881    638
   893    638
   894    638
   895    638
   896    638
   897    638
   898    638
   899    638
   900    638
   901    638
   902    638
   903    638
   908    638
   910    638
   911    638
   912    638
   913    638
   914    638
   915    638
   916    638
   917    638
   918    638
   926    638
   927    638
   928    638
   940    638
   941    638
   963    638
   964    638
   965    638
   789    639
   790    639
   795    639
   796    639
   797    639
   798    639
   799    639
   800    639
   801    639
   802    639
   803    639
   804    639
   805    639
   806    639
   819    639
   820    639
   821    639
   833    639
   834    639
   835    639
   869    639
   881    639
   906    639
   907    639
   908    639
   909    639
   924    639
   925    639
   937    639
   938    639
   939    639
   953    639
   954    639
   955    639
   956    639
   957    639
   958    639
   959    639
   960    639
   961    639
   962    639
   790    640
   791    640
   792    640
   821    640
   822    640
   823    640
   835    640
   836    640
   869    640
   881    640
   921    640
   922    640
   923    640
   935    640
   936    640
   937    640
   792    641
   793    641
   794    641
   823    641
   824    641
   836    641
   837    641
   838    641
   869    641
   882    641
   918    641
   919    641
   920    641
   921    641
   933    641
   934    641
   935    641
   794    642
   795    642
   796    642
   825    642
   826    642
   838    642
   839    642
   840    642
   869    642
   882    642
   916    642
   917    642
   918    642
   931    642
   932    642
   933    642
   826    643
   827    643
   840    643
   841    643
   869    643
   882    643
   914    643
   915    643
   916    643
   929    643
   930    643
   931    643
   828    644
   829    644
   841    644
   842    644
   869    644
   882    644
   912    644
   913    644
   914    644
   926    644
   927    644
   928    644
   964    644
   829    645
   830    645
   843    645
   844    645
   869    645
   882    645
   910    645
   911    645
   912    645
   925    645
   926    645
   938    645
   939    645
   940    645
   807    646
   808    646
   809    646
   810    646
   811    646
   812    646
   813    646
   814    646
   815    646
   816    646
   817    646
   818    646
   830    646
   831    646
   844    646
   845    646
   869    646
   882    646
   907    646
   908    646
   909    646
   923    646
   924    646
   925    646
   934    646
   935    646
   936    646
   937    646
   941    646
   942    646
   943    646
   944    646
   945    646
   946    646
   818    647
   819    647
   820    647
   831    647
   832    647
   833    647
   845    647
   846    647
   847    647
   868    647
   882    647
   906    647
   907    647
   921    647
   922    647
   923    647
   933    647
   934    647
   807    648
   808    648
   820    648
   821    648
   833    648
   834    648
   847    648
   848    648
   868    648
   881    648
   904    648
   905    648
   906    648
   919    648
   920    648
   921    648
   931    648
   932    648
   933    648
   945    648
   946    648
   947    648
   808    649
   809    649
   810    649
   821    649
   822    649
   834    649
   835    649
   848    649
   849    649
   868    649
   881    649
   902    649
   903    649
   904    649
   917    649
   918    649
   919    649
   929    649
   930    649
   931    649
   943    649
   944    649
   945    649
   810    650
   811    650
   822    650
   823    650
   835    650
   836    650
   849    650
   850    650
   868    650
   881    650
   900    650
   901    650
   902    650
   916    650
   917    650
   928    650
   929    650
   942    650
   943    650
   811    651
   812    651
   823    651
   824    651
   825    651
   836    651
   837    651
   850    651
   851    651
   868    651
   881    651
   899    651
   900    651
   914    651
   915    651
   916    651
   926    651
   927    651
   928    651
   940    651
   941    651
   942    651
   812    652
   813    652
   825    652
   826    652
   837    652
   838    652
   851    652
   852    652
   868    652
   881    652
   897    652
   898    652
   899    652
   912    652
   913    652
   914    652
   925    652
   926    652
   939    652
   940    652
   813    653
   814    653
   826    653
   827    653
   838    653
   839    653
   852    653
   853    653
   868    653
   881    653
   896    653
   897    653
   911    653
   912    653
   923    653
   924    653
   925    653
   937    653
   938    653
   939    653
   814    654
   827    654
   839    654
   840    654
   853    654
   854    654
   867    654
   881    654
   895    654
   896    654
   910    654
   911    654
   922    654
   923    654
   936    654
   937    654
   814    655
   815    655
   827    655
   828    655
   840    655
   841    655
   854    655
   855    655
   867    655
   881    655
   893    655
   894    655
   895    655
   908    655
   909    655
   910    655
   921    655
   922    655
   935    655
   936    655
   815    656
   816    656
   828    656
   829    656
   841    656
   842    656
   855    656
   856    656
   867    656
   881    656
   892    656
   893    656
   907    656
   908    656
   920    656
   921    656
   934    656
   935    656
   816    657
   817    657
   829    657
   830    657
   842    657
   843    657
   856    657
   857    657
   867    657
   881    657
   891    657
   892    657
   905    657
   906    657
   907    657
   919    657
   920    657
   933    657
   934    657
   817    658
   830    658
   843    658
   844    658
   857    658
   858    658
   867    658
   881    658
   890    658
   891    658
   904    658
   905    658
   918    658
   919    658
   932    658
   933    658
   817    659
   818    659
   830    659
   831    659
   844    659
   845    659
   858    659
   859    659
   867    659
   881    659
   888    659
   889    659
   890    659
   903    659
   904    659
   917    659
   918    659
   930    659
   931    659
   932    659
   818    660
   831    660
   832    660
   845    660
   846    660
   859    660
   860    660
   867    660
   881    660
   887    660
   888    660
   902    660
   903    660
   916    660
   917    660
   929    660
   930    660
   818    661
   819    661
   832    661
   846    661
   847    661
   860    661
   861    661
   867    661
   881    661
   886    661
   887    661
   901    661
   902    661
   915    661
   916    661
   928    661
   929    661
   819    662
   832    662
   833    662
   847    662
   861    662
   862    662
   866    662
   881    662
   885    662
   886    662
   900    662
   901    662
   914    662
   915    662
   928    662
   819    663
   820    663
   833    663
   834    663
   847    663
   848    663
   862    663
   863    663
   866    663
   881    663
   884    663
   885    663
   899    663
   900    663
   913    663
   914    663
   927    663
   928    663
   820    664
   834    664
   848    664
   849    664
   863    664
   866    664
   881    664
   883    664
   884    664
   898    664
   899    664
   912    664
   913    664
   926    664
   927    664
   820    665
   834    665
   835    665
   849    665
   850    665
   863    665
   864    665
   866    665
   881    665
   882    665
   883    665
   897    665
   898    665
   911    665
   912    665
   925    665
   926    665
   821    666
   835    666
   850    666
   864    666
   865    666
   866    666
   897    666
   910    666
   911    666
   924    666
   925    666
   821    667
   835    667
   836    667
   850    667
   851    667
   896    667
   897    667
   910    667
   924    667
   821    668
   836    668
   851    668
   852    668
   895    668
   896    668
   909    668
   910    668
   924    668
   822    669
   836    669
   837    669
   852    669
   894    669
   895    669
   908    669
   909    669
   923    669
   822    670
   837    670
   852    670
   853    670
   894    670
   907    670
   908    670
   923    670
   822    671
   837    671
   853    671
   854    671
   893    671
   894    671
   907    671
   922    671
   923    671
   822    672
   838    672
   854    672
   892    672
   893    672
   906    672
   922    672
   822    673
   823    673
   838    673
   854    673
   855    673
   892    673
   906    673
   921    673
   922    673
   823    674
   837    674
   838    674
   855    674
   891    674
   892    674
   906    674
   907    674
   908    674
   919    674
   920    674
   921    674
   823    675
   824    675
   825    675
   826    675
   827    675
   828    675
   829    675
   830    675
   831    675
   832    675
   833    675
   834    675
   835    675
   836    675
   855    675
   890    675
   891    675
   909    675
   910    675
   911    675
   912    675
   913    675
   914    675
   915    675
   916    675
   917    675
   918    675
   856    676
   890    676
   856    677
   889    677
   890    677
   856    678
   889    678
   857    679
   888    679
   889    679
   857    680
   888    680
   857    681
   887    681
   888    681
   857    682
   886    682
   887    682
   857    683
   886    683
   857    684
   885    684
   886    684
   857    685
   885    685
   858    686
   884    686
   885    686
   827    687
   828    687
   829    687
   830    687
   831    687
   832    687
   833    687
   834    687
   835    687
   836    687
   837    687
   838    687
   839    687
   840    687
   841    687
   858    687
   884    687
   895    687
   896    687
   897    687
   898    687
   899    687
   900    687
   901    687
   902    687
   903    687
   904    687
   905    687
   906    687
   907    687
   908    687
   909    687
   910    687
   911    687
   912    687
   826    688
   827    688
   841    688
   842    688
   858    688
   884    688
   895    688
   912    688
   913    688
   921    688
   826    689
   842    689
   858    689
   884    689
   895    689
   913    689
   921    689
   826    690
   842    690
   859    690
   883    690
   895    690
   913    690
   921    690
   825    691
   842    691
   859    691
   883    691
   896    691
   913    691
   921    691
   825    692
   842    692
   859    692
   883    692
   896    692
   914    692
   921    692
   825    693
   842    693
   859    693
   882    693
   896    693
   914    693
   921    693
   825    694
   841    694
   859    694
   882    694
   896    694
   914    694
   921    694
   824    695
   841    695
   859    695
   882    695
   896    695
   914    695
   921    695
   824    696
   841    696
   859    696
   882    696
   896    696
   914    696
   922    696
   824    697
   840    697
   859    697
   881    697
   897    697
   915    697
   922    697
   824    698
   839    698
   840    698
   859    698
   881    698
   897    698
   915    698
   922    698
   824    699
   839    699
   859    699
   881    699
   897    699
   915    699
   922    699
   823    700
   839    700
   859    700
   881    700
   897    700
   915    700
   823    701
   838    701
   858    701
   880    701
   897    701
   916    701
   823    702
   838    702
   858    702
   880    702
   897    702
   916    702
   823    703
   838    703
   858    703
   880    703
   897    703
   916    703
   822    704
   839    704
   859    704
   880    704
   898    704
   916    704
   822    705
   839    705
   859    705
   880    705
   898    705
   917    705
   822    706
   839    706
   860    706
   880    706
   898    706
   917    706
   821    707
   839    707
   860    707
   880    707
   898    707
   917    707
   821    708
   839    708
   860    708
   880    708
   898    708
   918    708
   820    709
   839    709
   860    709
   879    709
   898    709
   918    709
   820    710
   839    710
   860    710
   879    710
   899    710
   918    710
   820    711
   838    711
   860    711
   880    711
   899    711
   919    711
   820    712
   838    712
   860    712
   880    712
   899    712
   919    712
   819    713
   838    713
   860    713
   880    713
   899    713
   919    713
   819    714
   838    714
   860    714
   880    714
   899    714
   919    714
   819    715
   838    715
   860    715
   880    715
   899    715
   920    715
   818    716
   838    716
   860    716
   880    716
   899    716
   920    716
   818    717
   837    717
   859    717
   880    717
   899    717
   920    717
   818    718
   837    718
   859    718
   880    718
   899    718
   920    718
   817    719
   837    719
   859    719
   880    719
   899    719
   920    719
   817    720
   837    720
   859    720
   880    720
   900    720
   920    720
   817    721
   837    721
   859    721
   880    721
   900    721
   921    721
   816    722
   837    722
   859    722
   880    722
   900    722
   921    722
   816    723
   836    723
   859    723
   880    723
   900    723
   921    723
   816    724
   836    724
   858    724
   880    724
   900    724
   922    724
   815    725
   836    725
   858    725
   880    725
   900    725
   922    725
   815    726
   836    726
   858    726
   880    726
   900    726
   922    726
   815    727
   836    727
   858    727
   880    727
   900    727
   922    727
   814    728
   835    728
   857    728
   880    728
   900    728
   923    728
   814    729
   835    729
   857    729
   880    729
   900    729
   923    729
   814    730
   835    730
   857    730
   880    730
   900    730
   923    730
   834    731
   880    731
   900    731
   923    731
   880    732
   900    732
   923    732
   923    733
   923    734
   923    735
