   885    545
   888    545
   891    545
   882    546
   885    546
   888    546
   891    546
   882    547
   885    547
   888    547
   891    547
   882    548
   885    548
   888    548
   891    548
   882    549
   885    549
   888    549
   891    549
   881    550
   884    550
   888    550
   891    550
   880    551
   884    551
   888    551
   889    551
   892    551
   893    551
   881    552
   882    552
   883    552
   884    552
   889    552
   890    552
   891    552
   894    552
   895    552
   880    553
   884    553
   888    553
   896    553
   897    553
   881    554
   882    554
   883    554
   888    554
   889    554
   881    555
   883    555
   888    555
   890    555
   891    555
   880    556
   884    556
   888    556
   884    557
   888    557
   883    558
   888    558
   883    559
   888    559
   883    560
   887    560
   883    561
   887    561
   883    562
   887    562
   882    563
   887    563
   882    564
   887    564
   882    565
   887    565
   882    566
   887    566
   882    567
   887    567
   881    568
   887    568
   881    569
   886    569
   881    570
   886    570
   881    571
   886    571
   881    572
   886    572
   881    573
   886    573
   880    574
   886    574
   880    575
   886    575
   880    576
   886    576
   880    577
   886    577
   880    578
   887    578
   880    579
   887    579
   891    579
   880    580
   887    580
   891    580
   880    581
   887    581
   892    581
   880    582
   887    582
   892    582
   879    583
   886    583
   892    583
   879    584
   886    584
   892    584
   879    585
   886    585
   892    585
   895    585
   896    585
   897    585
   899    585
   900    585
   901    585
   879    586
   886    586
   892    586
   897    586
   898    586
   901    586
   879    587
   886    587
   892    587
   899    587
   902    587
   862    588
   865    588
   871    588
   879    588
   886    588
   892    588
   899    588
   902    588
   862    589
   865    589
   871    589
   878    589
   885    589
   892    589
   899    589
   902    589
   861    590
   864    590
   870    590
   878    590
   885    590
   892    590
   899    590
   902    590
   861    591
   865    591
   870    591
   878    591
   885    591
   893    591
   899    591
   902    591
   861    592
   865    592
   866    592
   867    592
   868    592
   869    592
   878    592
   885    592
   893    592
   894    592
   895    592
   896    592
   897    592
   898    592
   899    592
   902    592
   863    593
   878    593
   885    593
   902    593
   618    594
   619    594
   620    594
   621    594
   622    594
   623    594
   624    594
   625    594
   626    594
   627    594
   628    594
   629    594
   863    594
   877    594
   885    594
   902    594
  1138    594
  1139    594
  1140    594
  1141    594
  1142    594
  1143    594
  1144    594
  1145    594
  1146    594
  1147    594
  1148    594
  1149    594
  1153    594
  1154    594
  1155    594
  1156    594
  1157    594
  1158    594
   630    595
   631    595
   632    595
   633    595
   634    595
   635    595
   636    595
   637    595
   638    595
   639    595
   640    595
   862    595
   863    595
   864    595
   865    595
   866    595
   867    595
   868    595
   869    595
   877    595
   885    595
   892    595
   893    595
   894    595
   895    595
   896    595
   897    595
   898    595
   899    595
   902    595
  1125    595
  1126    595
  1127    595
  1128    595
  1129    595
  1130    595
  1131    595
  1132    595
  1133    595
  1134    595
  1135    595
  1136    595
  1137    595
  1151    595
  1152    595
  1170    595
  1171    595
  1172    595
  1173    595
  1193    595
  1194    595
  1195    595
   618    596
   619    596
   620    596
   621    596
   622    596
   623    596
   862    596
   869    596
   877    596
   885    596
   892    596
   899    596
  1145    596
  1146    596
  1147    596
  1148    596
  1149    596
  1150    596
  1160    596
  1161    596
  1162    596
  1163    596
  1164    596
  1165    596
  1166    596
  1167    596
  1168    596
  1169    596
  1174    596
  1175    596
  1176    596
  1177    596
  1178    596
  1179    596
  1180    596
  1181    596
  1182    596
  1183    596
  1184    596
  1185    596
  1186    596
  1187    596
  1188    596
  1189    596
  1190    596
  1191    596
  1192    596
   624    597
   625    597
   626    597
   627    597
   628    597
   629    597
   630    597
   631    597
   632    597
   633    597
   640    597
   641    597
   642    597
   643    597
   644    597
   645    597
   646    597
   862    597
   869    597
   877    597
   885    597
   892    597
   899    597
  1126    597
  1135    597
  1136    597
  1137    597
  1138    597
  1139    597
  1140    597
  1141    597
  1142    597
  1143    597
  1144    597
  1154    597
  1155    597
  1156    597
  1157    597
  1158    597
  1159    597
   634    598
   635    598
   636    598
   637    598
   638    598
   639    598
   647    598
   648    598
   649    598
   650    598
   651    598
   652    598
   653    598
   654    598
   655    598
   656    598
   861    598
   869    598
   877    598
   885    598
   892    598
   900    598
  1111    598
  1112    598
  1113    598
  1114    598
  1115    598
  1116    598
  1117    598
  1118    598
  1119    598
  1120    598
  1121    598
  1122    598
  1123    598
  1124    598
  1125    598
  1126    598
  1127    598
  1128    598
  1129    598
  1130    598
  1131    598
  1132    598
  1133    598
  1134    598
  1152    598
  1153    598
  1154    598
  1167    598
  1168    598
  1169    598
  1170    598
  1171    598
  1172    598
  1173    598
  1174    598
  1175    598
  1176    598
   657    599
   658    599
   659    599
   660    599
   661    599
   662    599
   663    599
   664    599
   665    599
   666    599
   858    599
   861    599
   868    599
   876    599
   885    599
   892    599
   900    599
  1101    599
  1102    599
  1103    599
  1104    599
  1105    599
  1106    599
  1107    599
  1108    599
  1109    599
  1110    599
  1151    599
  1152    599
  1156    599
  1157    599
  1158    599
  1159    599
  1160    599
  1161    599
  1162    599
  1163    599
  1164    599
  1165    599
  1166    599
   667    600
   668    600
   669    600
   670    600
   671    600
   672    600
   673    600
   674    600
   857    600
   861    600
   868    600
   876    600
   884    600
   892    600
   900    600
  1094    600
  1095    600
  1096    600
  1097    600
  1098    600
  1099    600
  1100    600
  1145    600
  1146    600
  1147    600
  1148    600
  1149    600
  1150    600
   675    601
   676    601
   677    601
   678    601
   679    601
   680    601
   681    601
   682    601
   857    601
   860    601
   868    601
   876    601
   884    601
   893    601
   901    601
  1089    601
  1090    601
  1091    601
  1092    601
  1093    601
  1139    601
  1140    601
  1141    601
  1142    601
  1143    601
  1144    601
   683    602
   684    602
   685    602
   686    602
   687    602
   688    602
   689    602
   690    602
   857    602
   860    602
   868    602
   876    602
   884    602
   893    602
   901    602
  1085    602
  1086    602
  1087    602
  1088    602
  1131    602
  1132    602
  1133    602
  1134    602
  1135    602
  1136    602
  1137    602
  1138    602
   639    603
   640    603
   641    603
   642    603
   643    603
   644    603
   645    603
   691    603
   692    603
   693    603
   694    603
   695    603
   696    603
   856    603
   860    603
   861    603
   867    603
   868    603
   876    603
   884    603
   893    603
   900    603
  1071    603
  1072    603
  1073    603
  1074    603
  1075    603
  1076    603
  1077    603
  1078    603
  1079    603
  1080    603
  1081    603
  1082    603
  1083    603
  1084    603
  1124    603
  1125    603
  1126    603
  1127    603
  1128    603
  1129    603
  1130    603
   629    604
   630    604
   631    604
   632    604
   633    604
   634    604
   635    604
   636    604
   637    604
   646    604
   647    604
   648    604
   649    604
   650    604
   651    604
   701    604
   702    604
   703    604
   704    604
   705    604
   706    604
   707    604
   708    604
   856    604
   862    604
   863    604
   864    604
   865    604
   866    604
   867    604
   876    604
   884    604
   893    604
   894    604
   895    604
   896    604
   897    604
   898    604
   899    604
   900    604
  1060    604
  1061    604
  1062    604
  1063    604
  1064    604
  1065    604
  1070    604
  1115    604
  1116    604
  1117    604
  1118    604
  1119    604
  1120    604
  1121    604
  1122    604
  1123    604
   638    605
   639    605
   640    605
   641    605
   642    605
   643    605
   644    605
   652    605
   653    605
   654    605
   655    605
   656    605
   657    605
   668    605
   669    605
   670    605
   671    605
   672    605
   673    605
   674    605
   675    605
   709    605
   710    605
   711    605
   712    605
   713    605
   714    605
   715    605
   721    605
   722    605
   723    605
   724    605
   725    605
   855    605
   876    605
   884    605
  1052    605
  1053    605
  1054    605
  1055    605
  1056    605
  1057    605
  1058    605
  1059    605
  1064    605
  1093    605
  1094    605
  1095    605
  1108    605
  1109    605
  1110    605
  1111    605
  1112    605
  1113    605
  1114    605
   645    606
   646    606
   647    606
   648    606
   649    606
   650    606
   658    606
   659    606
   660    606
   661    606
   662    606
   663    606
   664    606
   665    606
   666    606
   667    606
   668    606
   669    606
   676    606
   677    606
   678    606
   679    606
   680    606
   681    606
   682    606
   683    606
   695    606
   696    606
   697    606
   698    606
   699    606
   716    606
   717    606
   718    606
   719    606
   720    606
   726    606
   727    606
   728    606
   729    606
   730    606
   731    606
   855    606
   876    606
   884    606
  1037    606
  1038    606
  1039    606
  1040    606
  1041    606
  1042    606
  1043    606
  1044    606
  1045    606
  1046    606
  1047    606
  1048    606
  1049    606
  1050    606
  1051    606
  1066    606
  1067    606
  1068    606
  1069    606
  1070    606
  1071    606
  1072    606
  1086    606
  1087    606
  1088    606
  1089    606
  1090    606
  1091    606
  1092    606
  1096    606
  1097    606
  1098    606
  1099    606
  1100    606
  1101    606
  1102    606
  1103    606
  1104    606
  1105    606
  1106    606
  1107    606
   651    607
   652    607
   653    607
   654    607
   655    607
   684    607
   685    607
   686    607
   687    607
   688    607
   689    607
   690    607
   691    607
   692    607
   699    607
   700    607
   701    607
   702    607
   703    607
   704    607
   705    607
   706    607
   855    607
   858    607
   859    607
   860    607
   861    607
   862    607
   863    607
   864    607
   865    607
   875    607
   884    607
   895    607
   896    607
   897    607
   898    607
  1061    607
  1062    607
  1063    607
  1064    607
  1065    607
  1066    607
  1067    607
  1075    607
  1076    607
  1077    607
  1078    607
  1079    607
  1080    607
  1081    607
  1082    607
  1083    607
  1084    607
  1085    607
  1100    607
  1101    607
   656    608
   657    608
   658    608
   659    608
   660    608
   661    608
   662    608
   663    608
   664    608
   665    608
   666    608
   667    608
   668    608
   669    608
   670    608
   671    608
   672    608
   693    608
   694    608
   695    608
   696    608
   697    608
   707    608
   708    608
   709    608
   710    608
   711    608
   718    608
   719    608
   720    608
   721    608
   722    608
   723    608
   724    608
   725    608
   726    608
   727    608
   728    608
   729    608
   854    608
   858    608
   865    608
   866    608
   875    608
   884    608
   893    608
   894    608
   899    608
   900    608
   901    608
  1039    608
  1040    608
  1041    608
  1042    608
  1043    608
  1044    608
  1045    608
  1046    608
  1047    608
  1055    608
  1056    608
  1057    608
  1058    608
  1059    608
  1060    608
  1096    608
  1097    608
  1098    608
  1104    608
  1105    608
  1106    608
  1107    608
  1108    608
  1109    608
   673    609
   674    609
   675    609
   676    609
   677    609
   684    609
   685    609
   686    609
   687    609
   688    609
   689    609
   690    609
   691    609
   692    609
   698    609
   699    609
   700    609
   701    609
   702    609
   712    609
   713    609
   714    609
   715    609
   716    609
   717    609
   730    609
   731    609
   732    609
   733    609
   734    609
   735    609
   854    609
   858    609
   866    609
   875    609
   884    609
   893    609
   901    609
  1033    609
  1034    609
  1035    609
  1036    609
  1037    609
  1038    609
  1047    609
  1048    609
  1049    609
  1050    609
  1051    609
  1052    609
  1053    609
  1054    609
  1089    609
  1090    609
  1091    609
  1092    609
  1093    609
  1094    609
  1095    609
  1096    609
  1097    609
  1098    609
  1099    609
  1100    609
  1101    609
  1102    609
  1103    609
   678    610
   679    610
   680    610
   681    610
   682    610
   683    610
   684    610
   693    610
   694    610
   695    610
   696    610
   697    610
   704    610
   705    610
   706    610
   707    610
   708    610
   718    610
   719    610
   720    610
   736    610
   737    610
   738    610
   739    610
   740    610
   741    610
   854    610
   857    610
   866    610
   875    610
   884    610
   893    610
   901    610
  1027    610
  1028    610
  1029    610
  1030    610
  1031    610
  1032    610
  1080    610
  1081    610
  1082    610
  1083    610
  1084    610
  1085    610
  1086    610
  1087    610
  1088    610
   689    611
   690    611
   691    611
   692    611
   698    611
   699    611
   700    611
   701    611
   702    611
   703    611
   709    611
   710    611
   711    611
   712    611
   713    611
   714    611
   731    611
   732    611
   733    611
   734    611
   742    611
   743    611
   744    611
   745    611
   746    611
   853    611
   857    611
   866    611
   875    611
   884    611
   893    611
   902    611
  1021    611
  1022    611
  1023    611
  1024    611
  1025    611
  1026    611
  1042    611
  1043    611
  1044    611
  1045    611
  1053    611
  1054    611
  1055    611
  1056    611
  1057    611
  1073    611
  1074    611
  1075    611
  1076    611
   693    612
   694    612
   695    612
   696    612
   697    612
   704    612
   705    612
   706    612
   707    612
   708    612
   715    612
   716    612
   717    612
   718    612
   719    612
   726    612
   727    612
   728    612
   729    612
   730    612
   747    612
   748    612
   749    612
   750    612
   751    612
   752    612
   853    612
   857    612
   866    612
   875    612
   884    612
   893    612
   902    612
  1017    612
  1018    612
  1019    612
  1020    612
  1027    612
  1028    612
  1029    612
  1030    612
  1037    612
  1038    612
  1039    612
  1040    612
  1041    612
  1047    612
  1048    612
  1049    612
  1050    612
  1051    612
  1058    612
  1059    612
  1060    612
  1061    612
  1068    612
  1069    612
  1070    612
  1071    612
  1072    612
   698    613
   699    613
   700    613
   701    613
   702    613
   703    613
   709    613
   710    613
   711    613
   712    613
   713    613
   720    613
   721    613
   722    613
   723    613
   724    613
   731    613
   732    613
   733    613
   734    613
   735    613
   742    613
   743    613
   744    613
   745    613
   753    613
   754    613
   755    613
   756    613
   853    613
   856    613
   865    613
   874    613
   884    613
   893    613
   902    613
  1011    613
  1012    613
  1013    613
  1014    613
  1015    613
  1016    613
  1032    613
  1033    613
  1034    613
  1035    613
  1036    613
  1043    613
  1044    613
  1045    613
  1046    613
  1053    613
  1054    613
  1055    613
  1056    613
  1057    613
  1064    613
  1065    613
  1066    613
  1067    613
   704    614
   705    614
   706    614
   707    614
   714    614
   715    614
   716    614
   717    614
   718    614
   725    614
   726    614
   727    614
   728    614
   729    614
   737    614
   738    614
   739    614
   740    614
   746    614
   747    614
   748    614
   749    614
   750    614
   757    614
   758    614
   759    614
   760    614
   761    614
   856    614
   865    614
   874    614
   884    614
   893    614
   902    614
  1007    614
  1008    614
  1009    614
  1010    614
  1017    614
  1018    614
  1019    614
  1020    614
  1027    614
  1028    614
  1029    614
  1030    614
  1031    614
  1038    614
  1039    614
  1040    614
  1041    614
  1042    614
  1048    614
  1049    614
  1050    614
  1051    614
  1052    614
  1059    614
  1060    614
  1061    614
  1062    614
  1063    614
   708    615
   709    615
   710    615
   711    615
   712    615
   719    615
   720    615
   721    615
   722    615
   730    615
   731    615
   732    615
   733    615
   734    615
   741    615
   742    615
   743    615
   744    615
   745    615
   751    615
   752    615
   753    615
   754    615
   762    615
   763    615
   764    615
   765    615
   856    615
   865    615
   874    615
   884    615
   893    615
   902    615
   991    615
   992    615
   993    615
   994    615
  1002    615
  1003    615
  1004    615
  1005    615
  1006    615
  1012    615
  1013    615
  1014    615
  1015    615
  1016    615
  1023    615
  1024    615
  1025    615
  1026    615
  1034    615
  1035    615
  1036    615
  1037    615
  1044    615
  1045    615
  1046    615
  1047    615
  1055    615
  1056    615
  1057    615
  1058    615
   713    616
   714    616
   715    616
   716    616
   717    616
   723    616
   724    616
   725    616
   726    616
   727    616
   735    616
   736    616
   737    616
   738    616
   746    616
   747    616
   748    616
   749    616
   755    616
   756    616
   757    616
   758    616
   759    616
   766    616
   767    616
   768    616
   769    616
   770    616
   855    616
   865    616
   874    616
   884    616
   893    616
   902    616
   988    616
   989    616
   990    616
   998    616
   999    616
  1000    616
  1001    616
  1008    616
  1009    616
  1010    616
  1011    616
  1018    616
  1019    616
  1020    616
  1021    616
  1022    616
  1029    616
  1030    616
  1031    616
  1032    616
  1033    616
  1040    616
  1041    616
  1042    616
  1043    616
  1050    616
  1051    616
  1052    616
  1053    616
  1054    616
   718    617
   719    617
   720    617
   721    617
   728    617
   729    617
   730    617
   731    617
   739    617
   740    617
   741    617
   742    617
   750    617
   751    617
   752    617
   753    617
   760    617
   761    617
   762    617
   763    617
   771    617
   772    617
   773    617
   774    617
   855    617
   864    617
   874    617
   884    617
   893    617
   903    617
   985    617
   986    617
   987    617
   994    617
   995    617
   996    617
   997    617
  1004    617
  1005    617
  1006    617
  1007    617
  1014    617
  1015    617
  1016    617
  1017    617
  1025    617
  1026    617
  1027    617
  1028    617
  1036    617
  1037    617
  1038    617
  1039    617
  1046    617
  1047    617
  1048    617
  1049    617
  1057    617
  1058    617
  1059    617
  1060    617
   722    618
   723    618
   724    618
   725    618
   732    618
   733    618
   734    618
   735    618
   736    618
   737    618
   743    618
   744    618
   745    618
   746    618
   754    618
   755    618
   756    618
   757    618
   764    618
   765    618
   766    618
   767    618
   775    618
   776    618
   777    618
   855    618
   864    618
   874    618
   884    618
   894    618
   903    618
   983    618
   984    618
   988    618
   989    618
   990    618
   991    618
   992    618
   993    618
  1000    618
  1001    618
  1002    618
  1003    618
  1010    618
  1011    618
  1012    618
  1013    618
  1021    618
  1022    618
  1023    618
  1024    618
  1031    618
  1032    618
  1033    618
  1034    618
  1035    618
  1042    618
  1043    618
  1044    618
  1045    618
  1052    618
  1053    618
  1054    618
  1055    618
  1056    618
   726    619
   727    619
   728    619
   729    619
   730    619
   737    619
   738    619
   739    619
   740    619
   747    619
   748    619
   749    619
   750    619
   758    619
   759    619
   760    619
   761    619
   768    619
   769    619
   770    619
   771    619
   782    619
   783    619
   784    619
   785    619
   786    619
   787    619
   855    619
   863    619
   864    619
   873    619
   884    619
   894    619
   895    619
   902    619
   979    619
   980    619
   981    619
   982    619
   985    619
   988    619
   995    619
   996    619
   997    619
   998    619
   999    619
  1005    619
  1006    619
  1007    619
  1008    619
  1009    619
  1017    619
  1018    619
  1019    619
  1020    619
  1027    619
  1028    619
  1029    619
  1030    619
  1038    619
  1039    619
  1040    619
  1041    619
  1048    619
  1049    619
  1050    619
  1051    619
   731    620
   732    620
   733    620
   734    620
   743    620
   751    620
   752    620
   753    620
   762    620
   763    620
   764    620
   765    620
   772    620
   773    620
   774    620
   775    620
   776    620
   777    620
   778    620
   779    620
   780    620
   781    620
   782    620
   788    620
   789    620
   790    620
   791    620
   855    620
   856    620
   857    620
   858    620
   859    620
   860    620
   861    620
   862    620
   863    620
   873    620
   884    620
   895    620
   896    620
   897    620
   898    620
   899    620
   900    620
   901    620
   902    620
   974    620
   975    620
   976    620
   977    620
   978    620
   985    620
   986    620
   987    620
   988    620
   989    620
   990    620
   991    620
   992    620
   993    620
   994    620
  1001    620
  1002    620
  1003    620
  1004    620
  1013    620
  1014    620
  1015    620
  1016    620
  1034    620
  1035    620
  1036    620
  1037    620
  1044    620
  1045    620
  1046    620
  1047    620
   735    621
   736    621
   737    621
   738    621
   739    621
   740    621
   741    621
   742    621
   743    621
   754    621
   755    621
   756    621
   757    621
   766    621
   767    621
   768    621
   769    621
   792    621
   793    621
   794    621
   795    621
   796    621
   797    621
   873    621
   884    621
   968    621
   969    621
   970    621
   971    621
   972    621
   973    621
   997    621
   998    621
   999    621
  1000    621
  1009    621
  1010    621
  1011    621
  1012    621
  1022    621
  1023    621
  1024    621
  1027    621
  1028    621
  1029    621
  1030    621
  1031    621
  1032    621
  1033    621
  1040    621
  1041    621
  1042    621
  1043    621
   758    622
   759    622
   760    622
   761    622
   770    622
   771    622
   772    622
   773    622
   798    622
   799    622
   800    622
   801    622
   802    622
   803    622
   804    622
   805    622
   873    622
   884    622
   962    622
   963    622
   964    622
   965    622
   966    622
   967    622
   968    622
   993    622
   994    622
   995    622
   996    622
  1005    622
  1006    622
  1007    622
  1008    622
  1021    622
  1022    622
  1023    622
  1024    622
  1025    622
  1026    622
  1036    622
  1037    622
  1038    622
  1039    622
   733    623
   734    623
   735    623
   736    623
   737    623
   738    623
   739    623
   740    623
   762    623
   763    623
   764    623
   765    623
   774    623
   775    623
   776    623
   777    623
   778    623
   873    623
   884    623
   957    623
   958    623
   959    623
   960    623
   961    623
   988    623
   989    623
   990    623
   991    623
   992    623
  1000    623
  1001    623
  1002    623
  1003    623
  1004    623
  1017    623
  1018    623
  1019    623
  1020    623
  1032    623
  1033    623
  1034    623
  1035    623
   740    624
   741    624
   742    624
   743    624
   766    624
   767    624
   768    624
   769    624
   779    624
   780    624
   781    624
   782    624
   793    624
   794    624
   795    624
   796    624
   797    624
   798    624
   799    624
   800    624
   801    624
   802    624
   854    624
   856    624
   857    624
   873    624
   883    624
   895    624
   896    624
   897    624
   898    624
   899    624
   900    624
   953    624
   954    624
   955    624
   956    624
   964    624
   965    624
   966    624
   967    624
   968    624
   969    624
   970    624
   971    624
   972    624
   973    624
   974    624
   984    624
   985    624
   986    624
   987    624
   996    624
   997    624
   998    624
   999    624
  1016    624
  1026    624
  1027    624
  1028    624
  1029    624
  1030    624
  1031    624
   744    625
   745    625
   754    625
   755    625
   756    625
   757    625
   758    625
   759    625
   760    625
   761    625
   770    625
   771    625
   772    625
   773    625
   783    625
   784    625
   785    625
   793    625
   803    625
   804    625
   805    625
   806    625
   851    625
   852    625
   853    625
   855    625
   858    625
   859    625
   860    625
   873    625
   883    625
   893    625
   894    625
   901    625
   902    625
   903    625
   950    625
   951    625
   952    625
   960    625
   961    625
   962    625
   963    625
   980    625
   981    625
   982    625
   983    625
   993    625
   994    625
   995    625
  1004    625
  1005    625
  1006    625
  1007    625
  1008    625
  1009    625
  1010    625
  1011    625
  1022    625
  1023    625
  1024    625
  1025    625
   746    626
   747    626
   748    626
   753    626
   754    626
   762    626
   763    626
   764    626
   765    626
   774    626
   775    626
   776    626
   786    626
   787    626
   788    626
   789    626
   797    626
   798    626
   799    626
   807    626
   808    626
   809    626
   810    626
   850    626
   851    626
   860    626
   872    626
   883    626
   893    626
   903    626
   946    626
   947    626
   948    626
   949    626
   956    626
   957    626
   958    626
   959    626
   966    626
   967    626
   968    626
   969    626
   976    626
   977    626
   978    626
   979    626
   989    626
   990    626
   991    626
   992    626
  1000    626
  1001    626
  1002    626
  1003    626
  1011    626
  1012    626
  1018    626
  1019    626
  1020    626
  1021    626
   749    627
   750    627
   751    627
   766    627
   767    627
   768    627
   769    627
   777    627
   778    627
   779    627
   780    627
   790    627
   791    627
   792    627
   800    627
   801    627
   802    627
   803    627
   811    627
   812    627
   813    627
   814    627
   850    627
   860    627
   872    627
   883    627
   893    627
   903    627
   942    627
   943    627
   944    627
   945    627
   952    627
   953    627
   954    627
   955    627
   963    627
   964    627
   965    627
   966    627
   973    627
   974    627
   975    627
   986    627
   987    627
   988    627
   997    627
   998    627
   999    627
  1012    627
  1015    627
  1016    627
  1017    627
   752    628
   753    628
   758    628
   759    628
   760    628
   761    628
   770    628
   771    628
   772    628
   781    628
   782    628
   783    628
   793    628
   794    628
   795    628
   796    628
   804    628
   805    628
   806    628
   815    628
   816    628
   817    628
   850    628
   860    628
   872    628
   883    628
   893    628
   903    628
   939    628
   940    628
   941    628
   949    628
   950    628
   951    628
   960    628
   961    628
   962    628
   970    628
   971    628
   972    628
   982    628
   983    628
   984    628
   985    628
   993    628
   994    628
   995    628
   996    628
  1004    628
  1005    628
  1006    628
  1007    628
  1008    628
  1013    628
  1014    628
   754    629
   755    629
   756    629
   762    629
   763    629
   764    629
   773    629
   774    629
   775    629
   784    629
   785    629
   786    629
   797    629
   798    629
   799    629
   807    629
   808    629
   809    629
   818    629
   819    629
   820    629
   849    629
   860    629
   872    629
   883    629
   893    629
   903    629
   936    629
   937    629
   938    629
   945    629
   946    629
   947    629
   948    629
   956    629
   957    629
   958    629
   959    629
   966    629
   967    629
   968    629
   969    629
   979    629
   980    629
   981    629
   990    629
   991    629
   992    629
  1001    629
  1002    629
  1003    629
  1010    629
  1011    629
  1012    629
   757    630
   758    630
   765    630
   766    630
   767    630
   776    630
   777    630
   778    630
   787    630
   788    630
   789    630
   800    630
   801    630
   802    630
   810    630
   811    630
   812    630
   821    630
   822    630
   823    630
   849    630
   859    630
   872    630
   883    630
   893    630
   903    630
   932    630
   933    630
   934    630
   935    630
   942    630
   943    630
   944    630
   953    630
   954    630
   955    630
   963    630
   964    630
   965    630
   976    630
   977    630
   978    630
   987    630
   988    630
   989    630
   998    630
   999    630
  1000    630
  1007    630
  1008    630
  1009    630
   759    631
   760    631
   761    631
   768    631
   769    631
   770    631
   779    631
   780    631
   781    631
   790    631
   791    631
   792    631
   803    631
   804    631
   805    631
   813    631
   814    631
   815    631
   824    631
   825    631
   826    631
   827    631
   859    631
   871    631
   883    631
   893    631
   904    631
   929    631
   930    631
   931    631
   939    631
   940    631
   941    631
   949    631
   950    631
   951    631
   952    631
   960    631
   961    631
   962    631
   973    631
   974    631
   975    631
   984    631
   985    631
   986    631
   995    631
   996    631
   997    631
  1004    631
  1005    631
  1006    631
   762    632
   763    632
   764    632
   765    632
   771    632
   772    632
   773    632
   782    632
   783    632
   784    632
   793    632
   794    632
   795    632
   806    632
   807    632
   808    632
   816    632
   817    632
   818    632
   828    632
   829    632
   848    632
   859    632
   871    632
   883    632
   893    632
   904    632
   926    632
   927    632
   928    632
   935    632
   936    632
   937    632
   938    632
   946    632
   947    632
   948    632
   957    632
   958    632
   959    632
   970    632
   971    632
   972    632
   981    632
   982    632
   983    632
   992    632
   993    632
   994    632
  1001    632
  1002    632
  1003    632
   765    633
   766    633
   767    633
   774    633
   775    633
   785    633
   786    633
   787    633
   796    633
   797    633
   809    633
   810    633
   811    633
   819    633
   820    633
   821    633
   830    633
   831    633
   832    633
   833    633
   848    633
   858    633
   871    633
   882    633
   893    633
   904    633
   923    633
   924    633
   925    633
   932    633
   933    633
   934    633
   943    633
   944    633
   945    633
   953    633
   954    633
   955    633
   956    633
   967    633
   968    633
   969    633
   978    633
   979    633
   980    633
   990    633
   991    633
   998    633
   999    633
  1000    633
   768    634
   769    634
   770    634
   776    634
   777    634
   778    634
   787    634
   788    634
   789    634
   798    634
   799    634
   800    634
   812    634
   813    634
   814    634
   822    634
   823    634
   824    634
   834    634
   835    634
   836    634
   843    634
   847    634
   858    634
   871    634
   882    634
   893    634
   904    634
   922    634
   929    634
   930    634
   931    634
   941    634
   942    634
   950    634
   951    634
   952    634
   964    634
   965    634
   966    634
   975    634
   976    634
   977    634
   987    634
   988    634
   989    634
   995    634
   996    634
   997    634
   771    635
   772    635
   778    635
   779    635
   780    635
   789    635
   790    635
   791    635
   801    635
   802    635
   815    635
   816    635
   825    635
   826    635
   827    635
   837    635
   838    635
   847    635
   858    635
   871    635
   882    635
   893    635
   904    635
   926    635
   927    635
   928    635
   938    635
   939    635
   940    635
   948    635
   949    635
   961    635
   962    635
   963    635
   972    635
   973    635
   974    635
   984    635
   985    635
   986    635
   992    635
   993    635
   994    635
   773    636
   774    636
   775    636
   780    636
   781    636
   782    636
   791    636
   792    636
   793    636
   794    636
   803    636
   804    636
   805    636
   817    636
   818    636
   819    636
   828    636
   829    636
   839    636
   840    636
   841    636
   842    636
   843    636
   846    636
   847    636
   858    636
   870    636
   882    636
   893    636
   904    636
   923    636
   924    636
   925    636
   935    636
   936    636
   937    636
   945    636
   946    636
   947    636
   959    636
   960    636
   970    636
   971    636
   982    636
   983    636
   990    636
   991    636
   992    636
   775    637
   776    637
   777    637
   782    637
   783    637
   784    637
   794    637
   795    637
   796    637
   805    637
   806    637
   807    637
   820    637
   821    637
   830    637
   831    637
   832    637
   843    637
   844    637
   845    637
   846    637
   858    637
   870    637
   882    637
   893    637
   905    637
   920    637
   921    637
   922    637
   932    637
   933    637
   934    637
   942    637
   943    637
   944    637
   956    637
   957    637
   958    637
   967    637
   968    637
   969    637
   979    637
   980    637
   981    637
   987    637
   988    637
   989    637
   777    638
   778    638
   779    638
   784    638
   785    638
   786    638
   796    638
   797    638
   807    638
   808    638
   809    638
   822    638
   823    638
   824    638
   832    638
   833    638
   834    638
   857    638
   870    638
   882    638
   893    638
   905    638
   911    638
   918    638
   919    638
   930    638
   931    638
   939    638
   940    638
   941    638
   954    638
   955    638
   964    638
   965    638
   966    638
   977    638
   978    638
   985    638
   986    638
   987    638
   786    639
   787    639
   797    639
   798    639
   799    639
   810    639
   811    639
   812    639
   824    639
   825    639
   826    639
   834    639
   835    639
   836    639
   857    639
   870    639
   882    639
   894    639
   905    639
   915    639
   916    639
   917    639
   927    639
   928    639
   929    639
   937    639
   938    639
   951    639
   952    639
   953    639
   962    639
   963    639
   964    639
   975    639
   976    639
   982    639
   983    639
   984    639
   787    640
   788    640
   789    640
   799    640
   800    640
   801    640
   812    640
   813    640
   826    640
   827    640
   828    640
   837    640
   838    640
   857    640
   870    640
   882    640
   894    640
   905    640
   910    640
   911    640
   912    640
   913    640
   914    640
   924    640
   925    640
   926    640
   934    640
   935    640
   936    640
   948    640
   949    640
   950    640
   960    640
   961    640
   962    640
   972    640
   973    640
   974    640
   980    640
   981    640
   789    641
   790    641
   791    641
   801    641
   802    641
   803    641
   813    641
   814    641
   815    641
   828    641
   829    641
   838    641
   839    641
   840    641
   856    641
   857    641
   870    641
   882    641
   894    641
   905    641
   908    641
   909    641
   910    641
   922    641
   923    641
   932    641
   933    641
   946    641
   947    641
   957    641
   958    641
   959    641
   960    641
   969    641
   970    641
   971    641
   978    641
   979    641
   781    642
   791    642
   792    642
   815    642
   816    642
   817    642
   829    642
   830    642
   831    642
   840    642
   841    642
   842    642
   843    642
   855    642
   856    642
   870    642
   882    642
   894    642
   895    642
   896    642
   903    642
   904    642
   905    642
   916    642
   919    642
   920    642
   921    642
   929    642
   930    642
   931    642
   943    642
   944    642
   945    642
   955    642
   956    642
   968    642
   969    642
   975    642
   976    642
   977    642
   792    643
   793    643
   794    643
   795    643
   796    643
   797    643
   798    643
   799    643
   800    643
   801    643
   802    643
   803    643
   817    643
   818    643
   819    643
   831    643
   832    643
   833    643
   844    643
   845    643
   846    643
   847    643
   848    643
   849    643
   850    643
   851    643
   852    643
   853    643
   854    643
   870    643
   882    643
   897    643
   898    643
   899    643
   900    643
   901    643
   902    643
   908    643
   909    643
   910    643
   911    643
   912    643
   913    643
   914    643
   915    643
   917    643
   918    643
   927    643
   928    643
   940    643
   941    643
   942    643
   943    643
   957    643
   960    643
   961    643
   962    643
   963    643
   964    643
   965    643
   966    643
   967    643
   973    643
   974    643
   975    643
   802    644
   803    644
   819    644
   820    644
   833    644
   834    644
   835    644
   869    644
   882    644
   924    644
   925    644
   926    644
   938    644
   939    644
   940    644
   956    644
   957    644
   958    644
   959    644
   971    644
   972    644
   973    644
   820    645
   821    645
   822    645
   835    645
   836    645
   869    645
   882    645
   921    645
   922    645
   923    645
   924    645
   936    645
   937    645
   938    645
   969    645
   970    645
   971    645
   822    646
   823    646
   824    646
   836    646
   837    646
   838    646
   869    646
   882    646
   919    646
   920    646
   921    646
   934    646
   935    646
   936    646
   966    646
   967    646
   968    646
   969    646
   824    647
   825    647
   838    647
   839    647
   869    647
   882    647
   917    647
   918    647
   919    647
   932    647
   933    647
   934    647
   964    647
   965    647
   966    647
   825    648
   826    648
   827    648
   839    648
   840    648
   841    648
   869    648
   882    648
   915    648
   916    648
   917    648
   930    648
   931    648
   932    648
   962    648
   963    648
   964    648
   827    649
   828    649
   841    649
   842    649
   869    649
   882    649
   913    649
   914    649
   915    649
   929    649
   930    649
   961    649
   962    649
   828    650
   829    650
   842    650
   843    650
   869    650
   882    650
   911    650
   912    650
   913    650
   927    650
   928    650
   940    650
   941    650
   942    650
   943    650
   944    650
   945    650
   946    650
   947    650
   948    650
   949    650
   959    650
   960    650
   805    651
   806    651
   807    651
   808    651
   809    651
   810    651
   811    651
   812    651
   813    651
   814    651
   815    651
   816    651
   829    651
   830    651
   843    651
   844    651
   869    651
   882    651
   909    651
   910    651
   911    651
   925    651
   926    651
   927    651
   937    651
   938    651
   939    651
   948    651
   949    651
   957    651
   958    651
   816    652
   817    652
   818    652
   830    652
   831    652
   844    652
   845    652
   846    652
   868    652
   882    652
   907    652
   908    652
   909    652
   923    652
   924    652
   925    652
   935    652
   936    652
   937    652
   950    652
   955    652
   956    652
   957    652
   805    653
   806    653
   818    653
   819    653
   831    653
   832    653
   846    653
   847    653
   868    653
   882    653
   906    653
   907    653
   922    653
   923    653
   934    653
   935    653
   948    653
   949    653
   954    653
   806    654
   807    654
   819    654
   820    654
   832    654
   833    654
   847    654
   848    654
   868    654
   882    654
   904    654
   905    654
   906    654
   920    654
   921    654
   922    654
   932    654
   933    654
   934    654
   946    654
   947    654
   948    654
   807    655
   808    655
   820    655
   821    655
   833    655
   834    655
   835    655
   848    655
   849    655
   868    655
   882    655
   902    655
   903    655
   904    655
   918    655
   919    655
   920    655
   931    655
   932    655
   945    655
   946    655
   808    656
   809    656
   821    656
   822    656
   835    656
   836    656
   849    656
   850    656
   868    656
   882    656
   900    656
   901    656
   902    656
   916    656
   917    656
   918    656
   929    656
   930    656
   931    656
   943    656
   944    656
   945    656
   809    657
   810    657
   822    657
   823    657
   836    657
   837    657
   850    657
   851    657
   868    657
   882    657
   899    657
   900    657
   915    657
   916    657
   928    657
   929    657
   942    657
   943    657
   810    658
   811    658
   823    658
   824    658
   837    658
   838    658
   851    658
   852    658
   868    658
   882    658
   898    658
   899    658
   913    658
   914    658
   915    658
   926    658
   927    658
   928    658
   941    658
   942    658
   953    658
   811    659
   812    659
   824    659
   825    659
   838    659
   852    659
   853    659
   867    659
   882    659
   896    659
   897    659
   898    659
   912    659
   913    659
   925    659
   926    659
   940    659
   941    659
   812    660
   813    660
   825    660
   826    660
   838    660
   839    660
   853    660
   854    660
   867    660
   882    660
   895    660
   896    660
   911    660
   912    660
   924    660
   925    660
   938    660
   939    660
   940    660
   813    661
   826    661
   839    661
   840    661
   854    661
   855    661
   867    661
   882    661
   894    661
   895    661
   909    661
   910    661
   911    661
   923    661
   924    661
   937    661
   938    661
   813    662
   814    662
   826    662
   827    662
   840    662
   841    662
   855    662
   867    662
   882    662
   893    662
   894    662
   908    662
   909    662
   922    662
   923    662
   936    662
   937    662
   814    663
   827    663
   828    663
   841    663
   842    663
   856    663
   867    663
   882    663
   892    663
   893    663
   907    663
   908    663
   921    663
   922    663
   935    663
   936    663
   814    664
   815    664
   828    664
   829    664
   842    664
   843    664
   856    664
   857    664
   867    664
   882    664
   890    664
   891    664
   892    664
   906    664
   907    664
   920    664
   921    664
   934    664
   935    664
   815    665
   829    665
   843    665
   844    665
   857    665
   858    665
   867    665
   881    665
   889    665
   890    665
   905    665
   906    665
   919    665
   920    665
   933    665
   934    665
   815    666
   816    666
   829    666
   830    666
   844    666
   858    666
   859    666
   866    666
   881    666
   888    666
   889    666
   904    666
   905    666
   918    666
   919    666
   932    666
   933    666
   816    667
   830    667
   844    667
   845    667
   859    667
   860    667
   866    667
   881    667
   887    667
   888    667
   903    667
   904    667
   917    667
   918    667
   931    667
   932    667
   816    668
   817    668
   830    668
   831    668
   845    668
   846    668
   860    668
   861    668
   866    668
   881    668
   886    668
   887    668
   902    668
   903    668
   916    668
   917    668
   930    668
   931    668
   817    669
   831    669
   832    669
   846    669
   847    669
   861    669
   862    669
   866    669
   881    669
   885    669
   886    669
   901    669
   902    669
   915    669
   916    669
   929    669
   930    669
   817    670
   818    670
   832    670
   847    670
   848    670
   862    670
   863    670
   866    670
   881    670
   884    670
   885    670
   900    670
   901    670
   914    670
   915    670
   929    670
   818    671
   832    671
   833    671
   848    671
   863    671
   866    671
   881    671
   883    671
   884    671
   899    671
   900    671
   913    671
   914    671
   928    671
   929    671
   818    672
   833    672
   848    672
   849    672
   863    672
   864    672
   866    672
   881    672
   883    672
   898    672
   899    672
   913    672
   927    672
   928    672
   819    673
   833    673
   834    673
   849    673
   850    673
   864    673
   866    673
   883    673
   897    673
   898    673
   912    673
   913    673
   927    673
   819    674
   834    674
   850    674
   897    674
   911    674
   912    674
   926    674
   927    674
   819    675
   834    675
   835    675
   850    675
   851    675
   896    675
   897    675
   910    675
   911    675
   926    675
   819    676
   835    676
   851    676
   852    676
   895    676
   896    676
   909    676
   910    676
   926    676
   820    677
   835    677
   852    677
   895    677
   909    677
   925    677
   820    678
   836    678
   852    678
   853    678
   894    678
   895    678
   908    678
   909    678
   925    678
   820    679
   836    679
   853    679
   894    679
   908    679
   924    679
   925    679
   820    680
   836    680
   853    680
   854    680
   893    680
   894    680
   907    680
   924    680
   820    681
   821    681
   835    681
   836    681
   854    681
   892    681
   893    681
   908    681
   923    681
   924    681
   821    682
   822    682
   823    682
   824    682
   825    682
   826    682
   827    682
   828    682
   829    682
   830    682
   831    682
   832    682
   833    682
   834    682
   835    682
   854    682
   892    682
   908    682
   909    682
   910    682
   911    682
   912    682
   913    682
   914    682
   915    682
   916    682
   917    682
   918    682
   919    682
   920    682
   921    682
   922    682
   923    682
   854    683
   891    683
   892    683
   855    684
   890    684
   891    684
   855    685
   890    685
   855    686
   889    686
   890    686
   856    687
   889    687
   856    688
   888    688
   889    688
   856    689
   887    689
   888    689
   856    690
   887    690
   856    691
   886    691
   887    691
   856    692
   886    692
   856    693
   886    693
   857    694
   885    694
   857    695
   885    695
   899    695
   900    695
   901    695
   902    695
   903    695
   904    695
   905    695
   906    695
   907    695
   908    695
   909    695
   824    696
   825    696
   826    696
   827    696
   828    696
   829    696
   830    696
   831    696
   832    696
   833    696
   834    696
   835    696
   836    696
   837    696
   838    696
   839    696
   840    696
   857    696
   885    696
   896    696
   897    696
   898    696
   910    696
   911    696
   912    696
   913    696
   914    696
   823    697
   824    697
   840    697
   857    697
   884    697
   896    697
   914    697
   823    698
   841    698
   857    698
   884    698
   896    698
   914    698
   823    699
   841    699
   858    699
   884    699
   896    699
   915    699
   823    700
   841    700
   858    700
   883    700
   897    700
   915    700
   822    701
   840    701
   858    701
   883    701
   897    701
   915    701
   822    702
   840    702
   858    702
   883    702
   897    702
   916    702
   822    703
   840    703
   858    703
   882    703
   897    703
   916    703
   822    704
   839    704
   858    704
   882    704
   897    704
   916    704
   821    705
   839    705
   858    705
   882    705
   897    705
   916    705
   821    706
   838    706
   858    706
   882    706
   897    706
   916    706
   821    707
   838    707
   858    707
   881    707
   897    707
   916    707
   821    708
   837    708
   838    708
   858    708
   881    708
   898    708
   917    708
   820    709
   837    709
   858    709
   881    709
   898    709
   917    709
   820    710
   837    710
   857    710
   881    710
   898    710
   917    710
   820    711
   836    711
   857    711
   881    711
   898    711
   918    711
   819    712
   836    712
   857    712
   880    712
   898    712
   918    712
   819    713
   836    713
   857    713
   880    713
   898    713
   918    713
   819    714
   836    714
   857    714
   880    714
   898    714
   918    714
   819    715
   836    715
   858    715
   880    715
   899    715
   918    715
   818    716
   837    716
   858    716
   880    716
   899    716
   918    716
   919    716
   818    717
   837    717
   859    717
   880    717
   899    717
   919    717
   817    718
   836    718
   859    718
   880    718
   899    718
   919    718
   817    719
   836    719
   859    719
   879    719
   899    719
   920    719
   817    720
   836    720
   859    720
   879    720
   899    720
   920    720
   817    721
   836    721
   859    721
   879    721
   900    721
   920    721
   816    722
   836    722
   859    722
   879    722
   900    722
   920    722
   816    723
   836    723
   859    723
   879    723
   900    723
   921    723
   816    724
   836    724
   859    724
   879    724
   900    724
   921    724
   815    725
   836    725
   859    725
   879    725
   900    725
   921    725
   815    726
   835    726
   858    726
   879    726
   900    726
   922    726
   815    727
   835    727
   858    727
   879    727
   900    727
   922    727
   815    728
   835    728
   858    728
   879    728
   900    728
   922    728
   814    729
   835    729
   900    729
   922    729
   835    730
   901    730
   922    730
   835    731
   836    731
   901    731
   923    731
   923    732
   923    733
   923    734
   924    734
   925    735
   926    735
   927    735
   928    735
   929    735
   930    735
   931    735
