   960    558
   969    558
   960    559
   969    559
   960    560
   969    560
   960    561
   969    561
   960    562
   969    562
   960    563
   969    563
   959    564
   969    564
   959    565
   969    565
   959    566
   969    566
   959    567
   969    567
   950    568
   959    568
   968    568
   977    568
   949    569
   950    569
   958    569
   968    569
   977    569
   986    569
   948    570
   949    570
   958    570
   968    570
   977    570
   986    570
   939    571
   940    571
   948    571
   958    571
   967    571
   977    571
   986    571
   939    572
   947    572
   958    572
   967    572
   977    572
   986    572
   938    573
   947    573
   958    573
   967    573
   977    573
   987    573
   938    574
   947    574
   957    574
   967    574
   977    574
   987    574
   937    575
   946    575
   957    575
   967    575
   977    575
   987    575
   937    576
   946    576
   957    576
   967    576
   977    576
   987    576
   937    577
   946    577
   957    577
   967    577
   977    577
   987    577
   936    578
   945    578
   957    578
   967    578
   977    578
   987    578
   936    579
   945    579
   957    579
   967    579
   977    579
   987    579
   936    580
   945    580
   956    580
   967    580
   977    580
   987    580
   935    581
   945    581
   956    581
   966    581
   978    581
   987    581
   935    582
   944    582
   956    582
   966    582
   978    582
   987    582
   935    583
   944    583
   956    583
   966    583
   978    583
   979    583
   980    583
   981    583
   982    583
   983    583
   984    583
   985    583
   986    583
   987    583
   935    584
   943    584
   944    584
   956    584
   966    584
   935    585
   936    585
   937    585
   938    585
   939    585
   940    585
   941    585
   942    585
   943    585
   955    585
   966    585
   955    586
   966    586
   955    587
   966    587
   955    588
   966    588
   955    589
   965    589
   979    589
   980    589
   981    589
   982    589
   983    589
   984    589
   985    589
   986    589
   987    589
   954    590
   965    590
   977    590
   978    590
   987    590
   988    590
   935    591
   936    591
   937    591
   938    591
   939    591
   954    591
   965    591
   977    591
   988    591
   931    592
   932    592
   933    592
   934    592
   940    592
   941    592
   954    592
   965    592
   977    592
   988    592
   931    593
   941    593
   954    593
   965    593
   977    593
   988    593
   931    594
   941    594
   954    594
   965    594
   977    594
   988    594
   930    595
   941    595
   954    595
   965    595
   977    595
   988    595
   930    596
   941    596
   953    596
   965    596
   977    596
   989    596
   930    597
   940    597
   953    597
   965    597
   977    597
   989    597
   929    598
   940    598
   953    598
   965    598
   977    598
   989    598
   929    599
   940    599
   953    599
   965    599
   977    599
   989    599
   929    600
   939    600
   953    600
   965    600
   977    600
   990    600
   928    601
   939    601
   952    601
   964    601
   977    601
   990    601
   928    602
   939    602
   952    602
   964    602
   977    602
   990    602
   927    603
   939    603
   952    603
   964    603
   978    603
   990    603
   927    604
   939    604
   952    604
   964    604
   978    604
   990    604
   927    605
   938    605
   951    605
   964    605
   978    605
   991    605
   926    606
   938    606
   951    606
   964    606
   978    606
   991    606
   926    607
   938    607
   951    607
   964    607
   978    607
   991    607
   926    608
   938    608
   951    608
   964    608
   978    608
   991    608
   925    609
   937    609
   951    609
   964    609
   978    609
   991    609
   925    610
   937    610
   951    610
   964    610
   978    610
   991    610
   925    611
   937    611
   951    611
   964    611
   978    611
   990    611
   991    611
   924    612
   937    612
   951    612
   964    612
   978    612
   979    612
   980    612
   983    612
   984    612
   985    612
   986    612
   987    612
   988    612
   989    612
   990    612
   924    613
   936    613
   950    613
   964    613
   981    613
   982    613
   924    614
   925    614
   935    614
   936    614
   950    614
   964    614
   925    615
   926    615
   927    615
   928    615
   929    615
   930    615
   931    615
   932    615
   933    615
   934    615
   950    615
   964    615
   950    616
   964    616
   950    617
   964    617
   950    618
   964    618
   950    619
   964    619
   949    620
   964    620
   949    621
   963    621
   949    622
   963    622
   984    622
   985    622
   986    622
   987    622
   988    622
   989    622
   949    623
   963    623
   978    623
   979    623
   980    623
   981    623
   982    623
   983    623
   990    623
   991    623
   924    624
   925    624
   926    624
   927    624
   928    624
   929    624
   930    624
   949    624
   963    624
   978    624
   992    624
   920    625
   921    625
   922    625
   923    625
   931    625
   932    625
   949    625
   963    625
   978    625
   992    625
   919    626
   932    626
   948    626
   963    626
   978    626
   992    626
   919    627
   933    627
   948    627
   963    627
   978    627
   992    627
   918    628
   932    628
   948    628
   963    628
   978    628
   992    628
   918    629
   932    629
   948    629
   963    629
   978    629
   992    629
   918    630
   932    630
   948    630
   963    630
   978    630
   993    630
   917    631
   932    631
   947    631
   963    631
   978    631
   993    631
   917    632
   932    632
   947    632
   962    632
   978    632
   993    632
   917    633
   931    633
   947    633
   962    633
   978    633
   993    633
   916    634
   931    634
   947    634
   962    634
   978    634
   993    634
   916    635
   931    635
   947    635
   962    635
   978    635
   993    635
   916    636
   931    636
   946    636
   962    636
   978    636
   994    636
   915    637
   930    637
   946    637
   962    637
   978    637
   994    637
   915    638
   930    638
   946    638
   962    638
   978    638
   994    638
   915    639
   930    639
   946    639
   962    639
   979    639
   994    639
   914    640
   929    640
   946    640
   962    640
   979    640
   994    640
   914    641
   929    641
   945    641
   962    641
   979    641
   994    641
   914    642
   929    642
   945    642
   962    642
   979    642
   994    642
   913    643
   929    643
   945    643
   961    643
   979    643
   995    643
   913    644
   928    644
   945    644
   961    644
   979    644
   995    644
   913    645
   928    645
   945    645
   961    645
   979    645
   995    645
   912    646
   928    646
   944    646
   961    646
   979    646
   995    646
   912    647
   927    647
   944    647
   961    647
   979    647
   995    647
   912    648
   927    648
   944    648
   961    648
   979    648
   995    648
   912    649
   927    649
   944    649
   961    649
   979    649
   996    649
   911    650
   927    650
   944    650
   961    650
   979    650
   996    650
   911    651
   927    651
   944    651
   961    651
   979    651
   996    651
   911    652
   927    652
   943    652
   961    652
   979    652
   996    652
   910    653
   926    653
   943    653
   961    653
   980    653
   996    653
   910    654
   926    654
   943    654
   961    654
   980    654
   996    654
   910    655
   926    655
   943    655
   961    655
   980    655
   996    655
   909    656
   926    656
   943    656
   961    656
   980    656
   996    656
   909    657
   925    657
   943    657
   961    657
   980    657
   996    657
   908    658
   925    658
   943    658
   961    658
   980    658
   996    658
   908    659
   925    659
   942    659
   961    659
   980    659
   996    659
   908    660
   924    660
   942    660
   961    660
   980    660
   996    660
   907    661
   924    661
   942    661
   961    661
   980    661
   996    661
   907    662
   924    662
   942    662
   961    662
   980    662
   981    662
   982    662
   984    662
   985    662
   986    662
   987    662
   988    662
   989    662
   990    662
   991    662
   992    662
   993    662
   994    662
   995    662
   996    662
   907    663
   923    663
   942    663
   961    663
   983    663
   906    664
   922    664
   923    664
   942    664
   960    664
   906    665
   921    665
   922    665
   942    665
   960    665
   906    666
   907    666
   908    666
   909    666
   910    666
   911    666
   912    666
   913    666
   914    666
   915    666
   916    666
   917    666
   918    666
   919    666
   920    666
   942    666
   960    666
   941    667
   960    667
   941    668
   960    668
   941    669
   960    669
   941    670
   960    670
   941    671
   960    671
   941    672
   960    672
   940    673
   960    673
   940    674
   959    674
   940    675
   959    675
   940    676
   959    676
   940    677
   959    677
   939    678
   959    678
   939    679
   959    679
   939    680
   959    680
   939    681
   959    681
   939    682
   959    682
   939    683
   959    683
   939    684
   959    684
   938    685
   959    685
   938    686
   958    686
   938    687
   958    687
   937    688
   958    688
   937    689
   958    689
   937    690
   958    690
   937    691
   937    692
