    91    610
    92    610
    93    610
    94    611
    95    611
    96    611
    97    611
    98    611
    99    611
   100    611
   101    611
   102    611
   103    611
   104    611
   105    611
   106    612
   107    612
   108    612
   109    612
   110    612
   111    612
   112    612
   113    612
   114    612
   115    612
   116    613
   117    613
   118    613
   119    613
   120    613
   121    613
   122    613
   123    613
    66    614
    67    614
    68    614
    69    614
    70    614
    71    614
    72    614
    84    614
    85    614
    86    614
    87    614
    88    614
    89    614
    90    614
    91    614
   102    614
   103    614
   104    614
   105    614
   106    614
   107    614
   108    614
   109    614
   110    614
   124    614
   125    614
   126    614
   127    614
   128    614
   129    614
   130    614
    73    615
    74    615
    75    615
    76    615
    77    615
    78    615
    79    615
    80    615
    92    615
    93    615
    94    615
    95    615
    96    615
    97    615
    98    615
    99    615
   111    615
   112    615
   113    615
   114    615
   115    615
   116    615
   117    615
   118    615
   131    615
   132    615
   133    615
   134    615
   135    615
   136    615
   137    615
   138    615
    46    616
    64    616
    65    616
    66    616
    67    616
    68    616
    69    616
    70    616
    81    616
    82    616
    83    616
    84    616
    85    616
    86    616
    87    616
    88    616
    89    616
   100    616
   101    616
   102    616
   103    616
   104    616
   105    616
   106    616
   107    616
   119    616
   120    616
   121    616
   122    616
   123    616
   124    616
   125    616
   126    616
   139    616
   140    616
   141    616
   142    616
   143    616
   144    616
   145    616
   146    616
    71    617
    72    617
    73    617
    74    617
    75    617
    76    617
    77    617
    78    617
    90    617
    91    617
    92    617
    93    617
    94    617
    95    617
    96    617
   108    617
   109    617
   110    617
   111    617
   112    617
   113    617
   114    617
   115    617
   116    617
   127    617
   128    617
   129    617
   130    617
   131    617
   132    617
   133    617
   134    617
   147    617
   148    617
   149    617
   150    617
   151    617
   152    617
   153    617
    46    618
    58    618
    59    618
    60    618
    61    618
    62    618
    63    618
    64    618
    65    618
    66    618
    79    618
    80    618
    81    618
    82    618
    83    618
    84    618
    85    618
    86    618
    97    618
    98    618
    99    618
   100    618
   101    618
   102    618
   103    618
   104    618
   117    618
   118    618
   119    618
   120    618
   121    618
   122    618
   123    618
   124    618
   135    618
   136    618
   137    618
   138    618
   139    618
   140    618
   141    618
   153    618
    67    619
    68    619
    69    619
    70    619
    71    619
    72    619
    73    619
    74    619
    87    619
    88    619
    89    619
    90    619
    91    619
    92    619
    93    619
    94    619
   105    619
   106    619
   107    619
   108    619
   109    619
   110    619
   111    619
   112    619
   125    619
   126    619
   127    619
   128    619
   129    619
   130    619
   131    619
   142    619
   143    619
   144    619
   145    619
   146    619
   147    619
   148    619
   149    619
   150    619
   151    619
   152    619
   153    619
    75    620
    76    620
    77    620
    78    620
    79    620
    80    620
    81    620
    82    620
    95    620
    96    620
    97    620
    98    620
    99    620
   100    620
   113    620
   114    620
   115    620
   116    620
   117    620
   118    620
   132    620
   133    620
   134    620
   135    620
   136    620
   137    620
   138    620
    83    621
    84    621
    85    621
    86    621
    87    621
    88    621
    89    621
   101    621
   102    621
   103    621
   104    621
   105    621
   106    621
   107    621
   119    621
   120    621
   121    621
   122    621
   123    621
   124    621
   125    621
   139    621
   140    621
   141    621
   142    621
   143    621
   144    621
   145    621
   165    621
   166    621
   167    621
   168    621
    90    622
    91    622
    92    622
    93    622
    94    622
    95    622
    96    622
   108    622
   109    622
   110    622
   111    622
   112    622
   113    622
   114    622
   126    622
   127    622
   128    622
   129    622
   130    622
   131    622
   132    622
   146    622
   147    622
   148    622
   149    622
   150    622
   151    622
   152    622
   153    622
   169    622
   170    622
   171    622
   172    622
   173    622
   174    622
   175    622
   176    622
   177    622
   178    622
   179    622
   180    622
   181    622
   182    622
   183    622
   184    622
   185    622
    97    623
    98    623
    99    623
   100    623
   101    623
   102    623
   113    623
   133    623
   134    623
   135    623
   136    623
   137    623
   138    623
   154    623
   155    623
   156    623
   157    623
   158    623
   159    623
   160    623
   186    623
   187    623
   188    623
   189    623
   190    623
   191    623
   103    624
   104    624
   105    624
   106    624
   107    624
   108    624
   109    624
   110    624
   111    624
   112    624
   113    624
   114    624
   115    624
   116    624
   117    624
   139    624
   140    624
   141    624
   142    624
   143    624
   144    624
   145    624
   161    624
   162    624
   163    624
   164    624
   165    624
   176    624
   177    624
   178    624
   179    624
   192    624
   193    624
   194    624
   195    624
   196    624
   197    624
   146    625
   147    625
   148    625
   149    625
   150    625
   151    625
   166    625
   167    625
   168    625
   169    625
   180    625
   181    625
   182    625
   183    625
   184    625
   185    625
   198    625
   199    625
   200    625
   201    625
   202    625
   152    626
   153    626
   154    626
   155    626
   156    626
   170    626
   171    626
   172    626
   173    626
   174    626
   186    626
   187    626
   188    626
   189    626
   190    626
   203    626
   204    626
   205    626
   206    626
   207    626
   134    627
   135    627
   136    627
   137    627
   138    627
   139    627
   140    627
   141    627
   142    627
   143    627
   144    627
   157    627
   158    627
   159    627
   160    627
   161    627
   162    627
   175    627
   176    627
   177    627
   178    627
   179    627
   191    627
   192    627
   193    627
   194    627
   195    627
   208    627
   209    627
   210    627
   211    627
   212    627
   132    628
   133    628
   145    628
   146    628
   147    628
   148    628
   149    628
   150    628
   163    628
   164    628
   165    628
   166    628
   180    628
   181    628
   182    628
   183    628
   184    628
   196    628
   197    628
   198    628
   199    628
   200    628
   213    628
   214    628
   215    628
   216    628
   217    628
   136    629
   137    629
   151    629
   152    629
   153    629
   154    629
   155    629
   167    629
   168    629
   169    629
   170    629
   185    629
   186    629
   187    629
   188    629
   201    629
   202    629
   203    629
   204    629
   218    629
   219    629
   220    629
   221    629
   137    630
   138    630
   139    630
   140    630
   141    630
   142    630
   156    630
   157    630
   158    630
   159    630
   171    630
   172    630
   173    630
   174    630
   175    630
   189    630
   190    630
   191    630
   192    630
   193    630
   205    630
   206    630
   207    630
   208    630
   222    630
   223    630
   224    630
   225    630
   143    631
   144    631
   145    631
   146    631
   147    631
   160    631
   161    631
   162    631
   163    631
   176    631
   177    631
   178    631
   179    631
   180    631
   194    631
   195    631
   196    631
   197    631
   198    631
   209    631
   210    631
   211    631
   212    631
   213    631
   226    631
   227    631
   228    631
   229    631
   230    631
   231    631
   148    632
   149    632
   150    632
   151    632
   164    632
   165    632
   166    632
   167    632
   181    632
   182    632
   183    632
   184    632
   199    632
   200    632
   201    632
   202    632
   203    632
   214    632
   215    632
   216    632
   217    632
   218    632
   232    632
   233    632
   234    632
   235    632
   236    632
   152    633
   153    633
   154    633
   155    633
   168    633
   169    633
   170    633
   171    633
   185    633
   186    633
   187    633
   204    633
   205    633
   206    633
   219    633
   220    633
   221    633
   237    633
   238    633
   239    633
   240    633
   156    634
   157    634
   158    634
   159    634
   172    634
   173    634
   174    634
   175    634
   188    634
   189    634
   190    634
   191    634
   192    634
   207    634
   208    634
   209    634
   210    634
   211    634
   222    634
   223    634
   224    634
   225    634
   241    634
   242    634
   243    634
   244    634
   160    635
   161    635
   162    635
   163    635
   176    635
   177    635
   178    635
   193    635
   194    635
   195    635
   196    635
   212    635
   213    635
   214    635
   215    635
   226    635
   227    635
   228    635
   229    635
   230    635
   245    635
   246    635
   247    635
   248    635
   249    635
   250    635
   164    636
   165    636
   166    636
   167    636
   179    636
   180    636
   181    636
   182    636
   183    636
   197    636
   198    636
   199    636
   200    636
   201    636
   216    636
   217    636
   218    636
   231    636
   232    636
   233    636
   234    636
   251    636
   252    636
   253    636
   254    636
   168    637
   169    637
   170    637
   184    637
   185    637
   186    637
   187    637
   202    637
   203    637
   204    637
   205    637
   219    637
   220    637
   221    637
   222    637
   235    637
   236    637
   237    637
   238    637
   239    637
   171    638
   172    638
   173    638
   174    638
   188    638
   189    638
   190    638
   191    638
   206    638
   207    638
   208    638
   209    638
   223    638
   224    638
   225    638
   226    638
   240    638
   241    638
   242    638
   243    638
   247    638
   248    638
   249    638
   250    638
   251    638
   252    638
   253    638
   254    638
   255    638
   175    639
   176    639
   177    639
   178    639
   179    639
   192    639
   193    639
   194    639
   195    639
   196    639
   210    639
   211    639
   212    639
   227    639
   228    639
   229    639
   230    639
   231    639
   244    639
   245    639
   246    639
   180    640
   181    640
   182    640
   197    640
   198    640
   199    640
   213    640
   214    640
   215    640
   216    640
   232    640
   233    640
   234    640
   235    640
   183    641
   184    641
   185    641
   186    641
   200    641
   201    641
   202    641
   203    641
   217    641
   218    641
   219    641
   220    641
   236    641
   237    641
   187    642
   188    642
   189    642
   190    642
   204    642
   205    642
   206    642
   207    642
   208    642
   221    642
   222    642
   223    642
   224    642
   238    642
   239    642
   240    642
   241    642
   277    642
   191    643
   192    643
   193    643
   206    643
   225    643
   226    643
   227    643
   242    643
   243    643
   244    643
   245    643
   246    643
   270    643
   271    643
   272    643
   273    643
   274    643
   275    643
   276    643
   283    643
   284    643
   194    644
   195    644
   196    644
   206    644
   207    644
   228    644
   229    644
   230    644
   247    644
   248    644
   249    644
   285    644
   286    644
   287    644
   197    645
   198    645
   199    645
   200    645
   201    645
   202    645
   203    645
   204    645
   205    645
   231    645
   232    645
   233    645
   234    645
   235    645
   250    645
   251    645
   252    645
   253    645
   254    645
   270    645
   271    645
   288    645
   289    645
   290    645
   291    645
   236    646
   237    646
   238    646
   239    646
   255    646
   256    646
   257    646
   258    646
   271    646
   272    646
   273    646
   274    646
   275    646
   292    646
   293    646
   294    646
   295    646
   296    646
   240    647
   241    647
   242    647
   243    647
   259    647
   260    647
   261    647
   262    647
   276    647
   277    647
   278    647
   279    647
   297    647
   298    647
   299    647
   300    647
   244    648
   245    648
   246    648
   247    648
   263    648
   264    648
   265    648
   266    648
   267    648
   280    648
   281    648
   282    648
   283    648
   284    648
   301    648
   302    648
   303    648
   304    648
   226    649
   227    649
   228    649
   229    649
   230    649
   231    649
   232    649
   248    649
   249    649
   250    649
   268    649
   269    649
   270    649
   271    649
   272    649
   285    649
   286    649
   287    649
   288    649
   305    649
   306    649
   307    649
   308    649
   221    650
   222    650
   223    650
   224    650
   225    650
   233    650
   234    650
   251    650
   252    650
   253    650
   254    650
   273    650
   274    650
   289    650
   290    650
   291    650
   292    650
   309    650
   310    650
   311    650
   221    651
   235    651
   236    651
   237    651
   238    651
   255    651
   256    651
   257    651
   258    651
   275    651
   276    651
   277    651
   278    651
   293    651
   294    651
   295    651
   296    651
   312    651
   313    651
   314    651
   315    651
   221    652
   222    652
   223    652
   224    652
   239    652
   240    652
   241    652
   259    652
   260    652
   261    652
   279    652
   280    652
   281    652
   297    652
   298    652
   299    652
   316    652
   317    652
   318    652
   319    652
   225    653
   226    653
   227    653
   242    653
   243    653
   244    653
   262    653
   263    653
   264    653
   265    653
   282    653
   283    653
   284    653
   285    653
   300    653
   301    653
   302    653
   303    653
   320    653
   321    653
   322    653
   323    653
   228    654
   229    654
   230    654
   245    654
   246    654
   247    654
   248    654
   266    654
   267    654
   268    654
   286    654
   287    654
   288    654
   304    654
   305    654
   306    654
   324    654
   325    654
   326    654
   231    655
   232    655
   233    655
   249    655
   250    655
   251    655
   269    655
   270    655
   271    655
   272    655
   289    655
   290    655
   291    655
   307    655
   308    655
   309    655
   310    655
   327    655
   328    655
   329    655
   234    656
   235    656
   236    656
   252    656
   253    656
   254    656
   273    656
   274    656
   275    656
   292    656
   293    656
   294    656
   295    656
   311    656
   312    656
   313    656
   330    656
   331    656
   332    656
   333    656
   237    657
   238    657
   239    657
   255    657
   256    657
   276    657
   277    657
   278    657
   296    657
   297    657
   314    657
   315    657
   316    657
   317    657
   334    657
   335    657
   336    657
   337    657
   240    658
   241    658
   242    658
   257    658
   258    658
   259    658
   279    658
   280    658
   281    658
   298    658
   299    658
   300    658
   318    658
   319    658
   320    658
   338    658
   339    658
   340    658
   242    659
   243    659
   260    659
   261    659
   262    659
   282    659
   283    659
   284    659
   301    659
   302    659
   303    659
   321    659
   322    659
   323    659
   341    659
   342    659
   343    659
   244    660
   245    660
   246    660
   263    660
   264    660
   265    660
   285    660
   286    660
   287    660
   304    660
   305    660
   306    660
   323    660
   324    660
   325    660
   343    660
   344    660
   345    660
   247    661
   248    661
   249    661
   266    661
   267    661
   268    661
   288    661
   289    661
   290    661
   307    661
   308    661
   309    661
   326    661
   327    661
   328    661
   346    661
   347    661
   348    661
   250    662
   251    662
   268    662
   269    662
   270    662
   291    662
   292    662
   310    662
   311    662
   312    662
   329    662
   330    662
   331    662
   349    662
   350    662
   351    662
   252    663
   253    663
   254    663
   271    663
   272    663
   273    663
   293    663
   294    663
   295    663
   313    663
   314    663
   315    663
   331    663
   332    663
   333    663
   352    663
   353    663
   354    663
   355    663
   255    664
   256    664
   274    664
   275    664
   276    664
   296    664
   297    664
   316    664
   317    664
   334    664
   335    664
   336    664
   355    664
   257    665
   258    665
   259    665
   277    665
   278    665
   279    665
   298    665
   299    665
   300    665
   318    665
   319    665
   320    665
   337    665
   338    665
   349    665
   350    665
   351    665
   352    665
   353    665
   354    665
   355    665
   260    666
   261    666
   262    666
   280    666
   281    666
   301    666
   302    666
   321    666
   322    666
   323    666
   339    666
   340    666
   341    666
   342    666
   343    666
   344    666
   345    666
   346    666
   347    666
   348    666
   263    667
   264    667
   282    667
   283    667
   284    667
   303    667
   304    667
   305    667
   323    667
   324    667
   325    667
   265    668
   266    668
   267    668
   285    668
   286    668
   305    668
   306    668
   307    668
   308    668
   326    668
   327    668
   268    669
   269    669
   287    669
   288    669
   289    669
   308    669
   309    669
   310    669
   328    669
   329    669
   330    669
   270    670
   271    670
   272    670
   290    670
   291    670
   292    670
   310    670
   311    670
   312    670
   331    670
   332    670
   333    670
   334    670
   272    671
   273    671
   274    671
   275    671
   292    671
   293    671
   294    671
   295    671
   313    671
   314    671
   315    671
   335    671
   336    671
   337    671
   276    672
   277    672
   295    672
   316    672
   317    672
   337    672
   338    672
   339    672
   278    673
   279    673
   280    673
   288    673
   289    673
   290    673
   291    673
   292    673
   293    673
   294    673
   295    673
   318    673
   319    673
   320    673
   339    673
   340    673
   341    673
   281    674
   282    674
   283    674
   284    674
   285    674
   286    674
   287    674
   321    674
   322    674
   323    674
   341    674
   342    674
   343    674
   324    675
   325    675
   326    675
   343    675
   344    675
   345    675
   377    675
   378    675
   379    675
   380    675
   381    675
   382    675
   326    676
   327    676
   328    676
   346    676
   347    676
   348    676
   368    676
   369    676
   370    676
   371    676
   372    676
   373    676
   374    676
   375    676
   376    676
   383    676
   384    676
   385    676
   328    677
   329    677
   330    677
   348    677
   349    677
   350    677
   386    677
   387    677
   330    678
   331    678
   332    678
   350    678
   351    678
   352    678
   368    678
   388    678
   389    678
   390    678
   332    679
   333    679
   334    679
   353    679
   354    679
   355    679
   369    679
   370    679
   371    679
   372    679
   391    679
   392    679
   393    679
   334    680
   335    680
   336    680
   355    680
   356    680
   372    680
   373    680
   393    680
   394    680
   395    680
   336    681
   337    681
   338    681
   356    681
   357    681
   358    681
   373    681
   374    681
   375    681
   396    681
   397    681
   398    681
   338    682
   339    682
   340    682
   358    682
   359    682
   360    682
   361    682
   375    682
   376    682
   377    682
   378    682
   398    682
   399    682
   400    682
   313    683
   314    683
   315    683
   316    683
   317    683
   318    683
   340    683
   341    683
   361    683
   362    683
   363    683
   378    683
   379    683
   380    683
   400    683
   401    683
   402    683
   304    684
   305    684
   306    684
   307    684
   308    684
   309    684
   310    684
   311    684
   312    684
   319    684
   320    684
   321    684
   342    684
   343    684
   363    684
   364    684
   365    684
   381    684
   382    684
   402    684
   403    684
   404    684
   321    685
   322    685
   343    685
   344    685
   345    685
   365    685
   366    685
   367    685
   382    685
   383    685
   384    685
   405    685
   406    685
   304    686
   305    686
   322    686
   323    686
   324    686
   345    686
   346    686
   347    686
   367    686
   368    686
   384    686
   385    686
   386    686
   387    686
   407    686
   408    686
   409    686
   305    687
   306    687
   307    687
   324    687
   325    687
   326    687
   347    687
   348    687
   349    687
   368    687
   369    687
   370    687
   387    687
   388    687
   409    687
   410    687
   411    687
   307    688
   308    688
   309    688
   326    688
   327    688
   328    688
   349    688
   350    688
   351    688
   370    688
   371    688
   372    688
   388    688
   389    688
   390    688
   391    688
   411    688
   412    688
   413    688
   309    689
   310    689
   328    689
   329    689
   330    689
   351    689
   352    689
   372    689
   373    689
   374    689
   391    689
   392    689
   393    689
   413    689
   414    689
   415    689
   310    690
   311    690
   312    690
   330    690
   331    690
   352    690
   353    690
   354    690
   374    690
   375    690
   376    690
   393    690
   394    690
   395    690
   415    690
   416    690
   417    690
   312    691
   313    691
   314    691
   331    691
   332    691
   333    691
   354    691
   355    691
   376    691
   377    691
   395    691
   396    691
   417    691
   418    691
   419    691
   314    692
   315    692
   333    692
   334    692
   335    692
   355    692
   356    692
   357    692
   377    692
   378    692
   379    692
   396    692
   397    692
   398    692
   419    692
   420    692
   315    693
   316    693
   317    693
   335    693
   336    693
   357    693
   358    693
   379    693
   380    693
   381    693
   398    693
   399    693
   400    693
   420    693
   421    693
   422    693
   317    694
   318    694
   336    694
   337    694
   338    694
   358    694
   359    694
   360    694
   381    694
   382    694
   400    694
   401    694
   402    694
   422    694
   423    694
   424    694
   318    695
   319    695
   320    695
   338    695
   339    695
   360    695
   361    695
   382    695
   383    695
   402    695
   403    695
   424    695
   425    695
   320    696
   321    696
   339    696
   340    696
   341    696
   361    696
   362    696
   383    696
   384    696
   385    696
   403    696
   404    696
   405    696
   425    696
   426    696
   321    697
   322    697
   341    697
   342    697
   343    697
   362    697
   363    697
   364    697
   385    697
   386    697
   405    697
   406    697
   426    697
   427    697
   428    697
   322    698
   323    698
   343    698
   344    698
   364    698
   365    698
   386    698
   387    698
   388    698
   406    698
   407    698
   408    698
   428    698
   429    698
   430    698
   323    699
   324    699
   344    699
   345    699
   365    699
   366    699
   367    699
   388    699
   389    699
   408    699
   409    699
   410    699
   430    699
   431    699
   324    700
   325    700
   326    700
   345    700
   346    700
   347    700
   367    700
   368    700
   389    700
   390    700
   391    700
   410    700
   411    700
   431    700
   432    700
   433    700
   326    701
   327    701
   347    701
   348    701
   368    701
   369    701
   370    701
   391    701
   392    701
   411    701
   412    701
   433    701
   434    701
   327    702
   328    702
   348    702
   349    702
   350    702
   370    702
   371    702
   392    702
   393    702
   412    702
   413    702
   434    702
   435    702
   436    702
   437    702
   328    703
   329    703
   350    703
   351    703
   371    703
   372    703
   393    703
   394    703
   395    703
   413    703
   414    703
   415    703
   437    703
   438    703
   329    704
   330    704
   331    704
   351    704
   352    704
   372    704
   373    704
   395    704
   396    704
   415    704
   416    704
   438    704
   439    704
   440    704
   331    705
   332    705
   352    705
   353    705
   373    705
   374    705
   375    705
   396    705
   397    705
   416    705
   417    705
   440    705
   441    705
   442    705
   332    706
   333    706
   334    706
   353    706
   354    706
   375    706
   376    706
   397    706
   418    706
   419    706
   442    706
   443    706
   334    707
   335    707
   354    707
   355    707
   376    707
   377    707
   397    707
   398    707
   399    707
   419    707
   420    707
   443    707
   444    707
   445    707
   335    708
   336    708
   355    708
   356    708
   357    708
   377    708
   378    708
   399    708
   400    708
   420    708
   421    708
   445    708
   446    708
   336    709
   337    709
   357    709
   358    709
   378    709
   379    709
   400    709
   401    709
   422    709
   423    709
   446    709
   447    709
   337    710
   338    710
   358    710
   359    710
   379    710
   380    710
   401    710
   402    710
   403    710
   423    710
   424    710
   447    710
   448    710
   338    711
   339    711
   359    711
   360    711
   361    711
   380    711
   381    711
   403    711
   404    711
   424    711
   425    711
   426    711
   448    711
   449    711
   339    712
   340    712
   361    712
   362    712
   381    712
   404    712
   405    712
   406    712
   426    712
   427    712
   428    712
   449    712
   450    712
   340    713
   341    713
   362    713
   363    713
   382    713
   383    713
   406    713
   428    713
   429    713
   450    713
   451    713
   452    713
   341    714
   342    714
   363    714
   364    714
   383    714
   384    714
   407    714
   429    714
   430    714
   452    714
   453    714
   342    715
   343    715
   364    715
   365    715
   384    715
   385    715
   407    715
   408    715
   430    715
   431    715
   453    715
   454    715
   343    716
   344    716
   365    716
   385    716
   386    716
   408    716
   409    716
   431    716
   432    716
   454    716
   455    716
   344    717
   345    717
   365    717
   366    717
   386    717
   387    717
   409    717
   410    717
   432    717
   433    717
   455    717
   456    717
   345    718
   346    718
   366    718
   367    718
   387    718
   388    718
   410    718
   411    718
   412    718
   433    718
   456    718
   457    718
   458    718
   346    719
   347    719
   367    719
   368    719
   433    719
   347    720
   348    720
   368    720
   369    720
   348    721
   349    721
   369    721
   370    721
   349    722
   349    723
   350    723
   350    724
   351    724
   351    725
   356    744
