   829    547
   829    548
   829    549
   822    550
   829    550
   822    551
   829    551
   821    552
   829    552
   821    553
   829    553
   821    554
   829    554
   821    555
   829    555
   821    556
   829    556
   820    557
   829    557
   820    558
   828    558
   820    559
   828    559
   820    560
   828    560
   820    561
   828    561
   819    562
   828    562
   819    563
   828    563
   819    564
   828    564
   819    565
   828    565
   819    566
   828    566
   818    567
   828    567
   818    568
   828    568
   818    569
   827    569
   818    570
   827    570
   818    571
   827    571
   818    572
   827    572
   817    573
   827    573
   817    574
   827    574
   817    575
   827    575
   817    576
   827    576
   817    577
   827    577
   817    578
   827    578
   817    579
   827    579
   817    580
   827    580
   816    581
   827    581
   816    582
   827    582
   816    583
   827    583
   816    584
   827    584
   816    585
   827    585
   816    586
   827    586
   816    587
   827    587
   816    588
   827    588
   816    589
   827    589
   815    590
   827    590
   815    591
   827    591
   815    592
   827    592
   815    593
   827    593
   815    594
   827    594
   815    595
   827    595
   815    596
   827    596
   815    597
   827    597
   815    598
   827    598
   815    599
   827    599
   814    600
   827    600
   814    601
   827    601
   814    602
   827    602
   814    603
   827    603
   814    604
   827    604
   814    605
   827    605
   813    606
   827    606
   813    607
   827    607
   813    608
   827    608
   813    609
   827    609
   813    610
   827    610
   813    611
   827    611
   812    612
   827    612
   812    613
   827    613
   812    614
   827    614
   812    615
   826    615
   811    616
   826    616
   811    617
   826    617
   811    618
   826    618
   811    619
   826    619
   811    620
   826    620
   811    621
   825    621
   810    622
   825    622
   810    623
   825    623
   810    624
   825    624
   810    625
   825    625
   810    626
   824    626
   809    627
   824    627
   809    628
   824    628
   809    629
   824    629
   809    630
   824    630
   809    631
   824    631
   808    632
   824    632
   808    633
   824    633
   808    634
   824    634
   808    635
   823    635
   808    636
   823    636
   807    637
   823    637
   807    638
   823    638
   807    639
   823    639
   807    640
   823    640
   806    641
   823    641
   806    642
   823    642
   806    643
   823    643
   806    644
   822    644
   806    645
   822    645
   805    646
   822    646
   805    647
   822    647
   805    648
   822    648
   805    649
   822    649
   805    650
   822    650
   804    651
   822    651
   804    652
   822    652
   804    653
   821    653
   804    654
   821    654
   804    655
   821    655
   803    656
   821    656
   803    657
   821    657
   803    658
   821    658
   803    659
   821    659
   802    660
   820    660
   802    661
   820    661
   802    662
   820    662
   802    663
   820    663
   801    664
   820    664
   820    665
