   827    539
   827    540
   820    541
   827    541
   820    542
   827    542
   820    543
   827    543
   820    544
   827    544
   820    545
   827    545
   820    546
   827    546
   819    547
   827    547
   819    548
   826    548
   819    549
   826    549
   819    550
   826    550
   819    551
   826    551
   818    552
   826    552
   818    553
   826    553
   818    554
   826    554
   818    555
   826    555
   818    556
   825    556
   817    557
   825    557
   817    558
   825    558
   817    559
   825    559
   817    560
   825    560
   816    561
   825    561
   816    562
   825    562
   816    563
   825    563
   816    564
   825    564
   816    565
   825    565
   815    566
   825    566
   815    567
   825    567
   815    568
   824    568
   815    569
   824    569
   815    570
   824    570
   815    571
   824    571
   815    572
   824    572
   814    573
   824    573
   814    574
   824    574
   814    575
   824    575
   814    576
   824    576
   814    577
   824    577
   814    578
   824    578
   814    579
   824    579
   814    580
   824    580
   813    581
   824    581
   813    582
   824    582
   813    583
   824    583
   813    584
   824    584
   813    585
   824    585
   813    586
   824    586
   813    587
   824    587
   813    588
   824    588
   812    589
   824    589
   812    590
   824    590
   812    591
   824    591
   812    592
   824    592
   812    593
   824    593
   812    594
   824    594
   812    595
   824    595
   812    596
   824    596
   812    597
   824    597
   812    598
   824    598
   811    599
   824    599
   811    600
   824    600
   811    601
   824    601
   811    602
   824    602
   811    603
   824    603
   810    604
   824    604
   810    605
   824    605
   810    606
   824    606
   810    607
   824    607
   810    608
   824    608
   809    609
   824    609
   809    610
   823    610
   809    611
   823    611
   809    612
   823    612
   809    613
   823    613
   808    614
   823    614
   808    615
   823    615
   808    616
   822    616
   808    617
   822    617
   808    618
   822    618
   807    619
   822    619
   807    620
   822    620
   807    621
   821    621
   807    622
   821    622
   806    623
   821    623
   806    624
   821    624
   806    625
   821    625
   806    626
   821    626
   806    627
   821    627
   806    628
   821    628
   805    629
   820    629
   805    630
   820    630
   805    631
   820    631
   805    632
   820    632
   804    633
   820    633
   804    634
   820    634
   804    635
   820    635
   804    636
   820    636
   804    637
   819    637
   803    638
   819    638
   803    639
   819    639
   803    640
   819    640
   803    641
   819    641
   802    642
   819    642
   802    643
   819    643
   802    644
   819    644
   802    645
   819    645
   802    646
   818    646
   801    647
   818    647
   801    648
   818    648
   801    649
   818    649
   801    650
   818    650
   801    651
   818    651
   800    652
   818    652
   800    653
   818    653
   800    654
   817    654
   800    655
   817    655
   799    656
   817    656
   799    657
   817    657
   799    658
   817    658
   799    659
   817    659
   799    660
   817    660
   798    661
   817    661
   798    662
   816    662
   798    663
   816    663
   798    664
   816    664
   798    665
   816    665
   797    666
   816    666
   797    667
   816    667
   816    668
   816    669
