   829    545
   822    546
   829    546
   822    547
   829    547
   822    548
   829    548
   821    549
   829    549
   821    550
   829    550
   821    551
   828    551
   821    552
   828    552
   821    553
   828    553
   820    554
   828    554
   820    555
   828    555
   820    556
   828    556
   820    557
   828    557
   820    558
   828    558
   819    559
   828    559
   819    560
   828    560
   819    561
   828    561
   819    562
   827    562
   818    563
   827    563
   818    564
   827    564
   818    565
   827    565
   818    566
   827    566
   818    567
   827    567
   817    568
   827    568
   817    569
   827    569
   817    570
   827    570
   817    571
   827    571
   817    572
   827    572
   817    573
   827    573
   817    574
   827    574
   817    575
   827    575
   816    576
   827    576
   816    577
   827    577
   816    578
   827    578
   816    579
   827    579
   816    580
   827    580
   816    581
   827    581
   816    582
   827    582
   816    583
   827    583
   815    584
   827    584
   815    585
   827    585
   815    586
   827    586
   815    587
   827    587
   815    588
   827    588
   815    589
   827    589
   815    590
   827    590
   815    591
   827    591
   815    592
   827    592
   815    593
   827    593
   814    594
   827    594
   814    595
   827    595
   814    596
   827    596
   814    597
   827    597
   814    598
   827    598
   814    599
   827    599
   814    600
   827    600
   814    601
   827    601
   813    602
   827    602
   813    603
   827    603
   813    604
   827    604
   813    605
   826    605
   813    606
   826    606
   813    607
   826    607
   812    608
   826    608
   812    609
   826    609
   812    610
   826    610
   812    611
   826    611
   812    612
   826    612
   812    613
   826    613
   811    614
   826    614
   811    615
   826    615
   811    616
   826    616
   811    617
   825    617
   811    618
   825    618
   810    619
   825    619
   810    620
   825    620
   810    621
   824    621
   810    622
   824    622
   809    623
   824    623
   809    624
   824    624
   809    625
   824    625
   809    626
   824    626
   809    627
   824    627
   808    628
   823    628
   808    629
   823    629
   808    630
   823    630
   808    631
   823    631
   808    632
   823    632
   807    633
   823    633
   807    634
   823    634
   807    635
   823    635
   807    636
   822    636
   807    637
   822    637
   806    638
   822    638
   806    639
   822    639
   806    640
   822    640
   806    641
   822    641
   805    642
   822    642
   805    643
   822    643
   805    644
   822    644
   805    645
   822    645
   805    646
   821    646
   804    647
   821    647
   804    648
   821    648
   804    649
   821    649
   804    650
   821    650
   804    651
   821    651
   803    652
   821    652
   803    653
   821    653
   803    654
   820    654
   803    655
   820    655
   802    656
   820    656
   802    657
   820    657
   802    658
   820    658
   802    659
   820    659
   801    660
   820    660
   801    661
   820    661
   801    662
   819    662
   801    663
   819    663
   801    664
   819    664
   801    665
   819    665
   800    666
   819    666
   800    667
   819    667
   800    668
   819    668
   819    669
   819    670
