   823    547
   830    547
   823    548
   830    548
   823    549
   830    549
   822    550
   830    550
   822    551
   830    551
   822    552
   829    552
   822    553
   829    553
   822    554
   829    554
   821    555
   829    555
   821    556
   829    556
   821    557
   829    557
   821    558
   829    558
   821    559
   829    559
   820    560
   829    560
   820    561
   829    561
   820    562
   829    562
   820    563
   829    563
   819    564
   829    564
   819    565
   828    565
   819    566
   828    566
   819    567
   828    567
   819    568
   828    568
   818    569
   828    569
   818    570
   828    570
   818    571
   828    571
   818    572
   828    572
   818    573
   828    573
   818    574
   828    574
   818    575
   828    575
   818    576
   828    576
   817    577
   828    577
   817    578
   828    578
   817    579
   828    579
   817    580
   828    580
   817    581
   828    581
   817    582
   828    582
   817    583
   828    583
   817    584
   828    584
   816    585
   828    585
   816    586
   828    586
   816    587
   828    587
   816    588
   828    588
   816    589
   828    589
   816    590
   828    590
   816    591
   828    591
   816    592
   828    592
   816    593
   828    593
   816    594
   828    594
   815    595
   828    595
   815    596
   828    596
   815    597
   828    597
   815    598
   828    598
   815    599
   828    599
   815    600
   828    600
   815    601
   828    601
   815    602
   828    602
   814    603
   828    603
   814    604
   828    604
   814    605
   828    605
   814    606
   828    606
   814    607
   828    607
   814    608
   828    608
   813    609
   828    609
   813    610
   828    610
   813    611
   828    611
   813    612
   827    612
   813    613
   827    613
   813    614
   827    614
   812    615
   827    615
   812    616
   827    616
   812    617
   827    617
   812    618
   827    618
   812    619
   827    619
   811    620
   826    620
   811    621
   826    621
   811    622
   826    622
   811    623
   826    623
   811    624
   826    624
   810    625
   825    625
   810    626
   825    626
   810    627
   825    627
   810    628
   825    628
   809    629
   825    629
   809    630
   825    630
   809    631
   824    631
   809    632
   824    632
   809    633
   824    633
   809    634
   824    634
   808    635
   824    635
   808    636
   824    636
   808    637
   824    637
   808    638
   824    638
   808    639
   824    639
   807    640
   823    640
   807    641
   823    641
   807    642
   823    642
   807    643
   823    643
   806    644
   823    644
   806    645
   823    645
   806    646
   823    646
   806    647
   823    647
   806    648
   823    648
   805    649
   823    649
   805    650
   823    650
   805    651
   822    651
   805    652
   822    652
   805    653
   822    653
   804    654
   822    654
   804    655
   822    655
   804    656
   822    656
   804    657
   822    657
   803    658
   821    658
   803    659
   821    659
   803    660
   821    660
   803    661
   821    661
   803    662
   821    662
   802    663
   821    663
   802    664
   821    664
   820    665
   820    666
