   821    549
   828    549
   821    550
   828    550
   820    551
   828    551
   820    552
   828    552
   820    553
   828    553
   820    554
   828    554
   820    555
   827    555
   819    556
   827    556
   819    557
   827    557
   819    558
   827    558
   819    559
   827    559
   819    560
   827    560
   818    561
   827    561
   818    562
   827    562
   818    563
   827    563
   818    564
   827    564
   817    565
   826    565
   817    566
   826    566
   817    567
   826    567
   817    568
   826    568
   817    569
   826    569
   816    570
   826    570
   816    571
   826    571
   816    572
   826    572
   816    573
   826    573
   816    574
   826    574
   816    575
   826    575
   816    576
   826    576
   816    577
   826    577
   815    578
   826    578
   815    579
   826    579
   815    580
   826    580
   815    581
   826    581
   815    582
   826    582
   815    583
   826    583
   815    584
   826    584
   815    585
   826    585
   815    586
   826    586
   814    587
   826    587
   814    588
   826    588
   814    589
   826    589
   814    590
   826    590
   814    591
   826    591
   814    592
   826    592
   814    593
   826    593
   814    594
   826    594
   814    595
   826    595
   814    596
   826    596
   813    597
   826    597
   813    598
   826    598
   813    599
   826    599
   813    600
   826    600
   813    601
   826    601
   813    602
   826    602
   812    603
   826    603
   812    604
   826    604
   812    605
   826    605
   812    606
   826    606
   812    607
   826    607
   812    608
   825    608
   812    609
   825    609
   811    610
   825    610
   811    611
   825    611
   811    612
   825    612
   811    613
   825    613
   811    614
   825    614
   811    615
   825    615
   810    616
   825    616
   810    617
   824    617
   810    618
   824    618
   810    619
   824    619
   810    620
   824    620
   809    621
   824    621
   809    622
   823    622
   809    623
   823    623
   809    624
   823    624
   808    625
   823    625
   808    626
   823    626
   808    627
   823    627
   808    628
   823    628
   807    629
   822    629
   807    630
   822    630
   807    631
   822    631
   807    632
   822    632
   807    633
   822    633
   806    634
   822    634
   806    635
   822    635
   806    636
   822    636
   806    637
   821    637
   806    638
   821    638
   805    639
   821    639
   805    640
   821    640
   805    641
   821    641
   805    642
   821    642
   804    643
   821    643
   804    644
   821    644
   804    645
   821    645
   804    646
   821    646
   804    647
   821    647
   803    648
   820    648
   803    649
   820    649
   803    650
   820    650
   803    651
   820    651
   803    652
   820    652
   802    653
   820    653
   802    654
   820    654
   802    655
   819    655
   802    656
   819    656
   801    657
   819    657
   801    658
   819    658
   801    659
   819    659
   801    660
   819    660
   800    661
   819    661
   800    662
   819    662
   800    663
   818    663
   800    664
   818    664
   800    665
   818    665
   800    666
   818    666
   799    667
   818    667
   799    668
   818    668
   799    669
