   827    550
   827    551
   827    552
   819    553
   826    553
   819    554
   826    554
   818    555
   826    555
   818    556
   826    556
   818    557
   826    557
   818    558
   826    558
   818    559
   826    559
   817    560
   826    560
   817    561
   826    561
   817    562
   826    562
   817    563
   826    563
   816    564
   826    564
   816    565
   825    565
   816    566
   825    566
   816    567
   825    567
   816    568
   825    568
   815    569
   825    569
   815    570
   825    570
   815    571
   825    571
   815    572
   825    572
   815    573
   825    573
   815    574
   825    574
   815    575
   825    575
   815    576
   825    576
   814    577
   825    577
   814    578
   825    578
   814    579
   825    579
   814    580
   825    580
   814    581
   825    581
   814    582
   825    582
   814    583
   825    583
   814    584
   825    584
   814    585
   825    585
   813    586
   825    586
   813    587
   825    587
   813    588
   825    588
   813    589
   825    589
   813    590
   825    590
   813    591
   825    591
   813    592
   825    592
   813    593
   825    593
   813    594
   825    594
   813    595
   825    595
   813    596
   825    596
   812    597
   825    597
   812    598
   825    598
   812    599
   825    599
   812    600
   825    600
   812    601
   825    601
   812    602
   825    602
   811    603
   825    603
   811    604
   824    604
   811    605
   824    605
   811    606
   824    606
   810    607
   824    607
   810    608
   824    608
   810    609
   824    609
   810    610
   824    610
   810    611
   824    611
   810    612
   824    612
   809    613
   824    613
   809    614
   824    614
   809    615
   823    615
   809    616
   823    616
   808    617
   823    617
   808    618
   823    618
   808    619
   822    619
   808    620
   822    620
   808    621
   822    621
   807    622
   822    622
   807    623
   822    623
   807    624
   821    624
   807    625
   821    625
   807    626
   821    626
   806    627
   821    627
   806    628
   821    628
   806    629
   821    629
   806    630
   821    630
   806    631
   821    631
   805    632
   821    632
   805    633
   821    633
   805    634
   820    634
   805    635
   820    635
   805    636
   820    636
   804    637
   820    637
   804    638
   820    638
   804    639
   820    639
   804    640
   820    640
   803    641
   820    641
   803    642
   820    642
   803    643
   820    643
   803    644
   819    644
   803    645
   819    645
   802    646
   819    646
   802    647
   819    647
   802    648
   819    648
   802    649
   819    649
   802    650
   819    650
   801    651
   818    651
   801    652
   818    652
   801    653
   818    653
   801    654
   818    654
   800    655
   818    655
   800    656
   818    656
   800    657
   818    657
   800    658
   818    658
   800    659
   817    659
   799    660
   817    660
   799    661
   817    661
   799    662
   817    662
   799    663
   817    663
   798    664
   817    664
   798    665
   817    665
   798    666
   817    666
   798    667
   816    667
   798    668
   816    668
