   939    541
   934    542
   939    542
   934    543
   939    543
   934    544
   939    544
   934    545
   939    545
   934    546
   939    546
   934    547
   939    547
   934    548
   939    548
   933    549
   939    549
   933    550
   938    550
   933    551
   939    551
   933    552
   939    552
   933    553
   939    553
   933    554
   938    554
   932    555
   938    555
   932    556
   938    556
   932    557
   938    557
   932    558
   938    558
   932    559
   938    559
   931    560
   938    560
   931    561
   938    561
   931    562
   938    562
   931    563
   938    563
   931    564
   938    564
   931    565
   938    565
   931    566
   938    566
   931    567
   938    567
   930    568
   938    568
   930    569
   938    569
   930    570
   938    570
   930    571
   938    571
   930    572
   938    572
   929    573
   937    573
   929    574
   937    574
   929    575
   937    575
   929    576
   937    576
   928    577
   937    577
   928    578
   937    578
   928    579
   936    579
   928    580
   936    580
   927    581
   936    581
   927    582
   936    582
   927    583
   936    583
   927    584
   936    584
   927    585
   936    585
   927    586
   936    586
   926    587
   935    587
   926    588
   935    588
   926    589
   935    589
   926    590
   935    590
   926    591
   935    591
   926    592
   935    592
   925    593
   935    593
   925    594
   935    594
   925    595
   935    595
   925    596
   935    596
   925    597
   935    597
   925    598
   935    598
   925    599
   935    599
   924    600
   935    600
   924    601
   935    601
   924    602
   935    602
   924    603
   935    603
   924    604
   935    604
   924    605
   935    605
   924    606
   935    606
   924    607
   935    607
   923    608
   935    608
   923    609
   935    609
   923    610
   934    610
   923    611
   935    611
   923    612
   935    612
   923    613
   935    613
   923    614
   935    614
   923    615
   935    615
   922    616
   935    616
   922    617
   934    617
   922    618
   934    618
   922    619
   935    619
   922    620
   935    620
   922    621
   935    621
   922    622
   935    622
   922    623
   934    623
   922    624
   934    624
   922    625
   934    625
   921    626
   934    626
   921    627
   934    627
   921    628
   934    628
   921    629
   934    629
   921    630
   934    630
   921    631
   934    631
   921    632
   934    632
   921    633
   934    633
   921    634
   934    634
   920    635
   934    635
   920    636
   934    636
   920    637
   934    637
   920    638
   934    638
   920    639
   934    639
   920    640
   934    640
   919    641
   934    641
   919    642
   934    642
   919    643
   934    643
   919    644
   934    644
   919    645
   934    645
   919    646
   934    646
   919    647
   934    647
   919    648
   934    648
   918    649
   934    649
   918    650
   934    650
   918    651
   934    651
   918    652
   934    652
   918    653
   934    653
   918    654
   934    654
   918    655
   934    655
   918    656
   934    656
   917    657
   934    657
   917    658
   934    658
   917    659
   934    659
   917    660
   933    660
   917    661
   933    661
   917    662
   933    662
   917    663
   933    663
   916    664
   933    664
   916    665
   933    665
   916    666
   933    666
   916    667
   933    667
   916    668
   933    668
   916    669
   933    669
   916    670
   933    670
   915    671
   933    671
   915    672
   933    672
   915    673
   933    673
