   933    552
   939    552
   933    553
   939    553
   933    554
   939    554
   933    555
   939    555
   932    556
   939    556
   932    557
   938    557
   932    558
   938    558
   932    559
   938    559
   931    560
   938    560
   931    561
   938    561
   931    562
   938    562
   931    563
   938    563
   931    564
   938    564
   931    565
   938    565
   931    566
   938    566
   931    567
   938    567
   930    568
   938    568
   930    569
   938    569
   930    570
   938    570
   930    571
   938    571
   930    572
   938    572
   930    573
   937    573
   929    574
   937    574
   929    575
   937    575
   929    576
   937    576
   929    577
   937    577
   928    578
   937    578
   928    579
   937    579
   928    580
   937    580
   928    581
   936    581
   927    582
   936    582
   927    583
   936    583
   927    584
   936    584
   927    585
   936    585
   926    586
   936    586
   926    587
   936    587
   926    588
   936    588
   926    589
   936    589
   926    590
   935    590
   926    591
   935    591
   925    592
   935    592
   925    593
   935    593
   925    594
   935    594
   925    595
   935    595
   925    596
   935    596
   925    597
   935    597
   924    598
   935    598
   924    599
   935    599
   924    600
   935    600
   924    601
   935    601
   924    602
   935    602
   924    603
   935    603
   924    604
   935    604
   923    605
   934    605
   923    606
   934    606
   923    607
   934    607
   923    608
   934    608
   923    609
   934    609
   923    610
   934    610
   923    611
   934    611
   923    612
   934    612
   922    613
   934    613
   922    614
   934    614
   922    615
   934    615
   922    616
   934    616
   922    617
   934    617
   922    618
   934    618
   922    619
   934    619
   922    620
   934    620
   921    621
   934    621
   921    622
   934    622
   921    623
   934    623
   921    624
   934    624
   921    625
   934    625
   921    626
   934    626
   921    627
   934    627
   921    628
   934    628
   920    629
   934    629
   920    630
   934    630
   920    631
   934    631
   920    632
   934    632
   920    633
   934    633
   920    634
   934    634
   920    635
   934    635
   920    636
   934    636
   920    637
   934    637
   920    638
   934    638
   919    639
   934    639
   919    640
   934    640
   919    641
   934    641
   919    642
   934    642
   919    643
   934    643
   919    644
   934    644
   919    645
   934    645
   919    646
   934    646
   918    647
   934    647
   918    648
   934    648
   918    649
   934    649
   918    650
   934    650
   918    651
   934    651
   918    652
   933    652
   917    653
   933    653
   917    654
   933    654
   917    655
   933    655
   917    656
   933    656
   917    657
   933    657
   917    658
   933    658
   917    659
   933    659
   917    660
   933    660
   917    661
   933    661
   916    662
   933    662
   916    663
   933    663
   916    664
   933    664
   916    665
   933    665
   916    666
   933    666
   916    667
   933    667
   916    668
   933    668
   915    669
   933    669
   915    670
   933    670
   915    671
   933    671
   915    672
   933    672
   915    673
   933    673
   915    674
   933    674
   915    675
   933    675
