   867    569
   867    570
   861    571
   862    571
   866    571
   862    572
   866    572
   862    573
   866    573
   862    574
   866    574
   862    575
   867    575
   862    576
   867    576
   868    576
   862    577
   867    577
   861    578
   861    579
   867    579
   868    579
   859    580
   860    580
   861    580
   867    580
   866    581
   861    582
   866    582
   859    583
   860    583
   861    583
   866    583
   861    584
   866    584
   861    585
   866    585
   861    586
   867    586
   861    587
   867    587
   861    588
   866    588
   861    589
   866    589
   861    590
   866    590
   861    591
   866    591
   860    592
   866    592
   860    593
   866    593
   860    594
   866    594
   860    595
   866    595
   860    596
   866    596
   860    597
   866    597
   860    598
   867    598
   860    599
   867    599
   860    600
   867    600
   860    601
   867    601
   860    602
   867    602
   860    603
   867    603
   860    604
   867    604
   860    605
   867    605
   860    606
   867    606
   860    607
   868    607
   860    608
   868    608
   860    609
   868    609
   860    610
   868    610
   859    611
   867    611
   859    612
   867    612
   859    613
   867    613
   858    614
   867    614
   858    615
   867    615
   858    616
   866    616
   858    617
   866    617
   857    618
   866    618
   857    619
   866    619
   857    620
   866    620
   857    621
   865    621
   856    622
   865    622
   856    623
   865    623
   856    624
   865    624
   856    625
   865    625
   856    626
   865    626
   856    627
   865    627
   856    628
   865    628
   856    629
   865    629
   856    630
   865    630
   856    631
   865    631
   856    632
   865    632
   856    633
   865    633
   856    634
   866    634
   856    635
   866    635
   855    636
   865    636
   855    637
   865    637
   855    638
   865    638
   855    639
   865    639
   855    640
   865    640
   855    641
   865    641
   855    642
   865    642
   855    643
   865    643
   855    644
   865    644
   854    645
   865    645
   854    646
   865    646
   854    647
   865    647
   854    648
   865    648
   854    649
   865    649
   854    650
   865    650
   854    651
   865    651
   853    652
   865    652
   853    653
   865    653
   853    654
   865    654
   811    655
   853    655
   865    655
   853    656
   865    656
   853    657
   865    657
   853    658
   865    658
   853    659
   865    659
   852    660
   865    660
   813    661
   852    661
   865    661
   814    662
   815    662
   816    662
   852    662
   865    662
   816    663
   817    663
   818    663
   852    663
   865    663
   818    664
   819    664
   820    664
   852    664
   865    664
   821    665
   822    665
   823    665
   852    665
   865    665
   824    666
   825    666
   852    666
   865    666
   826    667
   827    667
   828    667
   852    667
   865    667
   814    668
   815    668
   828    668
   829    668
   830    668
   852    668
   865    668
   815    669
   816    669
   817    669
   830    669
   831    669
   832    669
   852    669
   865    669
   818    670
   819    670
   820    670
   832    670
   833    670
   834    670
   852    670
   865    670
   820    671
   821    671
   822    671
   835    671
   836    671
   851    671
   865    671
   822    672
   823    672
   824    672
   836    672
   837    672
   838    672
   851    672
   865    672
   824    673
   825    673
   826    673
   838    673
   839    673
   840    673
   851    673
   865    673
   826    674
   827    674
   840    674
   841    674
   842    674
   851    674
   865    674
   827    675
   828    675
   829    675
   842    675
   843    675
   844    675
   851    675
   865    675
   829    676
   830    676
   844    676
   845    676
   851    676
   865    676
   830    677
   831    677
   832    677
   845    677
   846    677
   847    677
   851    677
   865    677
   832    678
   833    678
   847    678
   848    678
   851    678
   865    678
   833    679
   834    679
   848    679
   849    679
   851    679
   865    679
   834    680
   835    680
   849    680
   865    680
   835    681
   836    681
   837    681
   866    681
   837    682
   838    682
   866    682
   838    683
   839    683
   866    683
   839    684
   866    684
   840    685
   866    685
   840    686
   841    686
   866    686
   841    687
   842    687
   866    687
   842    688
   843    688
   866    688
   843    689
   866    689
   843    690
   844    690
   866    690
   844    691
   845    691
   866    691
   845    692
   866    692
   845    693
   846    693
   866    693
   846    694
   866    694
   846    695
   866    695
   847    696
   866    696
   847    697
   866    697
   847    698
   866    698
   848    699
   866    699
   848    700
   866    700
   848    701
   866    701
   849    702
   866    702
   849    703
   866    703
   849    704
   866    704
   849    705
   866    705
   849    706
   866    706
   848    707
   866    707
   849    708
   866    708
   849    709
   866    709
   849    710
   849    711
   849    712
   849    713
   849    714
   849    715
   849    716
   848    717
   848    718
   848    719
   848    720
