   871    567
   875    567
   871    568
   875    568
   870    569
   875    569
   870    570
   874    570
   870    571
   875    571
   866    572
   869    572
   875    572
   876    572
   877    572
   878    572
   866    573
   869    573
   874    573
   866    574
   869    574
   874    574
   875    574
   865    575
   868    575
   873    575
   874    575
   876    575
   868    576
   873    576
   876    576
   877    576
   867    577
   868    577
   873    577
   866    578
   867    578
   873    578
   864    579
   865    579
   866    579
   873    579
   866    580
   873    580
   865    581
   866    581
   873    581
   863    582
   864    582
   866    582
   872    582
   863    583
   866    583
   872    583
   862    584
   866    584
   872    584
   862    585
   866    585
   872    585
   862    586
   866    586
   872    586
   866    587
   871    587
   865    588
   871    588
   865    589
   871    589
   865    590
   871    590
   865    591
   871    591
   865    592
   871    592
   864    593
   871    593
   864    594
   870    594
   864    595
   870    595
   863    596
   870    596
   863    597
   870    597
   863    598
   869    598
   863    599
   869    599
   862    600
   869    600
   862    601
   869    601
   861    602
   869    602
   861    603
   868    603
   860    604
   861    604
   868    604
   860    605
   868    605
   859    606
   860    606
   868    606
   859    607
   868    607
   859    608
   867    608
   868    608
   859    609
   867    609
   858    610
   867    610
   858    611
   866    611
   858    612
   866    612
   858    613
   866    613
   857    614
   866    614
   857    615
   866    615
   857    616
   866    616
   857    617
   866    617
   857    618
   865    618
   856    619
   865    619
   856    620
   865    620
   856    621
   865    621
   856    622
   865    622
   855    623
   865    623
   855    624
   865    624
   855    625
   864    625
   855    626
   864    626
   854    627
   864    627
   854    628
   864    628
   854    629
   864    629
   854    630
   864    630
   853    631
   864    631
   853    632
   864    632
   853    633
   863    633
   853    634
   863    634
   853    635
   863    635
   853    636
   863    636
   852    637
   863    637
   852    638
   863    638
   852    639
   863    639
   852    640
   863    640
   852    641
   863    641
   851    642
   863    642
   851    643
   863    643
   850    644
   862    644
   850    645
   862    645
   850    646
   862    646
   850    647
   862    647
   849    648
   862    648
   758    649
   849    649
   862    649
   849    650
   862    650
   743    651
   744    651
   745    651
   849    651
   862    651
   733    652
   734    652
   746    652
   747    652
   748    652
   749    652
   848    652
   861    652
   735    653
   736    653
   737    653
   738    653
   739    653
   750    653
   751    653
   752    653
   753    653
   754    653
   848    653
   861    653
   740    654
   741    654
   742    654
   743    654
   744    654
   755    654
   756    654
   757    654
   758    654
   759    654
   848    654
   861    654
   745    655
   746    655
   747    655
   748    655
   749    655
   760    655
   761    655
   762    655
   763    655
   848    655
   861    655
   750    656
   751    656
   752    656
   764    656
   765    656
   766    656
   767    656
   847    656
   861    656
   753    657
   754    657
   755    657
   756    657
   768    657
   769    657
   847    657
   860    657
   757    658
   758    658
   759    658
   760    658
   772    658
   773    658
   774    658
   847    658
   860    658
   761    659
   762    659
   763    659
   775    659
   776    659
   777    659
   846    659
   860    659
   764    660
   765    660
   766    660
   778    660
   779    660
   780    660
   846    660
   860    660
   767    661
   768    661
   769    661
   770    661
   781    661
   782    661
   783    661
   801    661
   846    661
   860    661
   771    662
   772    662
   773    662
   784    662
   785    662
   786    662
   845    662
   859    662
   774    663
   775    663
   776    663
   787    663
   788    663
   789    663
   790    663
   845    663
   859    663
   776    664
   777    664
   778    664
   779    664
   791    664
   792    664
   793    664
   845    664
   859    664
   780    665
   781    665
   794    665
   795    665
   844    665
   858    665
   782    666
   783    666
   784    666
   796    666
   797    666
   798    666
   844    666
   858    666
   785    667
   786    667
   787    667
   799    667
   800    667
   843    667
   858    667
   787    668
   788    668
   800    668
   801    668
   802    668
   803    668
   843    668
   858    668
   789    669
   790    669
   791    669
   803    669
   804    669
   805    669
   843    669
   858    669
   791    670
   792    670
   793    670
   806    670
   807    670
   843    670
   857    670
   793    671
   794    671
   795    671
   807    671
   808    671
   809    671
   842    671
   857    671
   795    672
   796    672
   797    672
   809    672
   810    672
   811    672
   842    672
   857    672
   797    673
   798    673
   799    673
   811    673
   812    673
   813    673
   842    673
   857    673
   799    674
   800    674
   801    674
   813    674
   814    674
   815    674
   842    674
   857    674
   801    675
   802    675
   815    675
   816    675
   817    675
   841    675
   856    675
   802    676
   803    676
   804    676
   817    676
   818    676
   819    676
   841    676
   856    676
   804    677
   805    677
   806    677
   819    677
   820    677
   841    677
   856    677
   806    678
   807    678
   820    678
   821    678
   822    678
   841    678
   856    678
   807    679
   808    679
   822    679
   823    679
   840    679
   856    679
   808    680
   809    680
   823    680
   824    680
   840    680
   855    680
   809    681
   810    681
   824    681
   825    681
   840    681
   855    681
   810    682
   811    682
   825    682
   826    682
   839    682
   855    682
   811    683
   812    683
   813    683
   826    683
   827    683
   839    683
   855    683
   813    684
   814    684
   827    684
   828    684
   829    684
   839    684
   855    684
   814    685
   815    685
   829    685
   830    685
   838    685
   854    685
   815    686
   816    686
   830    686
   831    686
   838    686
   854    686
   816    687
   817    687
   831    687
   832    687
   838    687
   854    687
   817    688
   818    688
   832    688
   833    688
   838    688
   854    688
   818    689
   833    689
   834    689
   837    689
   838    689
   854    689
   818    690
   819    690
   834    690
   835    690
   837    690
   854    690
   819    691
   820    691
   835    691
   836    691
   837    691
   853    691
   820    692
   821    692
   853    692
   821    693
   822    693
   853    693
   822    694
   853    694
   822    695
   823    695
   853    695
   823    696
   852    696
   823    697
   824    697
   852    697
   824    698
   852    698
   824    699
   825    699
   852    699
   825    700
   852    700
   826    701
   852    701
   826    702
   851    702
   826    703
   851    703
   826    704
   851    704
   826    705
   851    705
   827    706
   851    706
   827    707
   851    707
   827    708
   850    708
   827    709
   850    709
   827    710
   850    710
   850    711
   850    712
   817    713
   850    713
