   270    666
   271    666
   272    667
   273    667
   274    667
   275    667
   276    667
   277    667
   278    667
   279    667
   280    667
   267    668
   281    668
   282    668
   283    668
   284    668
   285    668
   286    668
   287    668
   288    668
   289    668
   290    668
   268    669
   269    669
   270    669
   271    669
   272    669
   273    669
   274    669
   275    669
   276    669
   291    669
   292    669
   293    669
   294    669
   295    669
   296    669
   297    669
   298    669
   277    670
   278    670
   279    670
   280    670
   281    670
   282    670
   283    670
   284    670
   299    670
   300    670
   301    670
   302    670
   303    670
   304    670
   305    670
   285    671
   286    671
   287    671
   288    671
   289    671
   290    671
   291    671
   292    671
   306    671
   307    671
   308    671
   309    671
   310    671
   311    671
   312    671
   313    671
   293    672
   294    672
   295    672
   296    672
   297    672
   298    672
   299    672
   300    672
   314    672
   315    672
   316    672
   317    672
   318    672
   319    672
   320    672
   301    673
   302    673
   303    673
   304    673
   305    673
   306    673
   321    673
   322    673
   323    673
   324    673
   325    673
   326    673
   307    674
   308    674
   309    674
   310    674
   327    674
   328    674
   329    674
   330    674
   331    674
   332    674
   333    674
   334    674
   335    675
   336    675
   337    675
   338    675
   339    675
   340    675
   341    675
   321    676
   322    676
   323    676
   324    676
   325    676
   326    676
   327    676
   342    676
   343    676
   344    676
   345    676
   346    676
   347    676
   348    676
   328    677
   329    677
   330    677
   331    677
   332    677
   333    677
   334    677
   349    677
   350    677
   351    677
   352    677
   353    677
   354    677
   355    677
   335    678
   336    678
   337    678
   338    678
   339    678
   340    678
   341    678
   356    678
   357    678
   358    678
   359    678
   360    678
   361    678
   342    679
   343    679
   344    679
   345    679
   346    679
   347    679
   348    679
   362    679
   363    679
   364    679
   365    679
   366    679
   367    679
   368    679
   349    680
   350    680
   351    680
   352    680
   353    680
   354    680
   369    680
   370    680
   371    680
   372    680
   373    680
   374    680
   355    681
   356    681
   357    681
   358    681
   359    681
   360    681
   375    681
   376    681
   377    681
   378    681
   379    681
   361    682
   362    682
   363    682
   364    682
   365    682
   366    682
   367    682
   380    682
   381    682
   382    682
   383    682
   384    682
   385    682
   368    683
   369    683
   370    683
   371    683
   372    683
   386    683
   387    683
   388    683
   389    683
   390    683
   391    683
   373    684
   374    684
   375    684
   376    684
   377    684
   378    684
   392    684
   393    684
   394    684
   395    684
   396    684
   397    684
   379    685
   380    685
   381    685
   382    685
   383    685
   398    685
   399    685
   400    685
   401    685
   402    685
   403    685
   384    686
   385    686
   386    686
   387    686
   388    686
   389    686
   404    686
   405    686
   406    686
   407    686
   408    686
   390    687
   391    687
   392    687
   393    687
   394    687
   395    687
   409    687
   410    687
   411    687
   412    687
   396    688
   397    688
   398    688
   399    688
   400    688
   401    688
   413    688
   414    688
   415    688
   416    688
   417    688
   418    688
   419    688
   402    689
   403    689
   404    689
   405    689
   420    689
   421    689
   422    689
   423    689
   424    689
   406    690
   407    690
   408    690
   409    690
   410    690
   425    690
   426    690
   427    690
   428    690
   411    691
   412    691
   413    691
   414    691
   415    691
   429    691
   430    691
   431    691
   432    691
   433    691
   416    692
   417    692
   418    692
   419    692
   420    692
   434    692
   435    692
   436    692
   437    692
   421    693
   422    693
   423    693
   424    693
   425    693
   438    693
   439    693
   440    693
   441    693
   426    694
   427    694
   428    694
   429    694
   442    694
   443    694
   444    694
   445    694
   446    694
   430    695
   431    695
   432    695
   433    695
   447    695
   448    695
   449    695
   450    695
   434    696
   435    696
   436    696
   451    696
   452    696
   453    696
   454    696
   455    696
   437    697
   438    697
   439    697
   440    697
   441    697
   456    697
   457    697
   458    697
   459    697
   442    698
   443    698
   444    698
   445    698
   460    698
   461    698
   462    698
   446    699
   447    699
   448    699
   449    699
   463    699
   464    699
   465    699
   466    699
   467    699
   450    700
   451    700
   452    700
   453    700
   468    700
   469    700
   470    700
   454    701
   455    701
   456    701
   457    701
   471    701
   472    701
   473    701
   474    701
   458    702
   459    702
   460    702
   475    702
   476    702
   477    702
   478    702
   461    703
   462    703
   463    703
   464    703
   479    703
   480    703
   481    703
   482    703
   465    704
   466    704
   467    704
   483    704
   484    704
   485    704
   486    704
   468    705
   469    705
   470    705
   471    705
   487    705
   488    705
   489    705
   490    705
   472    706
   473    706
   474    706
   491    706
   492    706
   475    707
   476    707
   477    707
   493    707
   494    707
   495    707
   478    708
   479    708
   480    708
   481    708
   496    708
   497    708
   498    708
   499    708
   482    709
   483    709
   484    709
   500    709
   501    709
   502    709
   503    709
   485    710
   486    710
   487    710
   504    710
   505    710
   506    710
   488    711
   489    711
   490    711
   507    711
   508    711
   491    712
   492    712
   493    712
   494    712
   495    713
   496    713
   497    713
   498    714
   499    714
   500    714
   501    715
   502    715
   503    715
   504    716
   505    716
