   849    616
   850    616
   851    616
   852    616
   853    616
   852    617
   853    617
   854    617
   855    617
   856    617
   857    617
   858    617
   853    618
   854    618
   855    618
   856    618
   857    618
   858    618
   859    618
   860    618
   861    618
   855    619
   856    619
   857    619
   858    619
   859    619
   860    619
   861    619
   862    619
   863    619
   858    620
   859    620
   860    620
   861    620
   862    620
   863    620
   864    620
   865    620
   861    621
   862    621
   863    621
   864    621
   865    621
   866    621
   867    621
   868    621
   869    621
   864    622
   865    622
   866    622
   867    622
   868    622
   869    622
   870    622
   871    622
   865    623
   866    623
   867    623
   868    623
   869    623
   870    623
   871    623
   872    623
   873    623
   867    624
   868    624
   869    624
   870    624
   871    624
   872    624
   873    624
   874    624
   875    624
   876    624
   868    625
   869    625
   870    625
   871    625
   872    625
   873    625
   874    625
   875    625
   876    625
   877    625
   878    625
   870    626
   871    626
   872    626
   873    626
   874    626
   875    626
   876    626
   877    626
   878    626
   879    626
   871    627
   872    627
   873    627
   874    627
   875    627
   876    627
   877    627
   878    627
   879    627
   880    627
   871    628
   872    628
   873    628
   874    628
   875    628
   876    628
   877    628
   878    628
   879    628
   880    628
   881    628
   872    629
   873    629
   874    629
   875    629
   876    629
   877    629
   878    629
   879    629
   880    629
   881    629
   872    630
   873    630
   874    630
   875    630
   876    630
   877    630
   878    630
   879    630
   880    630
   881    630
   873    631
   874    631
   875    631
   876    631
   877    631
   878    631
   879    631
   880    631
   881    631
   882    631
   873    632
   874    632
   875    632
   876    632
   877    632
   878    632
   879    632
   880    632
   881    632
   882    632
   872    633
   873    633
   874    633
   875    633
   876    633
   877    633
   878    633
   879    633
   880    633
   881    633
   872    634
   873    634
   874    634
   875    634
   876    634
   877    634
   878    634
   879    634
   880    634
   881    634
   882    634
   872    635
   873    635
   874    635
   875    635
   876    635
   877    635
   878    635
   879    635
   880    635
   881    635
   882    635
   872    636
   873    636
   874    636
   875    636
   876    636
   877    636
   878    636
   879    636
   880    636
   881    636
   871    637
   872    637
   873    637
   874    637
   875    637
   876    637
   877    637
   878    637
   879    637
   880    637
   881    637
   872    638
   873    638
   874    638
   875    638
   876    638
   877    638
   878    638
   879    638
   880    638
   881    638
   872    639
   873    639
   874    639
   875    639
   876    639
   877    639
   878    639
   879    639
   880    639
   881    639
   871    640
   872    640
   873    640
   874    640
   875    640
   876    640
   877    640
   878    640
   879    640
   880    640
   881    640
   870    641
   871    641
   872    641
   873    641
   874    641
   875    641
   876    641
   877    641
   878    641
   879    641
   880    641
   881    641
   870    642
   871    642
   872    642
   873    642
   874    642
   875    642
   876    642
   877    642
   878    642
   879    642
   880    642
   881    642
   871    643
   872    643
   873    643
   874    643
   875    643
   876    643
   877    643
   878    643
   879    643
   880    643
   870    644
   871    644
   872    644
   873    644
   874    644
   875    644
   876    644
   877    644
   878    644
   879    644
   880    644
   869    645
   870    645
   871    645
   872    645
   873    645
   874    645
   875    645
   876    645
   877    645
   878    645
   879    645
   880    645
   869    646
   870    646
   871    646
   872    646
   873    646
   874    646
   875    646
   876    646
   877    646
   878    646
   879    646
   880    646
   869    647
   870    647
   871    647
   872    647
   873    647
   874    647
   875    647
   876    647
   877    647
   878    647
   879    647
   869    648
   870    648
   871    648
   872    648
   873    648
   874    648
   875    648
   876    648
   877    648
   878    648
   879    648
   868    649
   869    649
   870    649
   871    649
   872    649
   873    649
   874    649
   875    649
   876    649
   877    649
   878    649
   879    649
   867    650
   868    650
   869    650
   870    650
   871    650
   872    650
   873    650
   874    650
   875    650
   876    650
   877    650
   878    650
   879    650
   867    651
   868    651
   869    651
   870    651
   871    651
   872    651
   873    651
   874    651
   875    651
   876    651
   877    651
   878    651
   867    652
   868    652
   869    652
   870    652
   871    652
   872    652
   873    652
   874    652
   875    652
   876    652
   877    652
   878    652
   867    653
   868    653
   869    653
   870    653
   871    653
   872    653
   873    653
   874    653
   875    653
   876    653
   877    653
   878    653
   866    654
   867    654
   868    654
   869    654
   870    654
   871    654
   872    654
   873    654
   874    654
   875    654
   876    654
   877    654
   878    654
   866    655
   867    655
   868    655
   869    655
   870    655
   871    655
   872    655
   873    655
   874    655
   875    655
   876    655
   877    655
   866    656
   867    656
   868    656
   869    656
   870    656
   871    656
   872    656
   873    656
   874    656
   875    656
   876    656
   877    656
   866    657
   867    657
   868    657
   869    657
   870    657
   871    657
   872    657
   873    657
   874    657
   875    657
   876    657
   877    657
   865    658
   866    658
   867    658
   868    658
   869    658
   870    658
   871    658
   872    658
   873    658
   874    658
   875    658
   876    658
   877    658
   865    659
   866    659
   867    659
   868    659
   869    659
   870    659
   871    659
   872    659
   873    659
   874    659
   875    659
   876    659
   864    660
   865    660
   866    660
   867    660
   868    660
   869    660
   870    660
   871    660
   872    660
   873    660
   874    660
   875    660
   876    660
   864    661
   865    661
   866    661
   867    661
   868    661
   869    661
   870    661
   871    661
   872    661
   873    661
   874    661
   875    661
   876    661
   864    662
   865    662
   866    662
   867    662
   868    662
   869    662
   870    662
   871    662
   872    662
   873    662
   874    662
   875    662
   876    662
   863    663
   864    663
   865    663
   866    663
   867    663
   868    663
   869    663
   870    663
   871    663
   872    663
   873    663
   874    663
   875    663
   863    664
   864    664
   865    664
   866    664
   867    664
   868    664
   869    664
   870    664
   871    664
   872    664
   873    664
   874    664
   875    664
   862    665
   863    665
   864    665
   865    665
   866    665
   867    665
   868    665
   869    665
   870    665
   871    665
   872    665
   873    665
   874    665
   875    665
   862    666
   863    666
   864    666
   865    666
   866    666
   867    666
   868    666
   869    666
   870    666
   871    666
   872    666
   873    666
   874    666
   862    667
   863    667
   864    667
   865    667
   866    667
   867    667
   868    667
   869    667
   870    667
   871    667
   872    667
   873    667
   874    667
   862    668
   863    668
   864    668
   865    668
   866    668
   867    668
   868    668
   869    668
   870    668
   871    668
   872    668
   873    668
   874    668
   861    669
   862    669
   863    669
   864    669
   865    669
   866    669
   867    669
   868    669
   869    669
   870    669
   871    669
   872    669
   873    669
   874    669
   861    670
   862    670
   863    670
   864    670
   865    670
   866    670
   867    670
   868    670
   869    670
   870    670
   871    670
   872    670
   873    670
   861    671
   862    671
   863    671
   864    671
   865    671
   866    671
   867    671
   868    671
   869    671
   870    671
   871    671
   872    671
   873    671
   860    672
   861    672
   862    672
   863    672
   864    672
   865    672
   866    672
   867    672
   868    672
   869    672
   870    672
   871    672
   872    672
   873    672
   860    673
   861    673
   862    673
   863    673
   864    673
   865    673
   866    673
   867    673
   868    673
   869    673
   870    673
   871    673
   872    673
   873    673
   859    674
   860    674
   861    674
   862    674
   863    674
   864    674
   865    674
   866    674
   867    674
   868    674
   869    674
   870    674
   871    674
   872    674
   859    675
   860    675
   861    675
   862    675
   863    675
   864    675
   865    675
   866    675
   867    675
   868    675
   869    675
   870    675
   871    675
   872    675
   859    676
   860    676
   861    676
   862    676
   863    676
   864    676
   865    676
   866    676
   867    676
   868    676
   869    676
   870    676
   871    676
   872    676
   859    677
   860    677
   861    677
   862    677
   863    677
   864    677
   865    677
   866    677
   867    677
   868    677
   869    677
   870    677
   871    677
   872    677
   858    678
   859    678
   860    678
   861    678
   862    678
   863    678
   864    678
   865    678
   866    678
   867    678
   868    678
   869    678
   870    678
   871    678
   858    679
   859    679
   860    679
   861    679
   862    679
   863    679
   864    679
   865    679
   866    679
   867    679
   868    679
   869    679
   870    679
   871    679
   857    680
   858    680
   859    680
   860    680
   861    680
   862    680
   863    680
   864    680
   865    680
   866    680
   867    680
   868    680
   869    680
   870    680
   871    680
   857    681
   858    681
   859    681
   860    681
   861    681
   862    681
   863    681
   864    681
   865    681
   866    681
   867    681
   868    681
   869    681
   870    681
   871    681
   857    682
   858    682
   859    682
   860    682
   861    682
   862    682
   863    682
   864    682
   865    682
   866    682
   867    682
   868    682
   869    682
   870    682
   857    683
   858    683
   859    683
   860    683
   861    683
   862    683
   863    683
   864    683
   865    683
   866    683
   867    683
   868    683
   869    683
   870    683
   856    684
   857    684
   858    684
   859    684
   860    684
   861    684
   862    684
   863    684
   864    684
   865    684
   866    684
   867    684
   868    684
   869    684
   870    684
   855    685
   856    685
   857    685
   858    685
   859    685
   860    685
   861    685
   862    685
   863    685
   864    685
   865    685
   866    685
   867    685
   868    685
   869    685
   870    685
   855    686
   856    686
   857    686
   858    686
   859    686
   860    686
   861    686
   862    686
   863    686
   864    686
   865    686
   866    686
   867    686
   868    686
   869    686
   855    687
   856    687
   857    687
   858    687
   859    687
   860    687
   861    687
   862    687
   863    687
   864    687
   865    687
   866    687
   867    687
   868    687
   869    687
   855    688
   856    688
   857    688
   858    688
   859    688
   860    688
   861    688
   862    688
   863    688
   864    688
   865    688
   866    688
   867    688
   868    688
   869    688
   854    689
   855    689
   856    689
   857    689
   858    689
   859    689
   860    689
   861    689
   862    689
   863    689
   864    689
   865    689
   866    689
   867    689
   868    689
   869    689
   853    690
   854    690
   855    690
   856    690
   857    690
   858    690
   859    690
   860    690
   861    690
   862    690
   863    690
   864    690
   865    690
   866    690
   867    690
   868    690
   853    691
   854    691
   855    691
   856    691
   857    691
   858    691
   859    691
   860    691
   861    691
   862    691
   863    691
   864    691
   865    691
   866    691
   867    691
   868    691
   853    692
   854    692
   855    692
   856    692
   857    692
   858    692
   859    692
   860    692
   861    692
   862    692
   863    692
   864    692
   865    692
   866    692
   867    692
   868    692
   853    693
   854    693
   855    693
   856    693
   857    693
   858    693
   859    693
   860    693
   861    693
   862    693
   863    693
   864    693
   865    693
   866    693
   867    693
   868    693
   852    694
   853    694
   854    694
   855    694
   856    694
   857    694
   858    694
   859    694
   860    694
   861    694
   862    694
   863    694
   864    694
   865    694
   866    694
   867    694
   852    695
   853    695
   854    695
   855    695
   856    695
   857    695
   858    695
   859    695
   860    695
   861    695
   862    695
   863    695
   864    695
   865    695
   866    695
   867    695
   852    696
   853    696
   854    696
   855    696
   856    696
   857    696
   858    696
   859    696
   860    696
   861    696
   862    696
   863    696
   864    696
   865    696
   866    696
   867    696
   852    697
   853    697
   854    697
   855    697
   856    697
   857    697
   858    697
   859    697
   860    697
   861    697
   862    697
   863    697
   864    697
   865    697
   866    697
   851    698
   852    698
   853    698
   854    698
   855    698
   856    698
   857    698
   858    698
   859    698
   860    698
   861    698
   862    698
   863    698
   864    698
   865    698
   866    698
   851    699
   852    699
   853    699
   854    699
   855    699
   856    699
   857    699
   858    699
   859    699
   860    699
   861    699
   862    699
   863    699
   864    699
   865    699
   866    699
   850    700
   851    700
   852    700
   853    700
   854    700
   855    700
   856    700
   857    700
   858    700
   859    700
   860    700
   861    700
   862    700
   863    700
   864    700
   865    700
   866    700
   850    701
   851    701
   852    701
   853    701
   854    701
   855    701
   856    701
   857    701
   858    701
   859    701
   860    701
   861    701
   862    701
   863    701
   864    701
   865    701
   866    701
   850    702
   851    702
   852    702
   853    702
   854    702
   855    702
   856    702
   857    702
   858    702
   859    702
   860    702
   861    702
   862    702
   863    702
   864    702
   865    702
   850    703
   851    703
   852    703
   853    703
   854    703
   855    703
   856    703
   857    703
   858    703
   859    703
   860    703
   861    703
   862    703
   863    703
   864    703
   865    703
   849    704
   850    704
   851    704
   852    704
   853    704
   854    704
   855    704
   856    704
   857    704
   858    704
   859    704
   860    704
   861    704
   862    704
   863    704
   864    704
   865    704
   848    705
   849    705
   850    705
   851    705
   852    705
   853    705
   854    705
   855    705
   856    705
   857    705
   858    705
   859    705
   860    705
   861    705
   862    705
   863    705
   864    705
   865    705
   848    706
   849    706
   850    706
   851    706
   852    706
   853    706
   854    706
   855    706
   856    706
   857    706
   858    706
   859    706
   860    706
   861    706
   862    706
   863    706
   864    706
   848    707
   849    707
   850    707
   851    707
   852    707
   853    707
   854    707
   855    707
   856    707
   857    707
   858    707
   859    707
   860    707
   861    707
   862    707
   863    707
   848    708
   849    708
   850    708
   851    708
   852    708
   853    708
   854    708
   855    708
   856    708
   857    708
   858    708
   859    708
   860    708
   861    708
   862    708
   863    708
   864    708
   847    709
   848    709
   849    709
   850    709
   851    709
   852    709
   853    709
   854    709
   855    709
   856    709
   857    709
   858    709
   859    709
   860    709
   861    709
   862    709
   863    709
   864    709
   847    710
   848    710
   849    710
   850    710
   851    710
   852    710
   853    710
   854    710
   855    710
   856    710
   857    710
   858    710
   859    710
   860    710
   861    710
   862    710
   863    710
   846    711
   847    711
   848    711
   849    711
   850    711
   851    711
   852    711
   853    711
   854    711
   855    711
   856    711
   857    711
   858    711
   859    711
   860    711
   861    711
   862    711
   846    712
   847    712
   848    712
   849    712
   850    712
   851    712
   852    712
   853    712
   854    712
   855    712
   856    712
   857    712
   858    712
   859    712
   860    712
   861    712
   862    712
   863    712
   846    713
   847    713
   848    713
   849    713
   850    713
   851    713
   852    713
   853    713
   854    713
   855    713
   856    713
   857    713
   858    713
   859    713
   860    713
   861    713
   862    713
   846    714
   847    714
   848    714
   849    714
   850    714
   851    714
   852    714
   853    714
   854    714
   855    714
   856    714
   857    714
   858    714
   859    714
   860    714
   861    714
   862    714
   845    715
   846    715
   847    715
   848    715
   849    715
   850    715
   851    715
   852    715
   853    715
   854    715
   855    715
   856    715
   857    715
   858    715
   859    715
   860    715
   861    715
   844    716
   845    716
   846    716
   847    716
   848    716
   849    716
   850    716
   851    716
   852    716
   853    716
   854    716
   855    716
   856    716
   857    716
   858    716
   859    716
   860    716
   861    716
   844    717
   845    717
   846    717
   847    717
   848    717
   849    717
   850    717
   851    717
   852    717
   853    717
   854    717
   855    717
   856    717
   857    717
   858    717
   859    717
   860    717
   861    717
   844    718
   845    718
   846    718
   847    718
   848    718
   849    718
   850    718
   851    718
   852    718
   853    718
   854    718
   855    718
   856    718
   857    718
   858    718
   859    718
   860    718
   861    718
   844    719
   845    719
   846    719
   847    719
   848    719
   849    719
   850    719
   851    719
   852    719
   853    719
   854    719
   855    719
   856    719
   857    719
   858    719
   859    719
   860    719
   843    720
   844    720
   845    720
   846    720
   847    720
   848    720
   849    720
   850    720
   851    720
   852    720
   853    720
   854    720
   855    720
   856    720
   857    720
   858    720
   859    720
   860    720
   843    721
   844    721
   845    721
   846    721
   847    721
   848    721
   849    721
   850    721
   851    721
   852    721
   853    721
   854    721
   855    721
   856    721
   857    721
   858    721
   859    721
   860    721
   843    722
   844    722
   845    722
   846    722
   847    722
   848    722
   849    722
   850    722
   851    722
   852    722
   853    722
   854    722
   855    722
   856    722
   857    722
   858    722
   859    722
   860    722
   843    723
   844    723
   845    723
   846    723
   847    723
   848    723
   849    723
   850    723
   851    723
   852    723
   853    723
   854    723
   855    723
   856    723
   857    723
   858    723
   859    723
   843    724
   844    724
   845    724
   846    724
   847    724
   848    724
   849    724
   850    724
   851    724
   852    724
   853    724
   854    724
   855    724
   856    724
   857    724
   858    724
   859    724
   842    725
   843    725
   844    725
   845    725
   846    725
   847    725
   848    725
   849    725
   850    725
   851    725
   852    725
   853    725
   854    725
   855    725
   856    725
   857    725
   858    725
   859    725
   841    726
   842    726
   843    726
   844    726
   845    726
   846    726
   847    726
   848    726
   849    726
   850    726
   851    726
   852    726
   853    726
   854    726
   855    726
   856    726
   857    726
   858    726
   859    726
   841    727
   842    727
   843    727
   844    727
   845    727
   846    727
   847    727
   848    727
   849    727
   850    727
   851    727
   852    727
   853    727
   854    727
   855    727
   856    727
   857    727
   858    727
   841    728
   842    728
   843    728
   844    728
   845    728
   846    728
   847    728
   848    728
   849    728
   850    728
   851    728
   852    728
   853    728
   854    728
   855    728
   856    728
   857    728
   858    728
   841    729
   842    729
   843    729
   844    729
   845    729
   846    729
   847    729
   848    729
   849    729
   850    729
   851    729
   852    729
   853    729
   854    729
   855    729
   856    729
   857    729
   858    729
   840    730
   841    730
   842    730
   843    730
   844    730
   845    730
   846    730
   847    730
   848    730
   849    730
   850    730
   851    730
   852    730
   853    730
   854    730
   855    730
   856    730
   857    730
   858    730
   839    731
   840    731
   841    731
   842    731
   843    731
   844    731
   845    731
   846    731
   847    731
   848    731
   849    731
   850    731
   851    731
   852    731
   853    731
   854    731
   855    731
   856    731
   857    731
   839    732
   840    732
   841    732
   842    732
   843    732
   844    732
   845    732
   846    732
   847    732
   848    732
   849    732
   850    732
   851    732
   852    732
   853    732
   854    732
   855    732
   856    732
   857    732
   839    733
   840    733
   841    733
   842    733
   843    733
   844    733
   845    733
   846    733
   847    733
   848    733
   849    733
   850    733
   851    733
   852    733
   853    733
   854    733
   855    733
   856    733
   857    733
   839    734
   840    734
   841    734
   842    734
   843    734
   844    734
   845    734
   846    734
   847    734
   848    734
   849    734
   850    734
   851    734
   852    734
   853    734
   854    734
   855    734
   856    734
   839    735
   840    735
   841    735
   842    735
   843    735
   844    735
   845    735
   846    735
   847    735
   848    735
   849    735
   850    735
   851    735
   852    735
   853    735
   854    735
   855    735
   856    735
   838    736
   839    736
   840    736
   841    736
   842    736
   843    736
   844    736
   845    736
   846    736
   847    736
   848    736
   849    736
   850    736
   851    736
   852    736
   853    736
   854    736
   855    736
   856    736
   838    737
   839    737
   840    737
   841    737
   842    737
   843    737
   844    737
   845    737
   846    737
   847    737
   848    737
   849    737
   850    737
   851    737
   852    737
   853    737
   854    737
   855    737
   856    737
   838    738
   839    738
   840    738
   841    738
   842    738
   843    738
   844    738
   845    738
   846    738
   847    738
   848    738
   849    738
   850    738
   851    738
   852    738
   853    738
   854    738
   855    738
   838    739
   839    739
   840    739
   841    739
   842    739
   843    739
   844    739
   845    739
   846    739
   847    739
   848    739
   849    739
   850    739
   851    739
   852    739
   853    739
   854    739
   855    739
   856    739
   837    740
   838    740
   839    740
   840    740
   841    740
   842    740
   843    740
   844    740
   845    740
   846    740
   847    740
   848    740
   849    740
   850    740
   851    740
   852    740
   853    740
   854    740
   855    740
   856    740
   837    741
   838    741
   839    741
   840    741
   841    741
   842    741
   843    741
   844    741
   845    741
   846    741
   847    741
   848    741
   849    741
   850    741
   851    741
   852    741
   853    741
   854    741
   855    741
   838    742
   839    742
   840    742
   841    742
   842    742
   843    742
   844    742
   845    742
   846    742
   847    742
   848    742
   849    742
   850    742
   851    742
   852    742
   853    742
   854    742
   855    742
   838    743
   839    743
   840    743
   841    743
   842    743
   843    743
   844    743
   845    743
   846    743
   847    743
   848    743
   849    743
   850    743
   851    743
   852    743
   853    743
   854    743
   855    743
   838    744
   839    744
   840    744
   841    744
   842    744
   843    744
   844    744
   845    744
   848    744
   849    744
   850    744
   851    744
   852    744
   853    744
   854    744
