   871    623
   872    623
   873    623
   874    623
   875    623
   872    624
   873    624
   874    624
   875    624
   876    624
   877    624
   878    624
   872    625
   873    625
   874    625
   875    625
   876    625
   877    625
   878    625
   879    625
   880    625
   873    626
   874    626
   875    626
   876    626
   877    626
   878    626
   879    626
   880    626
   881    626
   873    627
   874    627
   875    627
   876    627
   877    627
   878    627
   879    627
   880    627
   881    627
   882    627
   874    628
   875    628
   876    628
   877    628
   878    628
   879    628
   880    628
   881    628
   882    628
   883    628
   874    629
   875    629
   876    629
   877    629
   878    629
   879    629
   880    629
   881    629
   882    629
   875    630
   876    630
   877    630
   878    630
   879    630
   880    630
   881    630
   882    630
   883    630
   874    631
   875    631
   876    631
   877    631
   878    631
   879    631
   880    631
   881    631
   882    631
   883    631
   875    632
   876    632
   877    632
   878    632
   879    632
   880    632
   881    632
   882    632
   883    632
   875    633
   876    633
   877    633
   878    633
   879    633
   880    633
   881    633
   882    633
   883    633
   884    633
   874    634
   875    634
   876    634
   877    634
   878    634
   879    634
   880    634
   881    634
   882    634
   883    634
   874    635
   875    635
   876    635
   877    635
   878    635
   879    635
   880    635
   881    635
   882    635
   883    635
   874    636
   875    636
   876    636
   877    636
   878    636
   879    636
   880    636
   881    636
   882    636
   883    636
   874    637
   875    637
   876    637
   877    637
   878    637
   879    637
   880    637
   881    637
   882    637
   883    637
   874    638
   875    638
   876    638
   877    638
   878    638
   879    638
   880    638
   881    638
   882    638
   883    638
   874    639
   875    639
   876    639
   877    639
   878    639
   879    639
   880    639
   881    639
   882    639
   883    639
   873    640
   874    640
   875    640
   876    640
   877    640
   878    640
   879    640
   880    640
   881    640
   882    640
   883    640
   874    641
   875    641
   876    641
   877    641
   878    641
   879    641
   880    641
   881    641
   882    641
   874    642
   875    642
   876    642
   877    642
   878    642
   879    642
   880    642
   881    642
   882    642
   875    643
   876    643
   877    643
   878    643
   879    643
   880    643
   881    643
   882    643
   875    644
   876    644
   877    644
   878    644
   879    644
   880    644
   881    644
   882    644
   875    645
   876    645
   877    645
   878    645
   879    645
   880    645
   881    645
   875    646
   876    646
   877    646
   878    646
   879    646
   880    646
   881    646
   875    647
   876    647
   877    647
   878    647
   879    647
   880    647
   881    647
   875    648
   876    648
   877    648
   878    648
   879    648
   880    648
   881    648
   876    649
   877    649
   878    649
   879    649
   880    649
   876    650
   877    650
   878    650
   879    650
   880    650
   876    651
   877    651
   878    651
   879    651
   880    651
   877    652
   878    652
   879    652
   877    653
   878    653
   879    653
