   840    621
   841    621
   842    621
   843    621
   844    621
   841    622
   842    622
   843    622
   844    622
   845    622
   846    622
   847    622
   848    622
   843    623
   844    623
   845    623
   846    623
   847    623
   848    623
   849    623
   850    623
   851    623
   847    624
   848    624
   849    624
   850    624
   851    624
   852    624
   853    624
   854    624
   849    625
   850    625
   851    625
   852    625
   853    625
   854    625
   855    625
   856    625
   851    626
   852    626
   853    626
   854    626
   855    626
   856    626
   857    626
   858    626
   859    626
   853    627
   854    627
   855    627
   856    627
   857    627
   858    627
   859    627
   860    627
   856    628
   857    628
   858    628
   859    628
   860    628
   861    628
   862    628
   863    628
   857    629
   858    629
   859    629
   860    629
   861    629
   862    629
   863    629
   864    629
   865    629
   866    629
   859    630
   860    630
   861    630
   862    630
   863    630
   864    630
   865    630
   866    630
   867    630
   868    630
   860    631
   861    631
   862    631
   863    631
   864    631
   865    631
   866    631
   867    631
   868    631
   869    631
   862    632
   863    632
   864    632
   865    632
   866    632
   867    632
   868    632
   869    632
   870    632
   871    632
   863    633
   864    633
   865    633
   866    633
   867    633
   868    633
   869    633
   870    633
   871    633
   872    633
   863    634
   864    634
   865    634
   866    634
   867    634
   868    634
   869    634
   870    634
   871    634
   872    634
   873    634
   864    635
   865    635
   866    635
   867    635
   868    635
   869    635
   870    635
   871    635
   872    635
   873    635
   874    635
   864    636
   865    636
   866    636
   867    636
   868    636
   869    636
   870    636
   871    636
   872    636
   873    636
   865    637
   866    637
   867    637
   868    637
   869    637
   870    637
   871    637
   872    637
   873    637
   874    637
   865    638
   866    638
   867    638
   868    638
   869    638
   870    638
   871    638
   872    638
   873    638
   874    638
   865    639
   866    639
   867    639
   868    639
   869    639
   870    639
   871    639
   872    639
   873    639
   874    639
   865    640
   866    640
   867    640
   868    640
   869    640
   870    640
   871    640
   872    640
   873    640
   874    640
   875    640
   865    641
   866    641
   867    641
   868    641
   869    641
   870    641
   871    641
   872    641
   873    641
   874    641
   864    642
   865    642
   866    642
   867    642
   868    642
   869    642
   870    642
   871    642
   872    642
   873    642
   874    642
   864    643
   865    643
   866    643
   867    643
   868    643
   869    643
   870    643
   871    643
   872    643
   873    643
   874    643
   864    644
   865    644
   866    644
   867    644
   868    644
   869    644
   870    644
   871    644
   872    644
   873    644
   874    644
   864    645
   865    645
   866    645
   867    645
   868    645
   869    645
   870    645
   871    645
   872    645
   873    645
   874    645
   863    646
   864    646
   865    646
   866    646
   867    646
   868    646
   869    646
   870    646
   871    646
   872    646
   873    646
   874    646
   863    647
   864    647
   865    647
   866    647
   867    647
   868    647
   869    647
   870    647
   871    647
   872    647
   873    647
   874    647
   863    648
   864    648
   865    648
   866    648
   867    648
   868    648
   869    648
   870    648
   871    648
   872    648
   873    648
   863    649
   864    649
   865    649
   866    649
   867    649
   868    649
   869    649
   870    649
   871    649
   872    649
   873    649
   862    650
   863    650
   864    650
   865    650
   866    650
   867    650
   868    650
   869    650
   870    650
   871    650
   872    650
   873    650
   862    651
   863    651
   864    651
   865    651
   866    651
   867    651
   868    651
   869    651
   870    651
   871    651
   872    651
   873    651
   862    652
   863    652
   864    652
   865    652
   866    652
   867    652
   868    652
   869    652
   870    652
   871    652
   872    652
   862    653
   863    653
   864    653
   865    653
   866    653
   867    653
   868    653
   869    653
   870    653
   871    653
   872    653
   861    654
   862    654
   863    654
   864    654
   865    654
   866    654
   867    654
   868    654
   869    654
   870    654
   871    654
   872    654
   861    655
   862    655
   863    655
   864    655
   865    655
   866    655
   867    655
   868    655
   869    655
   870    655
   871    655
   872    655
   860    656
   861    656
   862    656
   863    656
   864    656
   865    656
   866    656
   867    656
   868    656
   869    656
   870    656
   871    656
   860    657
   861    657
   862    657
   863    657
   864    657
   865    657
   866    657
   867    657
   868    657
   869    657
   870    657
   871    657
   860    658
   861    658
   862    658
   863    658
   864    658
   865    658
   866    658
   867    658
   868    658
   869    658
   870    658
   871    658
   860    659
   861    659
   862    659
   863    659
   864    659
   865    659
   866    659
   867    659
   868    659
   869    659
   870    659
   871    659
   859    660
   860    660
   861    660
   862    660
   863    660
   864    660
   865    660
   866    660
   867    660
   868    660
   869    660
   870    660
   858    661
   859    661
   860    661
   861    661
   862    661
   863    661
   864    661
   865    661
   866    661
   867    661
   868    661
   869    661
   870    661
   858    662
   859    662
   860    662
   861    662
   862    662
   863    662
   864    662
   865    662
   866    662
   867    662
   868    662
   869    662
   870    662
   858    663
   859    663
   860    663
   861    663
   862    663
   863    663
   864    663
   865    663
   866    663
   867    663
   868    663
   869    663
   870    663
   857    664
   858    664
   859    664
   860    664
   861    664
   862    664
   863    664
   864    664
   865    664
   866    664
   867    664
   868    664
   869    664
   857    665
   858    665
   859    665
   860    665
   861    665
   862    665
   863    665
   864    665
   865    665
   866    665
   867    665
   868    665
   869    665
   856    666
   857    666
   858    666
   859    666
   860    666
   861    666
   862    666
   863    666
   864    666
   865    666
   866    666
   867    666
   868    666
   869    666
   856    667
   857    667
   858    667
   859    667
   860    667
   861    667
   862    667
   863    667
   864    667
   865    667
   866    667
   867    667
   868    667
   869    667
   856    668
   857    668
   858    668
   859    668
   860    668
   861    668
   862    668
   863    668
   864    668
   865    668
   866    668
   867    668
   868    668
   856    669
   857    669
   858    669
   859    669
   860    669
   861    669
   862    669
   863    669
   864    669
   865    669
   866    669
   867    669
   868    669
   855    670
   856    670
   857    670
   858    670
   859    670
   860    670
   861    670
   862    670
   863    670
   864    670
   865    670
   866    670
   867    670
   868    670
   855    671
   856    671
   857    671
   858    671
   859    671
   860    671
   861    671
   862    671
   863    671
   864    671
   865    671
   866    671
   867    671
   868    671
   854    672
   855    672
   856    672
   857    672
   858    672
   859    672
   860    672
   861    672
   862    672
   863    672
   864    672
   865    672
   866    672
   867    672
   854    673
   855    673
   856    673
   857    673
   858    673
   859    673
   860    673
   861    673
   862    673
   863    673
   864    673
   865    673
   866    673
   854    674
   855    674
   856    674
   857    674
   858    674
   859    674
   860    674
   861    674
   862    674
   863    674
   864    674
   865    674
   866    674
   853    675
   854    675
   855    675
   856    675
   857    675
   858    675
   859    675
   860    675
   861    675
   862    675
   863    675
   864    675
   865    675
   866    675
   853    676
   854    676
   855    676
   856    676
   857    676
   858    676
   859    676
   860    676
   861    676
   862    676
   863    676
   864    676
   865    676
   866    676
   852    677
   853    677
   854    677
   855    677
   856    677
   857    677
   858    677
   859    677
   860    677
   861    677
   862    677
   863    677
   864    677
   865    677
   852    678
   853    678
   854    678
   855    678
   856    678
   857    678
   858    678
   859    678
   860    678
   861    678
   862    678
   863    678
   864    678
   865    678
   852    679
   853    679
   854    679
   855    679
   856    679
   857    679
   858    679
   859    679
   860    679
   861    679
   862    679
   863    679
   864    679
   865    679
   852    680
   853    680
   854    680
   855    680
   856    680
   857    680
   858    680
   859    680
   860    680
   861    680
   862    680
   863    680
   864    680
   865    680
   851    681
   852    681
   853    681
   854    681
   855    681
   856    681
   857    681
   858    681
   859    681
   860    681
   861    681
   862    681
   863    681
   864    681
   851    682
   852    682
   853    682
   854    682
   855    682
   856    682
   857    682
   858    682
   859    682
   860    682
   861    682
   862    682
   863    682
   864    682
   850    683
   851    683
   852    683
   853    683
   854    683
   855    683
   856    683
   857    683
   858    683
   859    683
   860    683
   861    683
   862    683
   863    683
   864    683
   850    684
   851    684
   852    684
   853    684
   854    684
   855    684
   856    684
   857    684
   858    684
   859    684
   860    684
   861    684
   862    684
   863    684
   864    684
   850    685
   851    685
   852    685
   853    685
   854    685
   855    685
   856    685
   857    685
   858    685
   859    685
   860    685
   861    685
   862    685
   863    685
   850    686
   851    686
   852    686
   853    686
   854    686
   855    686
   856    686
   857    686
   858    686
   859    686
   860    686
   861    686
   862    686
   863    686
   849    687
   850    687
   851    687
   852    687
   853    687
   854    687
   855    687
   856    687
   857    687
   858    687
   859    687
   860    687
   861    687
   862    687
   863    687
   848    688
   849    688
   850    688
   851    688
   852    688
   853    688
   854    688
   855    688
   856    688
   857    688
   858    688
   859    688
   860    688
   861    688
   862    688
   863    688
   848    689
   849    689
   850    689
   851    689
   852    689
   853    689
   854    689
   855    689
   856    689
   857    689
   858    689
   859    689
   860    689
   861    689
   862    689
   848    690
   849    690
   850    690
   851    690
   852    690
   853    690
   854    690
   855    690
   856    690
   857    690
   858    690
   859    690
   860    690
   861    690
   862    690
   848    691
   849    691
   850    691
   851    691
   852    691
   853    691
   854    691
   855    691
   856    691
   857    691
   858    691
   859    691
   860    691
   861    691
   862    691
   847    692
   848    692
   849    692
   850    692
   851    692
   852    692
   853    692
   854    692
   855    692
   856    692
   857    692
   858    692
   859    692
   860    692
   861    692
   862    692
   846    693
   847    693
   848    693
   849    693
   850    693
   851    693
   852    693
   853    693
   854    693
   855    693
   856    693
   857    693
   858    693
   859    693
   860    693
   861    693
   846    694
   847    694
   848    694
   849    694
   850    694
   851    694
   852    694
   853    694
   854    694
   855    694
   856    694
   857    694
   858    694
   859    694
   860    694
   846    695
   847    695
   848    695
   849    695
   850    695
   851    695
   852    695
   853    695
   854    695
   855    695
   856    695
   857    695
   858    695
   859    695
   860    695
   846    696
   847    696
   848    696
   849    696
   850    696
   851    696
   852    696
   853    696
   854    696
   855    696
   856    696
   857    696
   858    696
   859    696
   860    696
   846    697
   847    697
   848    697
   849    697
   850    697
   851    697
   852    697
   853    697
   854    697
   855    697
   856    697
   857    697
   858    697
   859    697
   860    697
   845    698
   846    698
   847    698
   848    698
   849    698
   850    698
   851    698
   852    698
   853    698
   854    698
   855    698
   856    698
   857    698
   858    698
   859    698
   844    699
   845    699
   846    699
   847    699
   848    699
   849    699
   850    699
   851    699
   852    699
   853    699
   854    699
   855    699
   856    699
   857    699
   858    699
   859    699
   844    700
   845    700
   846    700
   847    700
   848    700
   849    700
   850    700
   851    700
   852    700
   853    700
   854    700
   855    700
   856    700
   857    700
   858    700
   859    700
   844    701
   845    701
   846    701
   847    701
   848    701
   849    701
   850    701
   851    701
   852    701
   853    701
   854    701
   855    701
   856    701
   857    701
   858    701
   859    701
   844    702
   845    702
   846    702
   847    702
   848    702
   849    702
   850    702
   851    702
   852    702
   853    702
   854    702
   855    702
   856    702
   857    702
   858    702
   843    703
   844    703
   845    703
   846    703
   847    703
   848    703
   849    703
   850    703
   851    703
   852    703
   853    703
   854    703
   855    703
   856    703
   857    703
   858    703
   843    704
   844    704
   845    704
   846    704
   847    704
   848    704
   849    704
   850    704
   851    704
   852    704
   853    704
   854    704
   855    704
   856    704
   857    704
   858    704
   842    705
   843    705
   844    705
   845    705
   846    705
   847    705
   848    705
   849    705
   850    705
   851    705
   852    705
   853    705
   854    705
   855    705
   856    705
   857    705
   858    705
   842    706
   843    706
   844    706
   845    706
   846    706
   847    706
   848    706
   849    706
   850    706
   851    706
   852    706
   853    706
   854    706
   855    706
   856    706
   857    706
   842    707
   843    707
   844    707
   845    707
   846    707
   847    707
   848    707
   849    707
   850    707
   851    707
   852    707
   853    707
   854    707
   855    707
   856    707
   857    707
   842    708
   843    708
   844    708
   845    708
   846    708
   847    708
   848    708
   849    708
   850    708
   851    708
   852    708
   853    708
   854    708
   855    708
   856    708
   857    708
   841    709
   842    709
   843    709
   844    709
   845    709
   846    709
   847    709
   848    709
   849    709
   850    709
   851    709
   852    709
   853    709
   854    709
   855    709
   856    709
   857    709
   840    710
   841    710
   842    710
   843    710
   844    710
   845    710
   846    710
   847    710
   848    710
   849    710
   850    710
   851    710
   852    710
   853    710
   854    710
   855    710
   856    710
   840    711
   841    711
   842    711
   843    711
   844    711
   845    711
   846    711
   847    711
   848    711
   849    711
   850    711
   851    711
   852    711
   853    711
   854    711
   855    711
   856    711
   840    712
   841    712
   842    712
   843    712
   844    712
   845    712
   846    712
   847    712
   848    712
   849    712
   850    712
   851    712
   852    712
   853    712
   854    712
   855    712
   856    712
   840    713
   841    713
   842    713
   843    713
   844    713
   845    713
   846    713
   847    713
   848    713
   849    713
   850    713
   851    713
   852    713
   853    713
   854    713
   855    713
   856    713
   839    714
   840    714
   841    714
   842    714
   843    714
   844    714
   845    714
   846    714
   847    714
   848    714
   849    714
   850    714
   851    714
   852    714
   853    714
   854    714
   855    714
   839    715
   840    715
   841    715
   842    715
   843    715
   844    715
   845    715
   846    715
   847    715
   848    715
   849    715
   850    715
   851    715
   852    715
   853    715
   854    715
   855    715
   838    716
   839    716
   840    716
   841    716
   842    716
   843    716
   844    716
   845    716
   846    716
   847    716
   848    716
   849    716
   850    716
   851    716
   852    716
   853    716
   854    716
   855    716
   838    717
   839    717
   840    717
   841    717
   842    717
   843    717
   844    717
   845    717
   846    717
   847    717
   848    717
   849    717
   850    717
   851    717
   852    717
   853    717
   854    717
   855    717
   838    718
   839    718
   840    718
   841    718
   842    718
   843    718
   844    718
   845    718
   846    718
   847    718
   848    718
   849    718
   850    718
   851    718
   852    718
   853    718
   854    718
   838    719
   839    719
   840    719
   841    719
   842    719
   843    719
   844    719
   845    719
   846    719
   847    719
   848    719
   849    719
   850    719
   851    719
   852    719
   853    719
   854    719
   837    720
   838    720
   839    720
   840    720
   841    720
   842    720
   843    720
   844    720
   845    720
   846    720
   847    720
   848    720
   849    720
   850    720
   851    720
   852    720
   853    720
   836    721
   837    721
   838    721
   839    721
   840    721
   841    721
   842    721
   843    721
   844    721
   845    721
   846    721
   847    721
   848    721
   849    721
   850    721
   851    721
   852    721
   853    721
   836    722
   837    722
   838    722
   839    722
   840    722
   841    722
   842    722
   843    722
   844    722
   845    722
   846    722
   847    722
   848    722
   849    722
   850    722
   851    722
   852    722
   853    722
   836    723
   837    723
   838    723
   839    723
   840    723
   841    723
   842    723
   843    723
   844    723
   845    723
   846    723
   847    723
   848    723
   849    723
   850    723
   851    723
   852    723
   853    723
   836    724
   837    724
   838    724
   839    724
   840    724
   841    724
   842    724
   843    724
   844    724
   845    724
   846    724
   847    724
   848    724
   849    724
   850    724
   851    724
   852    724
   836    725
   837    725
   838    725
   839    725
   840    725
   841    725
   842    725
   843    725
   844    725
   845    725
   846    725
   847    725
   848    725
   849    725
   850    725
   851    725
   852    725
   835    726
   836    726
   837    726
   838    726
   839    726
   840    726
   841    726
   842    726
   843    726
   844    726
   845    726
   846    726
   847    726
   848    726
   849    726
   850    726
   851    726
   852    726
   834    727
   835    727
   836    727
   837    727
   838    727
   839    727
   840    727
   841    727
   842    727
   843    727
   844    727
   845    727
   846    727
   847    727
   848    727
   849    727
   850    727
   851    727
   852    727
   834    728
   835    728
   836    728
   837    728
   838    728
   839    728
   840    728
   841    728
   842    728
   843    728
   844    728
   845    728
   846    728
   847    728
   848    728
   849    728
   850    728
   851    728
   834    729
   835    729
   836    729
   837    729
   838    729
   839    729
   840    729
   841    729
   842    729
   843    729
   844    729
   845    729
   846    729
   847    729
   848    729
   849    729
   850    729
   851    729
   833    730
   834    730
   835    730
   836    730
   837    730
   838    730
   839    730
   840    730
   841    730
   842    730
   843    730
   844    730
   845    730
   846    730
   847    730
   848    730
   849    730
   850    730
   851    730
   833    731
   834    731
   835    731
   836    731
   837    731
   838    731
   839    731
   840    731
   841    731
   842    731
   843    731
   844    731
   845    731
   846    731
   847    731
   848    731
   849    731
   850    731
   851    731
   833    732
   834    732
   835    732
   836    732
   837    732
   838    732
   839    732
   840    732
   841    732
   842    732
   843    732
   844    732
   845    732
   846    732
   847    732
   848    732
   849    732
   850    732
   832    733
   833    733
   834    733
   835    733
   836    733
   837    733
   838    733
   839    733
   840    733
   841    733
   842    733
   843    733
   844    733
   845    733
   846    733
   847    733
   848    733
   849    733
   850    733
   832    734
   833    734
   834    734
   835    734
   836    734
   837    734
   838    734
   839    734
   840    734
   841    734
   842    734
   843    734
   844    734
   845    734
   846    734
   847    734
   848    734
   849    734
   850    734
   831    735
   832    735
   833    735
   834    735
   835    735
   836    735
   837    735
   838    735
   839    735
   840    735
   841    735
   842    735
   843    735
   844    735
   845    735
   846    735
   847    735
   848    735
   849    735
   850    735
   831    736
   832    736
   833    736
   834    736
   835    736
   836    736
   837    736
   838    736
   839    736
   840    736
   841    736
   842    736
   843    736
   844    736
   845    736
   846    736
   847    736
   848    736
   849    736
   831    737
   832    737
   833    737
   834    737
   835    737
   836    737
   837    737
   838    737
   839    737
   840    737
   841    737
   842    737
   843    737
   844    737
   845    737
   846    737
   847    737
   848    737
   830    738
   831    738
   832    738
   833    738
   834    738
   835    738
   836    738
   837    738
   838    738
   839    738
   840    738
   841    738
   842    738
   843    738
   844    738
   845    738
   846    738
   847    738
   848    738
   830    739
   831    739
   832    739
   833    739
   834    739
   835    739
   836    739
   837    739
   838    739
   839    739
   840    739
   841    739
   842    739
   843    739
   844    739
   845    739
   846    739
   847    739
   848    739
   829    740
   830    740
   831    740
   832    740
   833    740
   834    740
   835    740
   836    740
   837    740
   838    740
   839    740
   840    740
   841    740
   842    740
   843    740
   844    740
   845    740
   846    740
   847    740
   848    740
   829    741
   830    741
   831    741
   832    741
   833    741
   834    741
   835    741
   836    741
   837    741
   838    741
   839    741
   840    741
   841    741
   842    741
   843    741
   844    741
   845    741
   846    741
   847    741
   829    742
   830    742
   831    742
   832    742
   833    742
   834    742
   835    742
   836    742
   837    742
   838    742
   839    742
   840    742
   841    742
   842    742
   843    742
   844    742
   845    742
   846    742
   847    742
   829    743
   830    743
   831    743
   832    743
   833    743
   834    743
   835    743
   836    743
   837    743
   838    743
   839    743
   840    743
   841    743
   842    743
   843    743
   844    743
   845    743
   846    743
   847    743
   829    744
   830    744
   831    744
   832    744
   833    744
   834    744
   835    744
   836    744
   837    744
   838    744
   839    744
   840    744
   841    744
   842    744
   843    744
   844    744
   845    744
   846    744
   847    744
   831    745
   832    745
   833    745
   834    745
   835    745
   836    745
   837    745
   838    745
   839    745
   840    745
   841    745
   842    745
   843    745
   844    745
   845    745
   846    745
