   856    621
   857    621
   858    621
   855    622
   856    622
   857    622
   858    622
   859    622
   857    623
   858    623
   859    623
   860    623
   861    623
   862    623
   863    623
   859    624
   860    624
   861    624
   862    624
   863    624
   864    624
   865    624
   860    625
   861    625
   862    625
   863    625
   864    625
   865    625
   866    625
   867    625
   868    625
   862    626
   863    626
   864    626
   865    626
   866    626
   867    626
   868    626
   869    626
   870    626
   863    627
   864    627
   865    627
   866    627
   867    627
   868    627
   869    627
   870    627
   871    627
   872    627
   865    628
   866    628
   867    628
   868    628
   869    628
   870    628
   871    628
   872    628
   873    628
   874    628
   866    629
   867    629
   868    629
   869    629
   870    629
   871    629
   872    629
   873    629
   874    629
   875    629
   867    630
   868    630
   869    630
   870    630
   871    630
   872    630
   873    630
   874    630
   875    630
   876    630
   867    631
   868    631
   869    631
   870    631
   871    631
   872    631
   873    631
   874    631
   875    631
   876    631
   868    632
   869    632
   870    632
   871    632
   872    632
   873    632
   874    632
   875    632
   876    632
   877    632
   868    633
   869    633
   870    633
   871    633
   872    633
   873    633
   874    633
   875    633
   876    633
   877    633
   878    633
   868    634
   869    634
   870    634
   871    634
   872    634
   873    634
   874    634
   875    634
   876    634
   877    634
   878    634
   868    635
   869    635
   870    635
   871    635
   872    635
   873    635
   874    635
   875    635
   876    635
   877    635
   878    635
   868    636
   869    636
   870    636
   871    636
   872    636
   873    636
   874    636
   875    636
   876    636
   877    636
   878    636
   868    637
   869    637
   870    637
   871    637
   872    637
   873    637
   874    637
   875    637
   876    637
   877    637
   878    637
   867    638
   868    638
   869    638
   870    638
   871    638
   872    638
   873    638
   874    638
   875    638
   876    638
   877    638
   867    639
   868    639
   869    639
   870    639
   871    639
   872    639
   873    639
   874    639
   875    639
   876    639
   877    639
   867    640
   868    640
   869    640
   870    640
   871    640
   872    640
   873    640
   874    640
   875    640
   876    640
   877    640
   867    641
   868    641
   869    641
   870    641
   871    641
   872    641
   873    641
   874    641
   875    641
   876    641
   877    641
   867    642
   868    642
   869    642
   870    642
   871    642
   872    642
   873    642
   874    642
   875    642
   876    642
   877    642
   866    643
   867    643
   868    643
   869    643
   870    643
   871    643
   872    643
   873    643
   874    643
   875    643
   876    643
   877    643
   866    644
   867    644
   868    644
   869    644
   870    644
   871    644
   872    644
   873    644
   874    644
   875    644
   876    644
   877    644
   866    645
   867    645
   868    645
   869    645
   870    645
   871    645
   872    645
   873    645
   874    645
   875    645
   876    645
   866    646
   867    646
   868    646
   869    646
   870    646
   871    646
   872    646
   873    646
   874    646
   875    646
   876    646
   865    647
   866    647
   867    647
   868    647
   869    647
   870    647
   871    647
   872    647
   873    647
   874    647
   875    647
   876    647
   865    648
   866    648
   867    648
   868    648
   869    648
   870    648
   871    648
   872    648
   873    648
   874    648
   875    648
   876    648
   865    649
   866    649
   867    649
   868    649
   869    649
   870    649
   871    649
   872    649
   873    649
   874    649
   875    649
   865    650
   866    650
   867    650
   868    650
   869    650
   870    650
   871    650
   872    650
   873    650
   874    650
   875    650
   864    651
   865    651
   866    651
   867    651
   868    651
   869    651
   870    651
   871    651
   872    651
   873    651
   874    651
   875    651
   864    652
   865    652
   866    652
   867    652
   868    652
   869    652
   870    652
   871    652
   872    652
   873    652
   874    652
   864    653
   865    653
   866    653
   867    653
   868    653
   869    653
   870    653
   871    653
   872    653
   873    653
   874    653
   864    654
   865    654
   866    654
   867    654
   868    654
   869    654
   870    654
   871    654
   872    654
   873    654
   874    654
   863    655
   864    655
   865    655
   866    655
   867    655
   868    655
   869    655
   870    655
   871    655
   872    655
   873    655
   874    655
   864    656
   865    656
   866    656
   867    656
   868    656
   869    656
   870    656
   871    656
   872    656
   873    656
   864    657
   865    657
   866    657
   867    657
   868    657
   869    657
   870    657
   871    657
   872    657
   873    657
   864    658
   865    658
   866    658
   867    658
   868    658
   869    658
   870    658
   871    658
   872    658
   873    658
   864    659
   865    659
   866    659
   867    659
   868    659
   869    659
   870    659
   871    659
   872    659
   873    659
   864    660
   865    660
   866    660
   867    660
   868    660
   869    660
   870    660
   871    660
   872    660
   865    661
   866    661
   867    661
   868    661
   869    661
   870    661
   871    661
   872    661
   865    662
   866    662
   867    662
   868    662
   869    662
   870    662
   871    662
   872    662
   866    663
   867    663
   868    663
   869    663
   870    663
   871    663
   872    663
   865    664
   866    664
   867    664
   868    664
   869    664
   870    664
   871    664
   866    665
   867    665
   868    665
   869    665
   870    665
   871    665
   866    666
   867    666
   868    666
   869    666
   870    666
   871    666
   866    667
   867    667
   868    667
   869    667
   870    667
   871    667
   867    668
   868    668
   869    668
   870    668
   867    669
   868    669
   869    669
   870    669
   867    670
   868    670
   869    670
