   837    723
   838    723
   836    724
   837    724
   838    724
   836    725
   837    725
   838    725
   835    726
   836    726
   837    726
   838    726
   834    727
   835    727
   836    727
   837    727
   838    727
   834    728
   835    728
   836    728
   837    728
   838    728
   839    728
   834    729
   835    729
   836    729
   837    729
   838    729
   833    730
   834    730
   835    730
   836    730
   837    730
   838    730
   833    731
   834    731
   835    731
   836    731
   837    731
   838    731
   833    732
   834    732
   835    732
   836    732
   837    732
   838    732
   832    733
   833    733
   834    733
   835    733
   836    733
   837    733
   838    733
   832    734
   833    734
   834    734
   835    734
   836    734
   837    734
   838    734
   831    735
   832    735
   833    735
   834    735
   835    735
   836    735
   837    735
   838    735
   831    736
   832    736
   833    736
   834    736
   835    736
   836    736
   837    736
   838    736
   831    737
   832    737
   833    737
   834    737
   835    737
   836    737
   837    737
   838    737
   830    738
   831    738
   832    738
   833    738
   834    738
   835    738
   836    738
   837    738
   838    738
   830    739
   831    739
   832    739
   833    739
   834    739
   835    739
   836    739
   837    739
   838    739
   839    739
   829    740
   830    740
   831    740
   832    740
   833    740
   834    740
   835    740
   836    740
   837    740
   838    740
   829    741
   830    741
   831    741
   832    741
   833    741
   834    741
   835    741
   836    741
   837    741
   838    741
   830    742
   831    742
   832    742
   833    742
   834    742
   835    742
   836    742
   837    742
   838    742
   831    743
   832    743
   833    743
   834    743
   835    743
   836    743
   837    743
   838    743
   832    744
   833    744
   834    744
   835    744
   836    744
   837    744
