   915    705
   916    705
   914    706
   915    706
   916    706
   917    706
   914    707
   915    707
   916    707
   917    707
   914    708
   915    708
   916    708
   917    708
   913    709
   914    709
   915    709
   916    709
   917    709
   918    709
   912    710
   913    710
   914    710
   915    710
   916    710
   917    710
   918    710
   912    711
   913    711
   914    711
   915    711
   916    711
   917    711
   918    711
   912    712
   913    712
   914    712
   915    712
   916    712
   917    712
   918    712
   911    713
   912    713
   913    713
   914    713
   915    713
   916    713
   917    713
   918    713
   919    713
   911    714
   912    714
   913    714
   914    714
   915    714
   916    714
   917    714
   918    714
   919    714
   911    715
   912    715
   913    715
   914    715
   915    715
   916    715
   917    715
   918    715
   919    715
   911    716
   912    716
   913    716
   914    716
   915    716
   916    716
   917    716
   918    716
   919    716
   920    716
   910    717
   911    717
   912    717
   913    717
   914    717
   915    717
   916    717
   917    717
   918    717
   919    717
   910    718
   911    718
   912    718
   913    718
   914    718
   915    718
   916    718
   917    718
   918    718
   919    718
   920    718
   910    719
   911    719
   912    719
   913    719
   914    719
   915    719
   916    719
   917    719
   918    719
   919    719
   920    719
   909    720
   910    720
   911    720
   912    720
   913    720
   914    720
   915    720
   916    720
   917    720
   918    720
   919    720
   920    720
   908    721
   909    721
   910    721
   911    721
   912    721
   913    721
   914    721
   915    721
   916    721
   917    721
   918    721
   919    721
   920    721
   921    721
   908    722
   909    722
   910    722
   911    722
   912    722
   913    722
   914    722
   915    722
   916    722
   917    722
   918    722
   919    722
   920    722
   921    722
   908    723
   909    723
   910    723
   911    723
   912    723
   913    723
   914    723
   915    723
   916    723
   917    723
   918    723
   919    723
   920    723
   921    723
   908    724
   909    724
   910    724
   911    724
   912    724
   913    724
   914    724
   915    724
   916    724
   917    724
   918    724
   919    724
   920    724
   921    724
   908    725
   909    725
   910    725
   911    725
   912    725
   913    725
   914    725
   915    725
   916    725
   917    725
   918    725
   919    725
   920    725
   921    725
   907    726
   908    726
   909    726
   910    726
   911    726
   912    726
   913    726
   914    726
   915    726
   916    726
   917    726
   918    726
   919    726
   920    726
   921    726
   922    726
   907    727
   908    727
   909    727
   910    727
   911    727
   912    727
   913    727
   914    727
   915    727
   916    727
   917    727
   918    727
   919    727
   920    727
   921    727
   906    728
   907    728
   908    728
   909    728
   910    728
   911    728
   912    728
   913    728
   914    728
   915    728
   916    728
   917    728
   918    728
   919    728
   920    728
   921    728
   922    728
   906    729
   907    729
   908    729
   909    729
   910    729
   911    729
   912    729
   913    729
   914    729
   915    729
   916    729
   917    729
   918    729
   919    729
   920    729
   921    729
   922    729
   905    730
   906    730
   907    730
   908    730
   909    730
   910    730
   911    730
   912    730
   913    730
   914    730
   915    730
   916    730
   917    730
   918    730
   919    730
   920    730
   921    730
   922    730
   905    731
   906    731
   907    731
   908    731
   909    731
   910    731
   911    731
   912    731
   913    731
   914    731
   915    731
   916    731
   917    731
   918    731
   919    731
   920    731
   921    731
   922    731
   904    732
   905    732
   906    732
   907    732
   908    732
   909    732
   910    732
   911    732
   912    732
   913    732
   914    732
   915    732
   916    732
   917    732
   918    732
   919    732
   920    732
   921    732
   922    732
   904    733
   905    733
   906    733
   907    733
   908    733
   909    733
   910    733
   911    733
   912    733
   913    733
   914    733
   915    733
   916    733
   917    733
   918    733
   919    733
   920    733
   921    733
   922    733
   903    734
   904    734
   905    734
   906    734
   907    734
   908    734
   909    734
   910    734
   911    734
   912    734
   913    734
   914    734
   915    734
   916    734
   917    734
   918    734
   919    734
   920    734
   921    734
   922    734
   903    735
   904    735
   905    735
   906    735
   907    735
   908    735
   909    735
   910    735
   911    735
   912    735
   913    735
   914    735
   915    735
   916    735
   917    735
   918    735
   919    735
   920    735
   921    735
   922    735
   904    736
   905    736
   906    736
   907    736
   908    736
   909    736
   910    736
   911    736
   912    736
   913    736
   914    736
   915    736
   916    736
   917    736
   918    736
   919    736
   920    736
   921    736
   922    736
   910    737
   911    737
   912    737
   913    737
   914    737
   915    737
   916    737
   917    737
   918    737
   919    737
   920    737
   921    737
   922    737
