   940    563
   941    563
   942    563
   943    563
   940    564
   941    564
   942    564
   943    564
   944    564
   940    565
   941    565
   942    565
   943    565
   944    565
   945    565
   940    566
   941    566
   942    566
   943    566
   944    566
   945    566
   940    567
   941    567
   942    567
   943    567
   944    567
   945    567
   940    568
   941    568
   942    568
   943    568
   944    568
   945    568
   941    569
   942    569
   943    569
   944    569
   945    569
   940    570
   941    570
   942    570
   943    570
   944    570
   945    570
   940    571
   941    571
   942    571
   943    571
   944    571
   945    571
   946    571
   940    572
   941    572
   942    572
   943    572
   944    572
   945    572
   940    573
   941    573
   942    573
   943    573
   944    573
   945    573
   940    574
   941    574
   942    574
   943    574
   944    574
   945    574
   946    574
   940    575
   941    575
   942    575
   943    575
   944    575
   945    575
   940    576
   941    576
   942    576
   943    576
   944    576
   945    576
   940    577
   941    577
   942    577
   943    577
   944    577
   945    577
   946    577
   939    578
   940    578
   941    578
   942    578
   943    578
   944    578
   945    578
   939    579
   940    579
   941    579
   942    579
   943    579
   944    579
   945    579
   940    580
   941    580
   942    580
   943    580
   944    580
   945    580
   946    580
   939    581
   940    581
   941    581
   942    581
   943    581
   944    581
   945    581
   946    581
   939    582
   940    582
   941    582
   942    582
   943    582
   944    582
   945    582
   946    582
   947    582
   939    583
   940    583
   941    583
   942    583
   943    583
   944    583
   945    583
   946    583
   947    583
   939    584
   940    584
   941    584
   942    584
   943    584
   944    584
   945    584
   946    584
   947    584
   939    585
   940    585
   941    585
   942    585
   943    585
   944    585
   945    585
   946    585
   939    586
   940    586
   941    586
   942    586
   943    586
   944    586
   945    586
   946    586
   939    587
   940    587
   941    587
   942    587
   943    587
   944    587
   945    587
   939    588
   940    588
   941    588
   942    588
   943    588
   944    588
   945    588
   938    589
   939    589
   940    589
   941    589
   942    589
   943    589
   944    589
   945    589
   938    590
   939    590
   940    590
   941    590
   942    590
   943    590
   944    590
   945    590
   938    591
   939    591
   940    591
   941    591
   942    591
   943    591
   944    591
   945    591
   938    592
   939    592
   940    592
   941    592
   942    592
   943    592
   944    592
   938    593
   939    593
   940    593
   941    593
   942    593
   943    593
   944    593
   938    594
   939    594
   940    594
   941    594
   942    594
   943    594
   944    594
   945    594
   938    595
   939    595
   940    595
   941    595
   942    595
   943    595
   944    595
   938    596
   939    596
   940    596
   941    596
   942    596
   943    596
   944    596
   938    597
   939    597
   940    597
   941    597
   942    597
   943    597
   944    597
   938    598
   939    598
   940    598
   941    598
   942    598
   943    598
   944    598
   938    599
   939    599
   940    599
   941    599
   942    599
   943    599
   938    600
   939    600
   940    600
   941    600
   942    600
   938    601
   939    601
   940    601
   941    601
   942    601
   938    602
   939    602
   940    602
   941    602
   937    603
   938    603
   939    603
   940    603
   938    604
   939    604
   940    604
