   940    563
   941    563
   942    563
   943    563
   940    564
   941    564
   942    564
   943    564
   944    564
   940    565
   941    565
   942    565
   943    565
   944    565
   940    566
   941    566
   942    566
   943    566
   944    566
   945    566
   940    567
   941    567
   942    567
   943    567
   944    567
   940    568
   941    568
   942    568
   943    568
   944    568
   945    568
   941    569
   942    569
   943    569
   944    569
   945    569
   940    570
   941    570
   942    570
   943    570
   944    570
   940    571
   941    571
   942    571
   943    571
   944    571
   945    571
   940    572
   941    572
   942    572
   943    572
   944    572
   945    572
   940    573
   941    573
   942    573
   943    573
   944    573
   940    574
   941    574
   942    574
   943    574
   944    574
   945    574
   940    575
   941    575
   942    575
   943    575
   944    575
   945    575
   940    576
   941    576
   942    576
   943    576
   944    576
   940    577
   941    577
   942    577
   943    577
   944    577
   939    578
   940    578
   941    578
   942    578
   943    578
   944    578
   945    578
   939    579
   940    579
   941    579
   942    579
   943    579
   944    579
   939    580
   940    580
   941    580
   942    580
   943    580
   944    580
   939    581
   940    581
   941    581
   942    581
   943    581
   944    581
   939    582
   940    582
   941    582
   942    582
   943    582
   944    582
   939    583
   940    583
   941    583
   942    583
   943    583
   944    583
   939    584
   940    584
   941    584
   942    584
   943    584
   939    585
   940    585
   941    585
   942    585
   943    585
   939    586
   940    586
   941    586
   942    586
   943    586
   939    587
   940    587
   941    587
   942    587
   939    588
   940    588
   941    588
   942    588
   939    589
   940    589
   941    589
   942    589
   939    590
   940    590
   941    590
   939    591
   940    591
   941    591
