   938    562
   939    562
   940    562
   941    562
   942    562
   939    563
   940    563
   941    563
   942    563
   943    563
   944    563
   940    564
   941    564
   942    564
   943    564
   944    564
   940    565
   941    565
   942    565
   943    565
   944    565
   940    566
   941    566
   942    566
   943    566
   944    566
   945    566
   940    567
   941    567
   942    567
   943    567
   944    567
   945    567
   940    568
   941    568
   942    568
   943    568
   944    568
   945    568
   940    569
   941    569
   942    569
   943    569
   944    569
   945    569
   940    570
   941    570
   942    570
   943    570
   944    570
   945    570
   940    571
   941    571
   942    571
   943    571
   944    571
   945    571
   940    572
   941    572
   942    572
   943    572
   944    572
   945    572
   940    573
   941    573
   942    573
   943    573
   944    573
   945    573
   940    574
   941    574
   942    574
   943    574
   944    574
   945    574
   939    575
   940    575
   941    575
   942    575
   943    575
   944    575
   945    575
   939    576
   940    576
   941    576
   942    576
   943    576
   944    576
   945    576
   939    577
   940    577
   941    577
   942    577
   943    577
   944    577
   945    577
   939    578
   940    578
   941    578
   942    578
   943    578
   944    578
   945    578
   939    579
   940    579
   941    579
   942    579
   943    579
   944    579
   945    579
   939    580
   940    580
   941    580
   942    580
   943    580
   944    580
   945    580
   939    581
   940    581
   941    581
   942    581
   943    581
   944    581
   945    581
   946    581
   939    582
   940    582
   941    582
   942    582
   943    582
   944    582
   945    582
   946    582
   947    582
   948    582
   949    582
   950    582
   951    582
   939    583
   940    583
   941    583
   942    583
   943    583
   944    583
   945    583
   946    583
   947    583
   948    583
   939    584
   940    584
   941    584
   942    584
   943    584
   944    584
   945    584
   946    584
   947    584
   939    585
   940    585
   941    585
   942    585
   943    585
   944    585
   945    585
   946    585
   938    586
   939    586
   940    586
   941    586
   942    586
   943    586
   944    586
   945    586
   946    586
   938    587
   939    587
   940    587
   941    587
   942    587
   943    587
   944    587
   945    587
   938    588
   939    588
   940    588
   941    588
   942    588
   943    588
   944    588
   945    588
   938    589
   939    589
   940    589
   941    589
   942    589
   943    589
   944    589
   945    589
   938    590
   939    590
   940    590
   941    590
   942    590
   943    590
   944    590
   945    590
   938    591
   939    591
   940    591
   941    591
   942    591
   943    591
   944    591
   945    591
   938    592
   939    592
   940    592
   941    592
   942    592
   943    592
   944    592
   938    593
   939    593
   940    593
   941    593
   942    593
   943    593
   944    593
   945    593
   937    594
   938    594
   939    594
   940    594
   941    594
   942    594
   943    594
   944    594
   945    594
   937    595
   938    595
   939    595
   940    595
   941    595
   942    595
   943    595
   944    595
   938    596
   939    596
   940    596
   941    596
   942    596
   943    596
   944    596
   945    596
   937    597
   938    597
   939    597
   940    597
   941    597
   942    597
   943    597
   944    597
   945    597
   938    598
   939    598
   940    598
   941    598
   942    598
   943    598
   944    598
   945    598
   938    599
   939    599
   940    599
   941    599
   942    599
   943    599
   944    599
   945    599
   937    600
   938    600
   939    600
   940    600
   941    600
   942    600
   943    600
   944    600
   945    600
   937    601
   938    601
   939    601
   940    601
   941    601
   942    601
   943    601
   944    601
   945    601
   938    602
   939    602
   940    602
   941    602
   942    602
   943    602
   944    602
   945    602
   937    603
   938    603
   939    603
   940    603
   941    603
   942    603
   943    603
   944    603
   945    603
   937    604
   938    604
   939    604
   940    604
   941    604
   942    604
   943    604
   944    604
   945    604
   937    605
   938    605
   939    605
   940    605
   941    605
   942    605
   943    605
   944    605
   945    605
   937    606
   938    606
   939    606
   940    606
   941    606
   942    606
   943    606
   944    606
   945    606
   937    607
   938    607
   939    607
   940    607
   941    607
   942    607
   943    607
   944    607
   945    607
   946    607
   937    608
   938    608
   939    608
   940    608
   941    608
   942    608
   943    608
   944    608
   945    608
   937    609
   938    609
   939    609
   940    609
   941    609
   942    609
   943    609
   944    609
   945    609
   946    609
   937    610
   938    610
   939    610
   940    610
   941    610
   942    610
   943    610
   944    610
   945    610
   937    611
   938    611
   939    611
   940    611
   941    611
   942    611
   943    611
   944    611
   945    611
   946    611
   937    612
   938    612
   939    612
   940    612
   941    612
   942    612
   943    612
   944    612
   945    612
   946    612
   937    613
   938    613
   939    613
   940    613
   941    613
   942    613
   943    613
   944    613
   945    613
   937    614
   938    614
   939    614
   940    614
   941    614
   942    614
   943    614
   944    614
   945    614
   946    614
   937    615
   938    615
   939    615
   940    615
   941    615
   942    615
   943    615
   944    615
   945    615
   946    615
   937    616
   938    616
   939    616
   940    616
   941    616
   942    616
   943    616
   944    616
   945    616
   946    616
   936    617
   937    617
   938    617
   939    617
   940    617
   941    617
   942    617
   943    617
   944    617
   945    617
   946    617
   936    618
   937    618
   938    618
   939    618
   940    618
   941    618
   942    618
   943    618
   944    618
   945    618
   946    618
   936    619
   937    619
   938    619
   939    619
   940    619
   941    619
   942    619
   943    619
   944    619
   945    619
   936    620
   937    620
   938    620
   939    620
   940    620
   941    620
   942    620
   943    620
   944    620
   945    620
   946    620
   936    621
   937    621
   938    621
   939    621
   940    621
   941    621
   942    621
   943    621
   944    621
   945    621
   936    622
   937    622
   938    622
   939    622
   940    622
   941    622
   942    622
   943    622
   944    622
   945    622
   936    623
   937    623
   938    623
   939    623
   940    623
   941    623
   942    623
   943    623
   944    623
   945    623
   946    623
   935    624
   936    624
   937    624
   938    624
   939    624
   940    624
   941    624
   942    624
   943    624
   944    624
   945    624
   935    625
   936    625
   937    625
   938    625
   939    625
   940    625
   941    625
   942    625
   943    625
   944    625
   945    625
   935    626
   936    626
   937    626
   938    626
   939    626
   940    626
   941    626
   942    626
   943    626
   944    626
   945    626
   946    626
   935    627
   936    627
   937    627
   938    627
   939    627
   940    627
   941    627
   942    627
   943    627
   944    627
   945    627
   935    628
   936    628
   937    628
   938    628
   939    628
   940    628
   941    628
   942    628
   943    628
   944    628
   945    628
   934    629
   935    629
   936    629
   937    629
   938    629
   939    629
   940    629
   941    629
   942    629
   943    629
   944    629
   945    629
   935    630
   936    630
   937    630
   938    630
   939    630
   940    630
   941    630
   942    630
   943    630
   944    630
   945    630
   934    631
   935    631
   936    631
   937    631
   938    631
   939    631
   940    631
   941    631
   942    631
   943    631
   944    631
   945    631
   946    631
   934    632
   935    632
   936    632
   937    632
   938    632
   939    632
   940    632
   941    632
   942    632
   943    632
   944    632
   945    632
   934    633
   935    633
   936    633
   937    633
   938    633
   939    633
   940    633
   941    633
   942    633
   943    633
   944    633
   945    633
   946    633
   934    634
   935    634
   936    634
   937    634
   938    634
   939    634
   940    634
   941    634
   942    634
   943    634
   944    634
   945    634
   934    635
   935    635
   936    635
   937    635
   938    635
   939    635
   940    635
   941    635
   942    635
   943    635
   944    635
   945    635
   946    635
   934    636
   935    636
   936    636
   937    636
   938    636
   939    636
   940    636
   941    636
   942    636
   943    636
   944    636
   945    636
   946    636
   934    637
   935    637
   936    637
   937    637
   938    637
   939    637
   940    637
   941    637
   942    637
   943    637
   944    637
   945    637
   934    638
   935    638
   936    638
   937    638
   938    638
   939    638
   940    638
   941    638
   942    638
   943    638
   944    638
   945    638
   946    638
   933    639
   934    639
   935    639
   936    639
   937    639
   938    639
   939    639
   940    639
   941    639
   942    639
   943    639
   944    639
   945    639
   933    640
   934    640
   935    640
   936    640
   937    640
   938    640
   939    640
   940    640
   941    640
   942    640
   943    640
   944    640
   945    640
   933    641
   934    641
   935    641
   936    641
   937    641
   938    641
   939    641
   940    641
   941    641
   942    641
   943    641
   944    641
   945    641
   933    642
   934    642
   935    642
   936    642
   937    642
   938    642
   939    642
   940    642
   941    642
   942    642
   943    642
   944    642
   945    642
   933    643
   934    643
   935    643
   936    643
   937    643
   938    643
   939    643
   940    643
   941    643
   942    643
   943    643
   944    643
   945    643
   933    644
   934    644
   935    644
   936    644
   937    644
   938    644
   939    644
   940    644
   941    644
   942    644
   943    644
   944    644
   945    644
   933    645
   934    645
   935    645
   936    645
   937    645
   938    645
   939    645
   940    645
   941    645
   942    645
   943    645
   944    645
   945    645
   932    646
   933    646
   934    646
   935    646
   936    646
   937    646
   938    646
   939    646
   940    646
   941    646
   942    646
   943    646
   944    646
   932    647
   933    647
   934    647
   935    647
   936    647
   937    647
   938    647
   939    647
   940    647
   941    647
   942    647
   943    647
   944    647
   931    648
   932    648
   933    648
   934    648
   935    648
   936    648
   937    648
   938    648
   939    648
   940    648
   941    648
   942    648
   943    648
   944    648
   931    649
   932    649
   933    649
   934    649
   935    649
   936    649
   937    649
   938    649
   939    649
   940    649
   941    649
   942    649
   943    649
   944    649
   931    650
   932    650
   933    650
   934    650
   935    650
   936    650
   937    650
   938    650
   939    650
   940    650
   941    650
   942    650
   943    650
   944    650
   931    651
   932    651
   933    651
   934    651
   935    651
   936    651
   937    651
   938    651
   939    651
   940    651
   941    651
   942    651
   943    651
   944    651
   931    652
   932    652
   933    652
   934    652
   935    652
   936    652
   937    652
   938    652
   939    652
   940    652
   941    652
   942    652
   943    652
   944    652
   931    653
   932    653
   933    653
   934    653
   935    653
   936    653
   937    653
   938    653
   939    653
   940    653
   941    653
   942    653
   943    653
   944    653
   931    654
   932    654
   933    654
   934    654
   935    654
   936    654
   937    654
   938    654
   939    654
   940    654
   941    654
   942    654
   943    654
   944    654
   930    655
   931    655
   932    655
   933    655
   934    655
   935    655
   936    655
   937    655
   938    655
   939    655
   940    655
   941    655
   942    655
   943    655
   944    655
   930    656
   931    656
   932    656
   933    656
   934    656
   935    656
   936    656
   937    656
   938    656
   939    656
   940    656
   941    656
   942    656
   943    656
   944    656
   930    657
   931    657
   932    657
   933    657
   934    657
   935    657
   936    657
   937    657
   938    657
   939    657
   940    657
   941    657
   942    657
   943    657
   944    657
   930    658
   931    658
   932    658
   933    658
   934    658
   935    658
   936    658
   937    658
   938    658
   939    658
   940    658
   941    658
   942    658
   943    658
   944    658
   929    659
   930    659
   931    659
   932    659
   933    659
   934    659
   935    659
   936    659
   937    659
   938    659
   939    659
   940    659
   941    659
   942    659
   943    659
   930    660
   931    660
   932    660
   933    660
   934    660
   935    660
   936    660
   937    660
   938    660
   939    660
   940    660
   941    660
   942    660
   943    660
   944    660
   930    661
   931    661
   932    661
   933    661
   934    661
   935    661
   936    661
   937    661
   938    661
   939    661
   940    661
   941    661
   942    661
   943    661
   944    661
   929    662
   930    662
   931    662
   932    662
   933    662
   934    662
   935    662
   936    662
   937    662
   938    662
   939    662
   940    662
   941    662
   942    662
   943    662
   944    662
   929    663
   930    663
   931    663
   932    663
   933    663
   934    663
   935    663
   936    663
   937    663
   938    663
   939    663
   940    663
   941    663
   942    663
   943    663
   944    663
   929    664
   930    664
   931    664
   932    664
   933    664
   934    664
   935    664
   936    664
   937    664
   938    664
   939    664
   940    664
   941    664
   942    664
   943    664
   944    664
   929    665
   930    665
   931    665
   932    665
   933    665
   934    665
   935    665
   936    665
   937    665
   938    665
   939    665
   940    665
   941    665
   942    665
   943    665
   944    665
   929    666
   930    666
   931    666
   932    666
   933    666
   934    666
   935    666
   936    666
   937    666
   938    666
   939    666
   940    666
   941    666
   942    666
   943    666
   944    666
   929    667
   930    667
   931    667
   932    667
   933    667
   934    667
   935    667
   936    667
   937    667
   938    667
   939    667
   940    667
   941    667
   942    667
   943    667
   944    667
   929    668
   930    668
   931    668
   932    668
   933    668
   934    668
   935    668
   936    668
   937    668
   938    668
   939    668
   940    668
   941    668
   942    668
   943    668
   944    668
   929    669
   930    669
   931    669
   932    669
   933    669
   934    669
   935    669
   936    669
   937    669
   938    669
   939    669
   940    669
   941    669
   942    669
   943    669
   944    669
   929    670
   930    670
   931    670
   932    670
   933    670
   934    670
   935    670
   936    670
   937    670
   938    670
   939    670
   940    670
   941    670
   942    670
   943    670
   944    670
   929    671
   930    671
   931    671
   932    671
   933    671
   934    671
   935    671
   936    671
   937    671
   938    671
   939    671
   940    671
   941    671
   942    671
   943    671
   944    671
   929    672
   930    672
   931    672
   932    672
   933    672
   934    672
   935    672
   936    672
   937    672
   938    672
   939    672
   940    672
   941    672
   942    672
   943    672
   944    672
   929    673
   930    673
   931    673
   932    673
   933    673
   934    673
   935    673
   936    673
   937    673
   938    673
   939    673
   940    673
   941    673
   942    673
   943    673
   944    673
   929    674
   930    674
   931    674
   932    674
   933    674
   934    674
   935    674
   936    674
   937    674
   938    674
   939    674
   940    674
   941    674
   942    674
   943    674
   944    674
   929    675
   930    675
   931    675
   932    675
   933    675
   934    675
   935    675
   936    675
   937    675
   938    675
   939    675
   940    675
   941    675
   942    675
   943    675
   944    675
   928    676
   929    676
   930    676
   931    676
   932    676
   933    676
   934    676
   935    676
   936    676
   937    676
   938    676
   939    676
   940    676
   941    676
   942    676
   943    676
   944    676
   929    677
   930    677
   931    677
   932    677
   933    677
   934    677
   935    677
   936    677
   937    677
   938    677
   939    677
   940    677
   941    677
   942    677
   943    677
   944    677
   929    678
   930    678
   931    678
   932    678
   933    678
   934    678
   935    678
   936    678
   937    678
   938    678
   939    678
   940    678
   941    678
   942    678
   943    678
   944    678
   928    679
   929    679
   930    679
   931    679
   932    679
   933    679
   934    679
   935    679
   936    679
   937    679
   938    679
   939    679
   940    679
   941    679
   942    679
   943    679
   944    679
   928    680
   929    680
   930    680
   931    680
   932    680
   933    680
   934    680
   935    680
   936    680
   937    680
   938    680
   939    680
   940    680
   941    680
   942    680
   943    680
   944    680
   928    681
   929    681
   930    681
   931    681
   932    681
   933    681
   934    681
   935    681
   936    681
   937    681
   938    681
   939    681
   940    681
   941    681
   942    681
   943    681
   944    681
   928    682
   929    682
   930    682
   931    682
   932    682
   933    682
   934    682
   935    682
   936    682
   937    682
   938    682
   939    682
   940    682
   941    682
   942    682
   943    682
   944    682
   929    683
   930    683
   931    683
   932    683
   933    683
   934    683
   935    683
   936    683
   937    683
   938    683
   939    683
   940    683
   941    683
   942    683
   943    683
   944    683
   928    684
   929    684
   930    684
   931    684
   932    684
   933    684
   934    684
   935    684
   936    684
   937    684
   938    684
   939    684
   940    684
   941    684
   942    684
   943    684
   944    684
   928    685
   929    685
   930    685
   931    685
   932    685
   933    685
   934    685
   935    685
   936    685
   937    685
   938    685
   939    685
   940    685
   941    685
   942    685
   943    685
   944    685
   928    686
   929    686
   930    686
   931    686
   932    686
   933    686
   934    686
   935    686
   936    686
   937    686
   938    686
   939    686
   940    686
   941    686
   942    686
   943    686
   944    686
   928    687
   929    687
   930    687
   931    687
   932    687
   933    687
   934    687
   935    687
   936    687
   937    687
   938    687
   939    687
   940    687
   941    687
   942    687
   943    687
   944    687
   928    688
   929    688
   930    688
   931    688
   932    688
   933    688
   934    688
   935    688
   936    688
   937    688
   938    688
   939    688
   940    688
   941    688
   942    688
   943    688
   944    688
   928    689
   929    689
   930    689
   931    689
   932    689
   933    689
   934    689
   935    689
   936    689
   937    689
   938    689
   939    689
   940    689
   941    689
   942    689
   943    689
   944    689
   928    690
   929    690
   930    690
   931    690
   932    690
   933    690
   934    690
   935    690
   936    690
   937    690
   938    690
   939    690
   940    690
   941    690
   942    690
   943    690
   944    690
   928    691
   929    691
   930    691
   931    691
   932    691
   933    691
   934    691
   935    691
   936    691
   937    691
   938    691
   939    691
   940    691
   941    691
   942    691
   943    691
   944    691
   928    692
   929    692
   930    692
   931    692
   932    692
   933    692
   934    692
   935    692
   936    692
   937    692
   938    692
   939    692
   940    692
   941    692
   942    692
   943    692
   944    692
   928    693
   929    693
   930    693
   931    693
   932    693
   933    693
   934    693
   935    693
   936    693
   937    693
   938    693
   939    693
   940    693
   941    693
   942    693
   943    693
   944    693
   928    694
   929    694
   930    694
   931    694
   932    694
   933    694
   934    694
   935    694
   936    694
   937    694
   938    694
   939    694
   940    694
   941    694
   942    694
   943    694
   944    694
   928    695
   929    695
   930    695
   931    695
   932    695
   933    695
   934    695
   935    695
   936    695
   937    695
   938    695
   939    695
   940    695
   941    695
   942    695
   943    695
   944    695
   928    696
   929    696
   930    696
   931    696
   932    696
   933    696
   934    696
   935    696
   936    696
   937    696
   938    696
   939    696
   940    696
   941    696
   942    696
   943    696
   944    696
   945    696
   928    697
   929    697
   930    697
   931    697
   932    697
   933    697
   934    697
   935    697
   936    697
   937    697
   938    697
   939    697
   940    697
   941    697
   942    697
   943    697
   944    697
   945    697
   928    698
   929    698
   930    698
   931    698
   932    698
   933    698
   934    698
   935    698
   936    698
   937    698
   938    698
   939    698
   940    698
   941    698
   942    698
   943    698
   944    698
   945    698
   928    699
   929    699
   930    699
   931    699
   932    699
   933    699
   934    699
   935    699
   936    699
   937    699
   938    699
   939    699
   940    699
   941    699
   942    699
   943    699
   944    699
   945    699
   928    700
   929    700
   930    700
   931    700
   932    700
   933    700
   934    700
   935    700
   936    700
   937    700
   938    700
   939    700
   940    700
   941    700
   942    700
   943    700
   944    700
   945    700
   928    701
   929    701
   930    701
   931    701
   932    701
   933    701
   934    701
   935    701
   936    701
   937    701
   938    701
   939    701
   940    701
   941    701
   942    701
   943    701
   944    701
   945    701
   928    702
   929    702
   930    702
   931    702
   932    702
   933    702
   934    702
   935    702
   936    702
   937    702
   938    702
   939    702
   940    702
   941    702
   942    702
   943    702
   944    702
   945    702
   928    703
   929    703
   930    703
   931    703
   932    703
   933    703
   934    703
   935    703
   936    703
   937    703
   938    703
   939    703
   940    703
   941    703
   942    703
   943    703
   944    703
   945    703
   928    704
   929    704
   930    704
   931    704
   932    704
   933    704
   934    704
   935    704
   936    704
   937    704
   938    704
   939    704
   940    704
   941    704
   942    704
   943    704
   944    704
   945    704
   928    705
   929    705
   930    705
   931    705
   932    705
   933    705
   934    705
   935    705
   936    705
   937    705
   938    705
   939    705
   940    705
   941    705
   942    705
   943    705
   944    705
   945    705
   928    706
   929    706
   930    706
   931    706
   932    706
   933    706
   934    706
   935    706
   936    706
   937    706
   938    706
   939    706
   940    706
   941    706
   942    706
   943    706
   944    706
   945    706
   928    707
   929    707
   930    707
   931    707
   932    707
   933    707
   934    707
   935    707
   936    707
   937    707
   938    707
   939    707
   940    707
   941    707
   942    707
   943    707
   944    707
   945    707
   928    708
   929    708
   930    708
   931    708
   932    708
   933    708
   934    708
   935    708
   936    708
   937    708
   938    708
   939    708
   940    708
   941    708
   942    708
   943    708
   944    708
   945    708
   928    709
   929    709
   930    709
   931    709
   932    709
   933    709
   934    709
   935    709
   936    709
   937    709
   938    709
   939    709
   940    709
   941    709
   942    709
   943    709
   944    709
   945    709
   928    710
   929    710
   930    710
   931    710
   932    710
   933    710
   934    710
   935    710
   936    710
   937    710
   938    710
   939    710
   940    710
   941    710
   942    710
   943    710
   944    710
   945    710
   927    711
   928    711
   929    711
   930    711
   931    711
   932    711
   933    711
   934    711
   935    711
   936    711
   937    711
   938    711
   939    711
   940    711
   941    711
   942    711
   943    711
   944    711
   945    711
   928    712
   929    712
   930    712
   931    712
   932    712
   933    712
   934    712
   935    712
   936    712
   937    712
   938    712
   939    712
   940    712
   941    712
   942    712
   943    712
   944    712
   945    712
   927    713
   928    713
   929    713
   930    713
   931    713
   932    713
   933    713
   934    713
   935    713
   936    713
   937    713
   938    713
   939    713
   940    713
   941    713
   942    713
   943    713
   944    713
   945    713
   928    714
   929    714
   930    714
   931    714
   932    714
   933    714
   934    714
   935    714
   936    714
   937    714
   938    714
   939    714
   940    714
   941    714
   942    714
   943    714
   944    714
   945    714
   927    715
   928    715
   929    715
   930    715
   931    715
   932    715
   933    715
   934    715
   935    715
   936    715
   937    715
   938    715
   939    715
   940    715
   941    715
   942    715
   943    715
   944    715
   945    715
   928    716
   929    716
   930    716
   931    716
   932    716
   933    716
   934    716
   935    716
   936    716
   937    716
   938    716
   939    716
   940    716
   941    716
   942    716
   943    716
   944    716
   929    718
   930    718
   931    718
   932    718
   933    718
   934    718
   935    718
   936    718
   937    718
   938    718
   939    718
   940    718
   941    718
   942    718
   943    718
   944    718
