  1375    711
  1376    711
  1377    711
  1360    712
  1361    712
  1362    712
  1363    712
  1364    712
  1365    712
  1366    712
  1367    712
  1368    712
  1351    713
  1352    713
  1353    713
  1354    713
  1355    713
  1356    713
  1357    713
  1358    713
  1359    713
  1360    713
  1361    713
  1362    713
  1363    713
  1364    713
  1367    713
  1368    713
  1369    713
  1370    713
  1371    713
  1372    713
  1373    713
  1347    714
  1348    714
  1349    714
  1350    714
  1351    714
  1352    714
  1353    714
  1354    714
  1355    714
  1356    714
  1357    714
  1358    714
  1359    714
  1360    714
  1362    714
  1363    714
  1328    715
  1329    715
  1330    715
  1333    715
  1334    715
  1351    715
  1353    715
  1354    715
  1355    715
  1356    715
  1333    716
  1334    716
  1327    717
  1328    717
  1329    717
  1330    717
  1296    718
  1297    718
  1298    718
  1299    718
  1300    718
  1301    718
  1319    718
  1320    718
  1323    718
  1324    718
  1287    719
  1288    719
  1289    719
  1290    719
  1291    719
  1292    719
  1293    719
  1294    719
  1295    719
  1310    719
  1311    719
  1312    719
  1313    719
  1314    719
  1270    720
  1271    720
  1272    720
  1273    720
  1274    720
  1275    720
  1276    720
  1277    720
  1278    720
  1279    720
  1280    720
  1281    720
  1282    720
  1283    720
  1284    720
  1285    720
  1286    720
  1287    720
  1288    720
  1289    720
  1290    720
  1291    720
  1292    720
  1293    720
  1294    720
  1295    720
  1300    720
  1301    720
  1302    720
  1303    720
  1304    720
  1305    720
  1306    720
  1307    720
  1308    720
  1256    721
  1257    721
  1258    721
  1259    721
  1260    721
  1261    721
  1262    721
  1263    721
  1264    721
  1265    721
  1266    721
  1267    721
  1268    721
  1269    721
  1270    721
  1271    721
  1272    721
  1273    721
  1274    721
  1275    721
  1276    721
  1277    721
  1278    721
  1279    721
  1280    721
  1281    721
  1282    721
  1283    721
  1284    721
  1285    721
  1286    721
  1287    721
  1288    721
  1289    721
  1290    721
  1291    721
  1292    721
  1293    721
  1294    721
  1295    721
  1296    721
  1297    721
  1298    721
  1299    721
  1300    721
  1301    721
  1308    721
  1309    721
  1247    722
  1248    722
  1249    722
  1250    722
  1251    722
  1253    722
  1254    722
  1255    722
  1256    722
  1257    722
  1258    722
  1260    722
  1261    722
  1263    722
  1264    722
  1265    722
  1266    722
  1267    722
  1268    722
  1269    722
  1270    722
  1271    722
  1272    722
  1273    722
  1274    722
  1275    722
  1276    722
  1277    722
  1278    722
  1279    722
  1280    722
  1281    722
  1282    722
  1283    722
  1284    722
  1285    722
  1286    722
  1287    722
  1288    722
  1289    722
  1293    722
  1294    722
  1295    722
  1296    722
  1297    722
  1298    722
  1299    722
  1300    722
  1301    722
  1273    723
  1274    723
  1275    723
  1276    723
  1277    723
  1278    723
  1279    723
  1280    723
  1281    723
  1282    723
  1232    724
  1233    724
  1234    724
  1235    724
  1236    724
  1237    724
  1238    724
  1239    724
  1240    724
  1241    724
  1268    724
  1269    724
  1270    724
  1271    724
  1272    724
  1273    724
  1274    724
  1275    724
  1276    724
  1277    724
  1278    724
  1207    725
  1208    725
  1209    725
  1210    725
  1211    725
  1212    725
  1213    725
  1214    725
  1215    725
  1216    725
  1217    725
  1218    725
  1219    725
  1220    725
  1221    725
  1222    725
  1223    725
  1224    725
  1225    725
  1226    725
  1227    725
  1231    725
  1232    725
  1233    725
  1248    725
  1249    725
  1250    725
  1251    725
  1252    725
  1253    725
  1254    725
  1255    725
  1256    725
  1257    725
  1258    725
  1259    725
  1260    725
  1261    725
  1262    725
  1263    725
  1264    725
  1265    725
  1266    725
  1267    725
  1270    725
  1271    725
  1272    725
  1273    725
  1274    725
  1275    725
  1276    725
  1278    725
  1279    725
  1193    726
  1194    726
  1195    726
  1196    726
  1197    726
  1198    726
  1202    726
  1207    726
  1208    726
  1209    726
  1210    726
  1211    726
  1212    726
  1213    726
  1214    726
  1215    726
  1216    726
  1217    726
  1218    726
  1241    726
  1242    726
  1243    726
  1244    726
  1245    726
  1246    726
  1247    726
  1248    726
  1249    726
  1250    726
  1253    726
  1254    726
  1255    726
  1256    726
  1257    726
  1258    726
  1259    726
  1260    726
  1266    726
  1267    726
  1268    726
  1269    726
  1270    726
  1271    726
  1272    726
  1273    726
  1274    726
  1181    727
  1182    727
  1183    727
  1186    727
  1188    727
  1189    727
  1190    727
  1192    727
  1193    727
  1194    727
  1196    727
  1197    727
  1198    727
  1199    727
  1200    727
  1205    727
  1234    727
  1235    727
  1236    727
  1237    727
  1238    727
  1239    727
  1240    727
  1241    727
  1242    727
  1243    727
  1244    727
  1245    727
  1246    727
  1247    727
  1248    727
  1249    727
  1250    727
  1251    727
  1252    727
  1253    727
  1258    727
  1259    727
  1260    727
  1266    727
  1267    727
  1181    728
  1182    728
  1183    728
  1188    728
  1189    728
  1190    728
  1191    728
  1192    728
  1226    728
  1227    728
  1228    728
  1229    728
  1230    728
  1232    728
  1233    728
  1234    728
  1238    728
  1239    728
  1240    728
  1241    728
  1242    728
  1243    728
  1244    728
  1245    728
  1254    728
  1255    728
  1256    728
  1257    728
  1258    728
  1259    728
  1220    729
  1221    729
  1222    729
  1223    729
  1224    729
  1225    729
  1226    729
  1227    729
  1228    729
  1233    729
  1234    729
  1235    729
  1236    729
  1237    729
  1238    729
  1239    729
  1240    729
  1246    729
  1247    729
  1248    729
  1249    729
  1250    729
  1251    729
  1252    729
  1253    729
  1254    729
  1215    730
  1216    730
  1217    730
  1218    730
  1219    730
  1220    730
  1221    730
  1222    730
  1229    730
  1231    730
  1232    730
  1234    730
  1235    730
  1236    730
  1239    730
  1240    730
  1241    730
  1242    730
  1243    730
  1244    730
  1245    730
  1246    730
  1247    730
  1248    730
  1249    730
  1222    731
  1223    731
  1224    731
  1225    731
  1226    731
  1227    731
  1241    731
  1215    732
  1216    732
  1217    732
  1218    732
  1219    732
  1220    732
  1221    732
  1196    733
  1197    733
  1198    733
  1199    733
  1200    733
  1201    733
  1202    733
  1210    733
  1211    733
  1212    733
  1213    733
  1214    733
  1215    733
  1216    733
  1217    733
  1190    734
  1191    734
  1192    734
  1193    734
  1194    734
  1195    734
  1196    734
  1197    734
  1198    734
  1199    734
  1204    734
  1205    734
  1206    734
  1207    734
  1208    734
  1209    734
  1210    734
  1211    734
  1212    734
  1218    734
  1219    734
  1220    734
  1221    734
  1222    734
  1223    734
  1185    735
  1186    735
  1187    735
  1188    735
  1189    735
  1190    735
  1191    735
  1192    735
  1193    735
  1200    735
  1201    735
  1202    735
  1203    735
  1204    735
  1205    735
  1206    735
  1213    735
  1214    735
  1215    735
  1216    735
  1217    735
  1218    735
  1219    735
  1220    735
  1221    735
  1180    736
  1181    736
  1182    736
  1183    736
  1184    736
  1185    736
  1186    736
  1187    736
  1188    736
  1195    736
  1196    736
  1197    736
  1198    736
  1199    736
  1200    736
  1201    736
  1202    736
  1209    736
  1210    736
  1211    736
  1212    736
  1213    736
  1214    736
  1215    736
  1216    736
  1174    737
  1175    737
  1176    737
  1177    737
  1178    737
  1179    737
  1180    737
  1181    737
  1182    737
  1183    737
  1190    737
  1191    737
  1192    737
  1193    737
  1194    737
  1195    737
  1196    737
  1197    737
  1204    737
  1205    737
  1206    737
  1207    737
  1208    737
  1209    737
  1210    737
  1211    737
  1170    738
  1171    738
  1172    738
  1173    738
  1174    738
  1175    738
  1176    738
  1177    738
  1178    738
  1185    738
  1186    738
  1187    738
  1188    738
  1189    738
  1190    738
  1191    738
  1192    738
  1193    738
  1200    738
  1201    738
  1202    738
  1203    738
  1204    738
  1205    738
  1206    738
  1207    738
  1164    739
  1165    739
  1166    739
  1167    739
  1168    739
  1169    739
  1170    739
  1171    739
  1172    739
  1173    739
  1180    739
  1181    739
  1182    739
  1183    739
  1184    739
  1185    739
  1186    739
  1187    739
  1188    739
  1195    739
  1196    739
  1197    739
  1198    739
  1200    739
  1201    739
  1202    739
  1160    740
  1161    740
  1162    740
  1163    740
  1164    740
  1165    740
  1166    740
  1167    740
  1168    740
  1175    740
  1176    740
  1177    740
  1178    740
  1179    740
  1180    740
  1181    740
  1182    740
  1183    740
  1190    740
  1191    740
  1192    740
  1193    740
  1194    740
  1195    740
  1196    740
  1197    740
  1198    740
  1157    741
  1158    741
  1159    741
  1160    741
  1161    741
  1162    741
  1163    741
  1164    741
  1171    741
  1172    741
  1173    741
  1174    741
  1175    741
  1176    741
  1177    741
  1178    741
  1179    741
  1186    741
  1187    741
  1188    741
  1189    741
  1190    741
  1191    741
  1192    741
  1193    741
  1194    741
  1167    742
  1168    742
  1169    742
  1170    742
  1171    742
  1172    742
  1173    742
  1174    742
  1175    742
  1187    742
  1188    742
  1189    742
  1163    743
  1164    743
  1165    743
  1166    743
  1167    743
  1168    743
  1169    743
  1170    743
  1171    743
  1159    744
  1160    744
  1161    744
  1162    744
  1163    744
  1164    744
  1165    744
  1166    744
  1167    744
  1140    745
  1141    745
  1142    745
  1143    745
  1144    745
  1145    745
  1146    745
  1147    745
  1155    745
  1156    745
  1157    745
  1158    745
  1159    745
  1160    745
  1161    745
  1162    745
  1163    745
  1136    746
  1137    746
  1138    746
  1139    746
  1140    746
  1141    746
  1142    746
  1143    746
  1144    746
  1151    746
  1152    746
  1153    746
  1154    746
  1155    746
  1156    746
  1157    746
  1158    746
  1159    746
  1167    746
  1168    746
  1169    746
  1170    746
  1171    746
  1132    747
  1133    747
  1134    747
  1135    747
  1136    747
  1137    747
  1138    747
  1139    747
  1140    747
  1148    747
  1149    747
  1150    747
  1151    747
  1152    747
  1153    747
  1154    747
  1155    747
  1156    747
  1164    747
  1165    747
  1166    747
  1167    747
  1168    747
  1170    747
  1171    747
  1172    747
  1128    748
  1129    748
  1130    748
  1131    748
  1132    748
  1133    748
  1134    748
  1135    748
  1136    748
  1137    748
  1145    748
  1146    748
  1147    748
  1148    748
  1149    748
  1150    748
  1151    748
  1152    748
  1153    748
  1161    748
  1162    748
  1163    748
  1164    748
  1167    748
  1168    748
  1169    748
  1124    749
  1125    749
  1126    749
  1127    749
  1128    749
  1129    749
  1130    749
  1131    749
  1132    749
  1133    749
  1134    749
  1142    749
  1143    749
  1144    749
  1145    749
  1146    749
  1147    749
  1148    749
  1149    749
  1158    749
  1159    749
  1160    749
  1161    749
  1162    749
  1165    749
  1166    749
  1122    750
  1123    750
  1124    750
  1125    750
  1126    750
  1127    750
  1128    750
  1129    750
  1130    750
  1138    750
  1139    750
  1140    750
  1141    750
  1142    750
  1143    750
  1144    750
  1145    750
  1146    750
  1154    750
  1155    750
  1156    750
  1157    750
  1158    750
  1159    750
  1160    750
  1161    750
  1162    750
  1163    750
  1118    751
  1119    751
  1120    751
  1121    751
  1122    751
  1123    751
  1124    751
  1125    751
  1126    751
  1127    751
  1135    751
  1136    751
  1137    751
  1138    751
  1139    751
  1140    751
  1141    751
  1142    751
  1143    751
  1152    751
  1153    751
  1154    751
  1155    751
  1156    751
  1157    751
  1158    751
  1159    751
  1160    751
  1115    752
  1116    752
  1117    752
  1118    752
  1119    752
  1120    752
  1121    752
  1122    752
  1123    752
  1124    752
  1132    752
  1133    752
  1134    752
  1135    752
  1136    752
  1137    752
  1138    752
  1139    752
  1140    752
  1149    752
  1150    752
  1151    752
  1152    752
  1153    752
  1154    752
  1155    752
  1156    752
  1157    752
  1111    753
  1112    753
  1113    753
  1114    753
  1115    753
  1116    753
  1117    753
  1118    753
  1119    753
  1120    753
  1121    753
  1129    753
  1130    753
  1131    753
  1132    753
  1133    753
  1134    753
  1135    753
  1136    753
  1137    753
  1146    753
  1147    753
  1148    753
  1149    753
  1150    753
  1151    753
  1152    753
  1153    753
  1154    753
  1155    753
  1108    754
  1109    754
  1110    754
  1111    754
  1112    754
  1113    754
  1114    754
  1115    754
  1116    754
  1117    754
  1118    754
  1119    754
  1126    754
  1127    754
  1128    754
  1129    754
  1130    754
  1131    754
  1132    754
  1133    754
  1134    754
  1144    754
  1145    754
  1146    754
  1147    754
  1148    754
  1149    754
  1150    754
  1151    754
  1152    754
  1153    754
  1106    755
  1107    755
  1108    755
  1109    755
  1110    755
  1111    755
  1112    755
  1113    755
  1114    755
  1115    755
  1124    755
  1125    755
  1126    755
  1127    755
  1128    755
  1129    755
  1130    755
  1131    755
  1141    755
  1142    755
  1143    755
  1144    755
  1145    755
  1146    755
  1147    755
  1148    755
  1149    755
  1150    755
  1104    756
  1105    756
  1106    756
  1107    756
  1108    756
  1109    756
  1110    756
  1111    756
  1112    756
  1121    756
  1122    756
  1123    756
  1124    756
  1125    756
  1128    756
  1129    756
  1140    756
  1141    756
  1142    756
  1143    756
  1144    756
  1145    756
  1146    756
  1147    756
  1118    757
  1119    757
  1120    757
  1121    757
  1122    757
  1124    757
  1125    757
  1126    757
  1127    757
  1142    757
  1143    757
  1144    757
  1145    757
  1116    758
  1117    758
  1118    758
  1119    758
  1120    758
  1121    758
  1122    758
  1123    758
  1124    758
  1113    759
  1114    759
  1115    759
  1116    759
  1117    759
  1118    759
  1119    759
  1120    759
  1121    759
  1111    760
  1112    760
  1113    760
  1114    760
  1115    760
  1116    760
  1117    760
  1118    760
  1119    760
  1108    761
  1109    761
  1110    761
  1111    761
  1112    761
  1113    761
  1114    761
  1115    761
  1116    761
  1117    761
  1087    762
  1088    762
  1089    762
  1090    762
  1091    762
  1106    762
  1107    762
  1108    762
  1109    762
  1110    762
  1111    762
  1112    762
  1113    762
  1114    762
  1115    762
  1124    762
  1125    762
  1126    762
  1127    762
  1128    762
  1129    762
  1130    762
  1084    763
  1085    763
  1086    763
  1087    763
  1088    763
  1090    763
  1091    763
  1092    763
  1093    763
  1094    763
  1103    763
  1104    763
  1105    763
  1106    763
  1107    763
  1108    763
  1109    763
  1110    763
  1111    763
  1112    763
  1121    763
  1122    763
  1123    763
  1124    763
  1125    763
  1126    763
  1127    763
  1128    763
  1129    763
  1081    764
  1082    764
  1083    764
  1084    764
  1085    764
  1086    764
  1087    764
  1088    764
  1089    764
  1090    764
  1091    764
  1101    764
  1102    764
  1103    764
  1104    764
  1105    764
  1106    764
  1107    764
  1108    764
  1109    764
  1118    764
  1119    764
  1120    764
  1121    764
  1122    764
  1123    764
  1124    764
  1125    764
  1126    764
  1127    764
  1128    764
  1129    764
  1078    765
  1079    765
  1080    765
  1081    765
  1082    765
  1083    765
  1084    765
  1085    765
  1086    765
  1087    765
  1088    765
  1099    765
  1100    765
  1101    765
  1102    765
  1103    765
  1104    765
  1105    765
  1106    765
  1107    765
  1108    765
  1116    765
  1117    765
  1118    765
  1119    765
  1120    765
  1121    765
  1122    765
  1123    765
  1124    765
  1125    765
  1126    765
  1127    765
  1075    766
  1076    766
  1077    766
  1078    766
  1079    766
  1080    766
  1081    766
  1082    766
  1083    766
  1084    766
  1085    766
  1086    766
  1096    766
  1097    766
  1098    766
  1099    766
  1100    766
  1101    766
  1102    766
  1103    766
  1104    766
  1105    766
  1114    766
  1115    766
  1116    766
  1117    766
  1118    766
  1119    766
  1120    766
  1121    766
  1122    766
  1123    766
  1124    766
  1073    767
  1074    767
  1075    767
  1076    767
  1077    767
  1078    767
  1079    767
  1080    767
  1081    767
  1082    767
  1083    767
  1094    767
  1095    767
  1096    767
  1097    767
  1098    767
  1099    767
  1100    767
  1101    767
  1102    767
  1103    767
  1112    767
  1113    767
  1114    767
  1115    767
  1116    767
  1117    767
  1118    767
  1119    767
  1120    767
  1121    767
  1122    767
  1123    767
  1071    768
  1072    768
  1073    768
  1074    768
  1075    768
  1076    768
  1077    768
  1078    768
  1079    768
  1080    768
  1081    768
  1091    768
  1092    768
  1093    768
  1094    768
  1095    768
  1096    768
  1097    768
  1098    768
  1099    768
  1100    768
  1101    768
  1110    768
  1111    768
  1112    768
  1113    768
  1114    768
  1115    768
  1116    768
  1117    768
  1118    768
  1119    768
  1120    768
  1068    769
  1069    769
  1070    769
  1071    769
  1072    769
  1073    769
  1074    769
  1075    769
  1076    769
  1077    769
  1078    769
  1079    769
  1090    769
  1091    769
  1092    769
  1093    769
  1094    769
  1095    769
  1096    769
  1097    769
  1098    769
  1099    769
  1108    769
  1109    769
  1110    769
  1111    769
  1112    769
  1113    769
  1114    769
  1115    769
  1116    769
  1117    769
  1118    769
  1065    770
  1066    770
  1067    770
  1068    770
  1069    770
  1070    770
  1071    770
  1072    770
  1073    770
  1074    770
  1075    770
  1076    770
  1088    770
  1089    770
  1090    770
  1091    770
  1092    770
  1093    770
  1094    770
  1095    770
  1096    770
  1097    770
  1106    770
  1107    770
  1108    770
  1109    770
  1110    770
  1111    770
  1112    770
  1113    770
  1114    770
  1115    770
  1116    770
  1117    770
  1063    771
  1064    771
  1065    771
  1066    771
  1067    771
  1068    771
  1069    771
  1070    771
  1071    771
  1072    771
  1073    771
  1074    771
  1085    771
  1086    771
  1087    771
  1088    771
  1089    771
  1090    771
  1091    771
  1092    771
  1093    771
  1094    771
  1095    771
  1104    771
  1105    771
  1106    771
  1107    771
  1108    771
  1109    771
  1110    771
  1111    771
  1112    771
  1113    771
  1114    771
  1115    771
  1061    772
  1062    772
  1063    772
  1064    772
  1065    772
  1066    772
  1067    772
  1068    772
  1069    772
  1070    772
  1071    772
  1072    772
  1083    772
  1084    772
  1085    772
  1086    772
  1087    772
  1088    772
  1089    772
  1090    772
  1091    772
  1092    772
  1093    772
  1102    772
  1103    772
  1104    772
  1105    772
  1106    772
  1107    772
  1108    772
  1109    772
  1110    772
  1111    772
  1112    772
  1113    772
  1059    773
  1060    773
  1061    773
  1062    773
  1063    773
  1064    773
  1065    773
  1066    773
  1067    773
  1068    773
  1069    773
  1070    773
  1081    773
  1082    773
  1083    773
  1084    773
  1085    773
  1086    773
  1087    773
  1088    773
  1089    773
  1090    773
  1091    773
  1100    773
  1101    773
  1102    773
  1103    773
  1104    773
  1105    773
  1106    773
  1107    773
  1108    773
  1109    773
  1110    773
  1111    773
  1057    774
  1058    774
  1059    774
  1060    774
  1061    774
  1062    774
  1063    774
  1064    774
  1065    774
  1066    774
  1067    774
  1068    774
  1079    774
  1080    774
  1081    774
  1082    774
  1083    774
  1084    774
  1085    774
  1086    774
  1087    774
  1088    774
  1089    774
  1099    774
  1100    774
  1101    774
  1102    774
  1103    774
  1104    774
  1105    774
  1106    774
  1107    774
  1108    774
  1109    774
  1110    774
  1054    775
  1055    775
  1056    775
  1057    775
  1058    775
  1059    775
  1060    775
  1061    775
  1062    775
  1063    775
  1064    775
  1065    775
  1066    775
  1077    775
  1078    775
  1079    775
  1080    775
  1081    775
  1082    775
  1083    775
  1084    775
  1085    775
  1086    775
  1087    775
  1097    775
  1098    775
  1099    775
  1100    775
  1101    775
  1102    775
  1103    775
  1104    775
  1105    775
  1106    775
  1107    775
  1108    775
  1053    776
  1054    776
  1055    776
  1056    776
  1057    776
  1058    776
  1059    776
  1060    776
  1061    776
  1062    776
  1063    776
  1064    776
  1075    776
  1076    776
  1077    776
  1078    776
  1079    776
  1080    776
  1081    776
  1082    776
  1083    776
  1084    776
  1085    776
  1095    776
  1096    776
  1097    776
  1098    776
  1099    776
  1100    776
  1101    776
  1102    776
  1103    776
  1104    776
  1105    776
  1106    776
  1051    777
  1052    777
  1053    777
  1054    777
  1055    777
  1056    777
  1057    777
  1058    777
  1059    777
  1060    777
  1061    777
  1062    777
  1073    777
  1074    777
  1075    777
  1076    777
  1077    777
  1078    777
  1079    777
  1080    777
  1081    777
  1082    777
  1083    777
  1093    777
  1094    777
  1095    777
  1096    777
  1097    777
  1098    777
  1099    777
  1100    777
  1101    777
  1102    777
  1103    777
  1104    777
  1050    778
  1051    778
  1052    778
  1053    778
  1054    778
  1055    778
  1056    778
  1057    778
  1058    778
  1059    778
  1060    778
  1061    778
  1071    778
  1072    778
  1073    778
  1074    778
  1075    778
  1076    778
  1077    778
  1078    778
  1079    778
  1080    778
  1095    778
  1096    778
  1097    778
  1098    778
  1099    778
  1100    778
  1101    778
  1102    778
  1103    778
  1069    779
  1070    779
  1071    779
  1072    779
  1073    779
  1074    779
  1075    779
  1076    779
  1077    779
  1078    779
  1079    779
  1100    779
  1101    779
  1068    780
  1069    780
  1070    780
  1071    780
  1072    780
  1073    780
  1074    780
  1075    780
  1076    780
  1077    780
  1078    780
  1066    781
  1067    781
  1068    781
  1069    781
  1070    781
  1071    781
  1072    781
  1073    781
  1074    781
  1075    781
  1076    781
  1064    782
  1065    782
  1066    782
  1067    782
  1068    782
  1069    782
  1070    782
  1071    782
  1072    782
  1073    782
  1074    782
  1062    783
  1063    783
  1064    783
  1065    783
  1066    783
  1067    783
  1068    783
  1069    783
  1070    783
  1071    783
  1072    783
  1073    783
  1060    784
  1061    784
  1062    784
  1063    784
  1064    784
  1065    784
  1066    784
  1067    784
  1068    784
  1069    784
  1070    784
  1071    784
  1059    785
  1060    785
  1061    785
  1062    785
  1063    785
  1064    785
  1065    785
  1066    785
  1067    785
  1068    785
  1069    785
  1070    785
  1032    786
  1033    786
  1034    786
  1035    786
  1036    786
  1037    786
  1038    786
  1039    786
  1058    786
  1059    786
  1060    786
  1061    786
  1062    786
  1063    786
  1064    786
  1065    786
  1066    786
  1067    786
  1030    787
  1031    787
  1032    787
  1033    787
  1034    787
  1035    787
  1036    787
  1037    787
  1038    787
  1056    787
  1057    787
  1058    787
  1059    787
  1060    787
  1061    787
  1062    787
  1063    787
  1064    787
  1065    787
  1066    787
  1078    787
  1079    787
  1080    787
  1081    787
  1082    787
  1083    787
  1084    787
  1085    787
  1086    787
  1087    787
  1028    788
  1029    788
  1030    788
  1031    788
  1032    788
  1033    788
  1034    788
  1035    788
  1036    788
  1037    788
  1038    788
  1039    788
  1054    788
  1055    788
  1056    788
  1057    788
  1058    788
  1059    788
  1060    788
  1061    788
  1062    788
  1063    788
  1064    788
  1065    788
  1076    788
  1077    788
  1078    788
  1079    788
  1080    788
  1081    788
  1082    788
  1083    788
  1084    788
  1085    788
  1086    788
  1026    789
  1027    789
  1028    789
  1029    789
  1030    789
  1031    789
  1032    789
  1033    789
  1034    789
  1035    789
  1036    789
  1037    789
  1038    789
  1053    789
  1054    789
  1055    789
  1056    789
  1057    789
  1058    789
  1059    789
  1060    789
  1061    789
  1062    789
  1063    789
  1074    789
  1075    789
  1076    789
  1077    789
  1078    789
  1079    789
  1080    789
  1081    789
  1082    789
  1083    789
  1084    789
  1085    789
  1086    789
  1087    789
  1024    790
  1025    790
  1026    790
  1027    790
  1028    790
  1029    790
  1030    790
  1031    790
  1032    790
  1033    790
  1034    790
  1035    790
  1036    790
  1037    790
  1051    790
  1052    790
  1053    790
  1054    790
  1055    790
  1056    790
  1057    790
  1058    790
  1059    790
  1060    790
  1061    790
  1062    790
  1073    790
  1074    790
  1075    790
  1076    790
  1077    790
  1078    790
  1079    790
  1080    790
  1081    790
  1082    790
  1083    790
  1084    790
  1085    790
  1086    790
  1023    791
  1024    791
  1025    791
  1026    791
  1027    791
  1028    791
  1029    791
  1030    791
  1031    791
  1032    791
  1033    791
  1034    791
  1035    791
  1050    791
  1051    791
  1052    791
  1053    791
  1054    791
  1055    791
  1056    791
  1057    791
  1058    791
  1059    791
  1060    791
  1072    791
  1073    791
  1074    791
  1075    791
  1076    791
  1077    791
  1078    791
  1079    791
  1080    791
  1081    791
  1082    791
  1083    791
  1084    791
  1085    791
  1021    792
  1022    792
  1023    792
  1024    792
  1025    792
  1026    792
  1027    792
  1028    792
  1029    792
  1030    792
  1031    792
  1032    792
  1033    792
  1034    792
  1048    792
  1049    792
  1050    792
  1051    792
  1052    792
  1053    792
  1054    792
  1055    792
  1056    792
  1057    792
  1058    792
  1059    792
  1071    792
  1072    792
  1073    792
  1074    792
  1075    792
  1076    792
  1077    792
  1078    792
  1079    792
  1080    792
  1081    792
  1082    792
  1083    792
  1020    793
  1021    793
  1022    793
  1023    793
  1024    793
  1025    793
  1026    793
  1027    793
  1028    793
  1029    793
  1030    793
  1031    793
  1032    793
  1046    793
  1047    793
  1048    793
  1049    793
  1050    793
  1051    793
  1052    793
  1053    793
  1054    793
  1055    793
  1056    793
  1057    793
  1070    793
  1071    793
  1072    793
  1073    793
  1074    793
  1075    793
  1076    793
  1077    793
  1078    793
  1079    793
  1080    793
  1081    793
  1082    793
  1018    794
  1019    794
  1020    794
  1021    794
  1022    794
  1023    794
  1024    794
  1025    794
  1026    794
  1027    794
  1028    794
  1029    794
  1030    794
  1045    794
  1046    794
  1047    794
  1048    794
  1049    794
  1050    794
  1051    794
  1052    794
  1053    794
  1054    794
  1055    794
  1068    794
  1069    794
  1070    794
  1071    794
  1072    794
  1073    794
  1074    794
  1075    794
  1076    794
  1077    794
  1078    794
  1079    794
  1080    794
  1081    794
  1016    795
  1017    795
  1018    795
  1019    795
  1020    795
  1021    795
  1022    795
  1023    795
  1024    795
  1025    795
  1026    795
  1027    795
  1028    795
  1029    795
  1043    795
  1044    795
  1045    795
  1046    795
  1047    795
  1048    795
  1049    795
  1050    795
  1051    795
  1052    795
  1053    795
  1054    795
  1067    795
  1068    795
  1069    795
  1070    795
  1071    795
  1072    795
  1073    795
  1074    795
  1075    795
  1076    795
  1077    795
  1078    795
  1079    795
  1015    796
  1016    796
  1017    796
  1018    796
  1019    796
  1020    796
  1021    796
  1022    796
  1023    796
  1024    796
  1025    796
  1026    796
  1027    796
  1042    796
  1043    796
  1044    796
  1045    796
  1046    796
  1047    796
  1048    796
  1049    796
  1050    796
  1051    796
  1052    796
  1066    796
  1067    796
  1068    796
  1069    796
  1070    796
  1071    796
  1072    796
  1073    796
  1074    796
  1075    796
  1076    796
  1077    796
  1078    796
  1079    796
  1013    797
  1014    797
  1015    797
  1016    797
  1017    797
  1018    797
  1019    797
  1020    797
  1021    797
  1022    797
  1023    797
  1024    797
  1025    797
  1026    797
  1042    797
  1043    797
  1044    797
  1045    797
  1046    797
  1047    797
  1048    797
  1049    797
  1050    797
  1051    797
  1065    797
  1066    797
  1067    797
  1068    797
  1069    797
  1070    797
  1071    797
  1072    797
  1073    797
  1074    797
  1075    797
  1076    797
  1077    797
  1078    797
  1011    798
  1012    798
  1013    798
  1014    798
  1015    798
  1016    798
  1017    798
  1018    798
  1019    798
  1020    798
  1021    798
  1022    798
  1023    798
  1024    798
  1039    798
  1040    798
  1041    798
  1042    798
  1043    798
  1044    798
  1045    798
  1046    798
  1047    798
  1048    798
  1049    798
  1050    798
  1064    798
  1065    798
  1067    798
  1068    798
  1069    798
  1070    798
  1071    798
  1072    798
  1073    798
  1074    798
  1075    798
  1076    798
  1077    798
  1010    799
  1011    799
  1012    799
  1013    799
  1014    799
  1015    799
  1016    799
  1017    799
  1018    799
  1019    799
  1020    799
  1021    799
  1022    799
  1023    799
  1038    799
  1039    799
  1040    799
  1041    799
  1042    799
  1043    799
  1044    799
  1045    799
  1046    799
  1047    799
  1048    799
  1063    799
  1064    799
  1066    799
  1067    799
  1068    799
  1069    799
  1070    799
  1071    799
  1072    799
  1073    799
  1074    799
  1075    799
  1076    799
  1009    800
  1010    800
  1011    800
  1012    800
  1013    800
  1014    800
  1015    800
  1016    800
  1017    800
  1018    800
  1019    800
  1020    800
  1021    800
  1037    800
  1038    800
  1039    800
  1040    800
  1041    800
  1042    800
  1043    800
  1044    800
  1045    800
  1046    800
  1047    800
  1062    800
  1063    800
  1065    800
  1066    800
  1067    800
  1068    800
  1069    800
  1070    800
  1071    800
  1072    800
  1073    800
  1074    800
  1075    800
  1007    801
  1008    801
  1009    801
  1010    801
  1011    801
  1012    801
  1013    801
  1014    801
  1015    801
  1016    801
  1017    801
  1018    801
  1019    801
  1020    801
  1035    801
  1036    801
  1037    801
  1038    801
  1039    801
  1040    801
  1041    801
  1042    801
  1043    801
  1044    801
  1045    801
  1046    801
  1061    801
  1062    801
  1065    801
  1066    801
  1067    801
  1068    801
  1069    801
  1070    801
  1071    801
  1072    801
  1073    801
  1074    801
  1006    802
  1007    802
  1008    802
  1009    802
  1010    802
  1011    802
  1012    802
  1013    802
  1014    802
  1015    802
  1016    802
  1017    802
  1018    802
  1019    802
  1034    802
  1035    802
  1036    802
  1037    802
  1038    802
  1039    802
  1040    802
  1041    802
  1042    802
  1043    802
  1044    802
  1045    802
  1059    802
  1060    802
  1061    802
  1063    802
  1064    802
  1065    802
  1066    802
  1067    802
  1068    802
  1069    802
  1070    802
  1071    802
  1072    802
  1073    802
  1004    803
  1005    803
  1006    803
  1007    803
  1008    803
  1009    803
  1010    803
  1011    803
  1012    803
  1013    803
  1014    803
  1015    803
  1016    803
  1017    803
  1033    803
  1034    803
  1035    803
  1036    803
  1037    803
  1038    803
  1039    803
  1040    803
  1041    803
  1042    803
  1043    803
  1044    803
  1062    803
  1063    803
  1064    803
  1065    803
  1066    803
  1067    803
  1068    803
  1069    803
  1070    803
  1071    803
  1072    803
  1003    804
  1004    804
  1005    804
  1006    804
  1007    804
  1008    804
  1009    804
  1010    804
  1011    804
  1012    804
  1013    804
  1014    804
  1015    804
  1016    804
  1017    804
  1031    804
  1032    804
  1033    804
  1034    804
  1035    804
  1036    804
  1037    804
  1038    804
  1039    804
  1040    804
  1041    804
  1042    804
  1043    804
  1058    804
  1059    804
  1062    804
  1063    804
  1064    804
  1065    804
  1066    804
  1067    804
  1068    804
  1069    804
  1070    804
  1071    804
  1002    805
  1003    805
  1004    805
  1005    805
  1006    805
  1007    805
  1008    805
  1009    805
  1010    805
  1011    805
  1012    805
  1013    805
  1014    805
  1015    805
  1016    805
  1030    805
  1031    805
  1032    805
  1033    805
  1034    805
  1035    805
  1036    805
  1037    805
  1038    805
  1039    805
  1040    805
  1041    805
  1042    805
  1061    805
  1062    805
  1063    805
  1064    805
  1065    805
  1066    805
  1067    805
  1068    805
  1069    805
  1070    805
  1071    805
  1001    806
  1002    806
  1003    806
  1004    806
  1005    806
  1006    806
  1007    806
  1008    806
  1009    806
  1010    806
  1011    806
  1012    806
  1013    806
  1014    806
  1015    806
  1029    806
  1030    806
  1031    806
  1032    806
  1033    806
  1034    806
  1035    806
  1036    806
  1037    806
  1038    806
  1039    806
  1040    806
  1041    806
  1060    806
  1061    806
  1062    806
  1063    806
  1064    806
  1065    806
  1066    806
  1068    806
  1069    806
  1070    806
  1000    807
  1001    807
  1002    807
  1003    807
  1004    807
  1005    807
  1006    807
  1007    807
  1008    807
  1009    807
  1010    807
  1011    807
  1012    807
  1013    807
  1014    807
  1028    807
  1029    807
  1030    807
  1031    807
  1032    807
  1033    807
  1034    807
  1035    807
  1036    807
  1037    807
  1038    807
  1039    807
  1040    807
  1056    807
  1057    807
  1059    807
  1060    807
  1061    807
  1062    807
  1063    807
  1064    807
  1065    807
  1067    807
  1068    807
   999    808
  1000    808
  1001    808
  1002    808
  1003    808
  1004    808
  1005    808
  1006    808
  1007    808
  1008    808
  1009    808
  1010    808
  1011    808
  1012    808
  1013    808
  1027    808
  1028    808
  1029    808
  1030    808
  1031    808
  1032    808
  1033    808
  1034    808
  1035    808
  1036    808
  1037    808
  1038    808
  1039    808
  1058    808
  1059    808
  1060    808
  1061    808
  1062    808
  1063    808
  1064    808
  1065    808
  1067    808
   999    809
  1000    809
  1001    809
  1002    809
  1003    809
  1004    809
  1005    809
  1006    809
  1007    809
  1008    809
  1009    809
  1010    809
  1011    809
  1012    809
  1026    809
  1027    809
  1028    809
  1029    809
  1030    809
  1031    809
  1032    809
  1033    809
  1034    809
  1035    809
  1036    809
  1037    809
  1038    809
  1054    809
  1055    809
  1058    809
  1059    809
  1060    809
  1061    809
  1062    809
  1063    809
  1064    809
   999    810
  1000    810
  1001    810
  1002    810
  1003    810
  1004    810
  1005    810
  1006    810
  1007    810
  1008    810
  1009    810
  1010    810
  1025    810
  1026    810
  1027    810
  1028    810
  1029    810
  1030    810
  1031    810
  1032    810
  1033    810
  1034    810
  1035    810
  1036    810
  1037    810
  1053    810
  1054    810
  1058    810
  1059    810
  1060    810
  1061    810
  1062    810
  1063    810
  1066    810
  1003    811
  1004    811
  1005    811
  1006    811
  1007    811
  1008    811
  1009    811
  1024    811
  1025    811
  1026    811
  1027    811
  1028    811
  1029    811
  1030    811
  1031    811
  1032    811
  1033    811
  1034    811
  1035    811
  1036    811
  1052    811
  1053    811
  1057    811
  1058    811
  1059    811
  1060    811
  1061    811
  1062    811
  1065    811
  1007    812
  1008    812
  1023    812
  1024    812
  1025    812
  1026    812
  1027    812
  1028    812
  1029    812
  1030    812
  1031    812
  1032    812
  1033    812
  1034    812
  1035    812
  1056    812
  1057    812
  1058    812
  1059    812
  1060    812
  1061    812
  1022    813
  1023    813
  1024    813
  1025    813
  1026    813
  1027    813
  1028    813
  1029    813
  1030    813
  1031    813
  1032    813
  1033    813
  1034    813
  1051    813
  1056    813
  1057    813
  1058    813
  1059    813
  1060    813
  1061    813
  1022    814
  1023    814
  1024    814
  1025    814
  1026    814
  1027    814
  1028    814
  1029    814
  1030    814
  1031    814
  1032    814
  1033    814
  1054    814
  1055    814
  1056    814
  1057    814
  1058    814
  1059    814
  1060    814
  1061    814
  1062    814
  1022    815
  1026    815
  1027    815
  1028    815
  1029    815
  1030    815
  1031    815
  1032    815
  1033    815
  1056    815
  1057    815
  1024    816
  1025    816
  1026    816
  1027    816
  1025    817
  1026    817
