  1325    717
  1326    717
  1313    718
  1314    718
  1315    718
  1316    718
  1317    718
  1318    718
  1319    718
  1320    718
  1321    718
  1322    718
  1323    718
  1324    718
  1325    718
  1285    719
  1286    719
  1287    719
  1288    719
  1289    719
  1290    719
  1291    719
  1306    719
  1307    719
  1308    719
  1309    719
  1310    719
  1311    719
  1314    719
  1315    719
  1316    719
  1317    719
  1264    720
  1265    720
  1266    720
  1267    720
  1268    720
  1269    720
  1270    720
  1271    720
  1272    720
  1273    720
  1274    720
  1275    720
  1276    720
  1277    720
  1278    720
  1279    720
  1280    720
  1281    720
  1282    720
  1283    720
  1284    720
  1285    720
  1286    720
  1287    720
  1288    720
  1300    720
  1301    720
  1302    720
  1303    720
  1308    720
  1309    720
  1247    721
  1248    721
  1249    721
  1250    721
  1251    721
  1252    721
  1253    721
  1254    721
  1255    721
  1256    721
  1257    721
  1258    721
  1259    721
  1260    721
  1261    721
  1262    721
  1263    721
  1264    721
  1265    721
  1266    721
  1267    721
  1268    721
  1269    721
  1270    721
  1271    721
  1272    721
  1273    721
  1274    721
  1275    721
  1276    721
  1277    721
  1278    721
  1279    721
  1280    721
  1281    721
  1282    721
  1283    721
  1284    721
  1285    721
  1286    721
  1287    721
  1288    721
  1291    721
  1292    721
  1293    721
  1294    721
  1295    721
  1296    721
  1304    721
  1242    722
  1243    722
  1244    722
  1245    722
  1246    722
  1247    722
  1248    722
  1249    722
  1250    722
  1259    722
  1260    722
  1261    722
  1262    722
  1263    722
  1264    722
  1268    722
  1269    722
  1270    722
  1271    722
  1272    722
  1273    722
  1274    722
  1275    722
  1276    722
  1277    722
  1278    722
  1279    722
  1280    722
  1281    722
  1282    722
  1289    722
  1290    722
  1291    722
  1292    722
  1293    722
  1294    722
  1295    722
  1235    723
  1236    723
  1237    723
  1270    723
  1271    723
  1272    723
  1276    723
  1214    724
  1215    724
  1218    724
  1221    724
  1222    724
  1223    724
  1224    724
  1225    724
  1226    724
  1227    724
  1228    724
  1229    724
  1230    724
  1231    724
  1232    724
  1233    724
  1234    724
  1235    724
  1250    724
  1251    724
  1252    724
  1253    724
  1254    724
  1263    724
  1264    724
  1265    724
  1266    724
  1267    724
  1268    724
  1269    724
  1270    724
  1271    724
  1272    724
  1273    724
  1201    725
  1202    725
  1203    725
  1204    725
  1205    725
  1206    725
  1207    725
  1208    725
  1209    725
  1210    725
  1211    725
  1212    725
  1213    725
  1216    725
  1217    725
  1218    725
  1219    725
  1220    725
  1221    725
  1222    725
  1223    725
  1243    725
  1244    725
  1245    725
  1246    725
  1247    725
  1248    725
  1249    725
  1250    725
  1253    725
  1254    725
  1255    725
  1256    725
  1257    725
  1258    725
  1259    725
  1260    725
  1261    725
  1264    725
  1265    725
  1266    725
  1267    725
  1269    725
  1270    725
  1271    725
  1272    725
  1273    725
  1274    725
  1197    726
  1198    726
  1199    726
  1200    726
  1203    726
  1205    726
  1206    726
  1207    726
  1208    726
  1209    726
  1210    726
  1211    726
  1236    726
  1237    726
  1238    726
  1239    726
  1240    726
  1241    726
  1242    726
  1243    726
  1245    726
  1246    726
  1247    726
  1248    726
  1249    726
  1250    726
  1259    726
  1260    726
  1261    726
  1264    726
  1265    726
  1266    726
  1267    726
  1268    726
  1178    727
  1179    727
  1180    727
  1181    727
  1182    727
  1183    727
  1184    727
  1185    727
  1186    727
  1187    727
  1188    727
  1189    727
  1190    727
  1191    727
  1192    727
  1193    727
  1194    727
  1195    727
  1196    727
  1197    727
  1198    727
  1228    727
  1229    727
  1230    727
  1231    727
  1232    727
  1233    727
  1234    727
  1235    727
  1236    727
  1237    727
  1238    727
  1241    727
  1242    727
  1243    727
  1244    727
  1245    727
  1246    727
  1247    727
  1254    727
  1255    727
  1256    727
  1257    727
  1258    727
  1259    727
  1260    727
  1173    728
  1174    728
  1175    728
  1176    728
  1177    728
  1178    728
  1179    728
  1180    728
  1181    728
  1182    728
  1221    728
  1222    728
  1223    728
  1224    728
  1225    728
  1226    728
  1227    728
  1228    728
  1233    728
  1234    728
  1235    728
  1236    728
  1237    728
  1238    728
  1239    728
  1240    728
  1249    728
  1250    728
  1251    728
  1252    728
  1253    728
  1254    728
  1214    729
  1215    729
  1216    729
  1217    729
  1218    729
  1219    729
  1220    729
  1221    729
  1222    729
  1228    729
  1229    729
  1230    729
  1231    729
  1232    729
  1233    729
  1234    729
  1235    729
  1240    729
  1241    729
  1242    729
  1243    729
  1244    729
  1245    729
  1246    729
  1247    729
  1248    729
  1222    730
  1223    730
  1224    730
  1227    730
  1228    730
  1236    730
  1237    730
  1238    730
  1239    730
  1240    730
  1241    730
  1242    730
  1215    731
  1216    731
  1217    731
  1218    731
  1219    731
  1220    731
  1221    731
  1209    732
  1210    732
  1211    732
  1212    732
  1213    732
  1214    732
  1215    732
  1216    732
  1190    733
  1191    733
  1192    733
  1193    733
  1194    733
  1195    733
  1196    733
  1197    733
  1204    733
  1205    733
  1206    733
  1207    733
  1208    733
  1209    733
  1210    733
  1211    733
  1212    733
  1217    733
  1218    733
  1219    733
  1220    733
  1185    734
  1186    734
  1187    734
  1188    734
  1189    734
  1190    734
  1191    734
  1192    734
  1199    734
  1200    734
  1201    734
  1202    734
  1203    734
  1204    734
  1205    734
  1206    734
  1213    734
  1214    734
  1215    734
  1216    734
  1217    734
  1218    734
  1219    734
  1220    734
  1179    735
  1180    735
  1181    735
  1182    735
  1183    735
  1184    735
  1185    735
  1186    735
  1187    735
  1188    735
  1194    735
  1195    735
  1196    735
  1197    735
  1198    735
  1199    735
  1200    735
  1201    735
  1208    735
  1209    735
  1210    735
  1211    735
  1212    735
  1213    735
  1214    735
  1215    735
  1173    736
  1174    736
  1175    736
  1176    736
  1177    736
  1178    736
  1179    736
  1180    736
  1181    736
  1189    736
  1190    736
  1191    736
  1192    736
  1193    736
  1194    736
  1195    736
  1196    736
  1203    736
  1204    736
  1205    736
  1206    736
  1207    736
  1208    736
  1209    736
  1168    737
  1169    737
  1170    737
  1171    737
  1172    737
  1173    737
  1174    737
  1175    737
  1176    737
  1184    737
  1185    737
  1186    737
  1187    737
  1188    737
  1189    737
  1190    737
  1191    737
  1198    737
  1199    737
  1200    737
  1201    737
  1202    737
  1203    737
  1204    737
  1205    737
  1164    738
  1165    738
  1166    738
  1167    738
  1168    738
  1169    738
  1170    738
  1171    738
  1172    738
  1179    738
  1180    738
  1181    738
  1182    738
  1183    738
  1184    738
  1185    738
  1186    738
  1194    738
  1195    738
  1196    738
  1197    738
  1198    738
  1199    738
  1200    738
  1158    739
  1159    739
  1160    739
  1161    739
  1162    739
  1163    739
  1164    739
  1165    739
  1166    739
  1174    739
  1175    739
  1176    739
  1177    739
  1178    739
  1179    739
  1180    739
  1181    739
  1189    739
  1190    739
  1191    739
  1192    739
  1193    739
  1194    739
  1195    739
  1196    739
  1154    740
  1155    740
  1156    740
  1157    740
  1158    740
  1159    740
  1160    740
  1161    740
  1162    740
  1171    740
  1172    740
  1173    740
  1174    740
  1175    740
  1176    740
  1177    740
  1178    740
  1185    740
  1186    740
  1187    740
  1188    740
  1189    740
  1190    740
  1191    740
  1192    740
  1193    740
  1166    741
  1167    741
  1168    741
  1169    741
  1170    741
  1171    741
  1172    741
  1173    741
  1184    741
  1185    741
  1186    741
  1187    741
  1188    741
  1161    742
  1162    742
  1163    742
  1164    742
  1165    742
  1166    742
  1167    742
  1168    742
  1169    742
  1157    743
  1158    743
  1159    743
  1160    743
  1161    743
  1162    743
  1163    743
  1164    743
  1165    743
  1139    744
  1140    744
  1141    744
  1142    744
  1143    744
  1144    744
  1153    744
  1154    744
  1155    744
  1156    744
  1157    744
  1158    744
  1159    744
  1160    744
  1161    744
  1134    745
  1135    745
  1136    745
  1137    745
  1138    745
  1139    745
  1140    745
  1141    745
  1142    745
  1150    745
  1151    745
  1152    745
  1153    745
  1154    745
  1155    745
  1156    745
  1157    745
  1165    745
  1166    745
  1167    745
  1168    745
  1129    746
  1130    746
  1131    746
  1132    746
  1133    746
  1134    746
  1135    746
  1136    746
  1137    746
  1138    746
  1146    746
  1147    746
  1148    746
  1149    746
  1150    746
  1151    746
  1152    746
  1153    746
  1161    746
  1162    746
  1163    746
  1164    746
  1165    746
  1166    746
  1167    746
  1168    746
  1169    746
  1170    746
  1126    747
  1127    747
  1128    747
  1129    747
  1130    747
  1131    747
  1132    747
  1133    747
  1134    747
  1143    747
  1144    747
  1145    747
  1146    747
  1147    747
  1148    747
  1149    747
  1150    747
  1158    747
  1159    747
  1160    747
  1161    747
  1162    747
  1163    747
  1164    747
  1165    747
  1166    747
  1122    748
  1123    748
  1124    748
  1125    748
  1126    748
  1127    748
  1128    748
  1129    748
  1130    748
  1131    748
  1139    748
  1140    748
  1141    748
  1142    748
  1143    748
  1144    748
  1145    748
  1146    748
  1147    748
  1155    748
  1156    748
  1157    748
  1158    748
  1161    748
  1162    748
  1163    748
  1164    748
  1119    749
  1120    749
  1121    749
  1122    749
  1123    749
  1124    749
  1125    749
  1126    749
  1127    749
  1128    749
  1135    749
  1136    749
  1137    749
  1138    749
  1139    749
  1140    749
  1141    749
  1142    749
  1143    749
  1144    749
  1152    749
  1153    749
  1154    749
  1155    749
  1156    749
  1157    749
  1158    749
  1159    749
  1160    749
  1116    750
  1117    750
  1118    750
  1119    750
  1120    750
  1121    750
  1122    750
  1123    750
  1124    750
  1132    750
  1133    750
  1134    750
  1135    750
  1136    750
  1137    750
  1138    750
  1139    750
  1140    750
  1149    750
  1150    750
  1151    750
  1152    750
  1153    750
  1154    750
  1155    750
  1156    750
  1157    750
  1158    750
  1113    751
  1114    751
  1115    751
  1116    751
  1117    751
  1118    751
  1119    751
  1120    751
  1121    751
  1122    751
  1129    751
  1130    751
  1131    751
  1132    751
  1133    751
  1134    751
  1135    751
  1136    751
  1137    751
  1138    751
  1146    751
  1147    751
  1148    751
  1149    751
  1150    751
  1151    751
  1152    751
  1153    751
  1154    751
  1155    751
  1109    752
  1110    752
  1111    752
  1112    752
  1113    752
  1114    752
  1115    752
  1116    752
  1117    752
  1118    752
  1126    752
  1127    752
  1128    752
  1129    752
  1130    752
  1131    752
  1132    752
  1133    752
  1134    752
  1143    752
  1144    752
  1145    752
  1146    752
  1147    752
  1148    752
  1149    752
  1150    752
  1151    752
  1152    752
  1107    753
  1108    753
  1109    753
  1110    753
  1111    753
  1112    753
  1113    753
  1114    753
  1115    753
  1123    753
  1124    753
  1125    753
  1126    753
  1127    753
  1128    753
  1129    753
  1130    753
  1131    753
  1141    753
  1142    753
  1143    753
  1144    753
  1145    753
  1146    753
  1147    753
  1148    753
  1149    753
  1103    754
  1104    754
  1105    754
  1106    754
  1107    754
  1108    754
  1109    754
  1110    754
  1111    754
  1112    754
  1113    754
  1120    754
  1121    754
  1122    754
  1123    754
  1124    754
  1125    754
  1126    754
  1127    754
  1128    754
  1129    754
  1138    754
  1139    754
  1140    754
  1141    754
  1142    754
  1143    754
  1144    754
  1145    754
  1146    754
  1147    754
  1104    755
  1105    755
  1106    755
  1107    755
  1108    755
  1109    755
  1118    755
  1119    755
  1120    755
  1121    755
  1122    755
  1123    755
  1124    755
  1125    755
  1126    755
  1136    755
  1137    755
  1138    755
  1139    755
  1140    755
  1141    755
  1142    755
  1143    755
  1144    755
  1116    756
  1117    756
  1118    756
  1119    756
  1120    756
  1121    756
  1122    756
  1123    756
  1140    756
  1141    756
  1113    757
  1114    757
  1115    757
  1116    757
  1117    757
  1118    757
  1119    757
  1120    757
  1121    757
  1111    758
  1112    758
  1113    758
  1114    758
  1115    758
  1116    758
  1117    758
  1118    758
  1108    759
  1109    759
  1110    759
  1111    759
  1112    759
  1113    759
  1114    759
  1115    759
  1116    759
  1105    760
  1106    760
  1107    760
  1108    760
  1109    760
  1110    760
  1111    760
  1112    760
  1113    760
  1114    760
  1085    761
  1086    761
  1087    761
  1088    761
  1102    761
  1103    761
  1104    761
  1105    761
  1106    761
  1107    761
  1108    761
  1109    761
  1110    761
  1111    761
  1120    761
  1121    761
  1122    761
  1123    761
  1124    761
  1125    761
  1126    761
  1081    762
  1082    762
  1083    762
  1084    762
  1085    762
  1086    762
  1087    762
  1100    762
  1101    762
  1102    762
  1103    762
  1104    762
  1105    762
  1106    762
  1107    762
  1108    762
  1118    762
  1119    762
  1120    762
  1121    762
  1122    762
  1123    762
  1124    762
  1078    763
  1079    763
  1080    763
  1081    763
  1082    763
  1083    763
  1084    763
  1085    763
  1086    763
  1087    763
  1097    763
  1098    763
  1099    763
  1100    763
  1101    763
  1102    763
  1103    763
  1104    763
  1105    763
  1106    763
  1115    763
  1116    763
  1117    763
  1118    763
  1119    763
  1120    763
  1121    763
  1122    763
  1123    763
  1124    763
  1125    763
  1075    764
  1076    764
  1077    764
  1078    764
  1079    764
  1080    764
  1081    764
  1082    764
  1083    764
  1084    764
  1085    764
  1095    764
  1096    764
  1097    764
  1098    764
  1099    764
  1100    764
  1101    764
  1102    764
  1103    764
  1104    764
  1113    764
  1114    764
  1115    764
  1116    764
  1117    764
  1118    764
  1119    764
  1120    764
  1121    764
  1122    764
  1123    764
  1073    765
  1074    765
  1075    765
  1076    765
  1077    765
  1078    765
  1079    765
  1080    765
  1081    765
  1082    765
  1092    765
  1093    765
  1094    765
  1095    765
  1096    765
  1097    765
  1098    765
  1099    765
  1100    765
  1101    765
  1111    765
  1112    765
  1113    765
  1114    765
  1115    765
  1116    765
  1117    765
  1118    765
  1119    765
  1120    765
  1121    765
  1069    766
  1070    766
  1071    766
  1072    766
  1073    766
  1074    766
  1075    766
  1076    766
  1077    766
  1078    766
  1079    766
  1080    766
  1090    766
  1091    766
  1092    766
  1093    766
  1094    766
  1095    766
  1096    766
  1097    766
  1098    766
  1099    766
  1108    766
  1109    766
  1110    766
  1111    766
  1112    766
  1113    766
  1114    766
  1115    766
  1116    766
  1117    766
  1118    766
  1067    767
  1068    767
  1069    767
  1070    767
  1071    767
  1072    767
  1073    767
  1074    767
  1075    767
  1076    767
  1077    767
  1078    767
  1088    767
  1089    767
  1090    767
  1091    767
  1092    767
  1093    767
  1094    767
  1095    767
  1096    767
  1097    767
  1098    767
  1106    767
  1107    767
  1108    767
  1109    767
  1110    767
  1111    767
  1112    767
  1113    767
  1114    767
  1115    767
  1116    767
  1064    768
  1065    768
  1066    768
  1067    768
  1068    768
  1069    768
  1070    768
  1071    768
  1072    768
  1073    768
  1074    768
  1086    768
  1087    768
  1088    768
  1089    768
  1090    768
  1091    768
  1092    768
  1093    768
  1094    768
  1095    768
  1103    768
  1104    768
  1105    768
  1106    768
  1107    768
  1108    768
  1109    768
  1110    768
  1111    768
  1112    768
  1113    768
  1114    768
  1062    769
  1063    769
  1064    769
  1065    769
  1066    769
  1067    769
  1068    769
  1069    769
  1070    769
  1071    769
  1072    769
  1073    769
  1083    769
  1084    769
  1085    769
  1086    769
  1087    769
  1088    769
  1089    769
  1090    769
  1091    769
  1092    769
  1093    769
  1102    769
  1103    769
  1104    769
  1105    769
  1106    769
  1107    769
  1108    769
  1109    769
  1110    769
  1111    769
  1112    769
  1113    769
  1059    770
  1060    770
  1061    770
  1062    770
  1063    770
  1064    770
  1065    770
  1066    770
  1067    770
  1068    770
  1069    770
  1070    770
  1082    770
  1083    770
  1084    770
  1085    770
  1086    770
  1087    770
  1088    770
  1089    770
  1090    770
  1091    770
  1100    770
  1101    770
  1102    770
  1103    770
  1104    770
  1105    770
  1106    770
  1107    770
  1108    770
  1109    770
  1110    770
  1111    770
  1057    771
  1058    771
  1059    771
  1060    771
  1061    771
  1062    771
  1063    771
  1064    771
  1065    771
  1066    771
  1067    771
  1068    771
  1079    771
  1080    771
  1081    771
  1082    771
  1083    771
  1084    771
  1085    771
  1086    771
  1087    771
  1088    771
  1089    771
  1099    771
  1100    771
  1101    771
  1102    771
  1103    771
  1104    771
  1105    771
  1106    771
  1107    771
  1108    771
  1109    771
  1055    772
  1056    772
  1057    772
  1058    772
  1059    772
  1060    772
  1061    772
  1062    772
  1063    772
  1064    772
  1065    772
  1066    772
  1077    772
  1078    772
  1079    772
  1080    772
  1081    772
  1082    772
  1083    772
  1084    772
  1085    772
  1086    772
  1087    772
  1096    772
  1097    772
  1098    772
  1099    772
  1100    772
  1101    772
  1102    772
  1103    772
  1104    772
  1105    772
  1106    772
  1107    772
  1053    773
  1054    773
  1055    773
  1056    773
  1057    773
  1058    773
  1059    773
  1060    773
  1061    773
  1062    773
  1063    773
  1064    773
  1075    773
  1076    773
  1077    773
  1078    773
  1079    773
  1080    773
  1081    773
  1082    773
  1083    773
  1084    773
  1085    773
  1095    773
  1096    773
  1097    773
  1098    773
  1099    773
  1100    773
  1101    773
  1102    773
  1103    773
  1104    773
  1105    773
  1106    773
  1051    774
  1052    774
  1053    774
  1054    774
  1055    774
  1056    774
  1057    774
  1058    774
  1059    774
  1060    774
  1061    774
  1062    774
  1073    774
  1074    774
  1075    774
  1076    774
  1077    774
  1078    774
  1079    774
  1080    774
  1081    774
  1082    774
  1093    774
  1094    774
  1095    774
  1096    774
  1097    774
  1098    774
  1099    774
  1100    774
  1101    774
  1102    774
  1103    774
  1049    775
  1050    775
  1051    775
  1052    775
  1053    775
  1054    775
  1055    775
  1056    775
  1057    775
  1058    775
  1059    775
  1060    775
  1071    775
  1072    775
  1073    775
  1074    775
  1075    775
  1076    775
  1077    775
  1078    775
  1079    775
  1080    775
  1081    775
  1091    775
  1092    775
  1093    775
  1094    775
  1095    775
  1096    775
  1097    775
  1098    775
  1099    775
  1100    775
  1101    775
  1102    775
  1050    776
  1051    776
  1052    776
  1053    776
  1054    776
  1055    776
  1056    776
  1057    776
  1058    776
  1069    776
  1070    776
  1071    776
  1072    776
  1073    776
  1074    776
  1075    776
  1076    776
  1077    776
  1078    776
  1079    776
  1089    776
  1090    776
  1091    776
  1092    776
  1093    776
  1094    776
  1095    776
  1096    776
  1097    776
  1098    776
  1099    776
  1100    776
  1068    777
  1069    777
  1070    777
  1071    777
  1072    777
  1073    777
  1074    777
  1075    777
  1076    777
  1077    777
  1093    777
  1094    777
  1095    777
  1096    777
  1097    777
  1098    777
  1099    777
  1065    778
  1066    778
  1067    778
  1068    778
  1069    778
  1070    778
  1071    778
  1072    778
  1073    778
  1074    778
  1075    778
  1064    779
  1065    779
  1066    779
  1067    779
  1068    779
  1069    779
  1070    779
  1071    779
  1072    779
  1073    779
  1062    780
  1063    780
  1064    780
  1065    780
  1066    780
  1067    780
  1068    780
  1069    780
  1070    780
  1071    780
  1072    780
  1060    781
  1061    781
  1062    781
  1063    781
  1064    781
  1065    781
  1066    781
  1067    781
  1068    781
  1069    781
  1070    781
  1058    782
  1059    782
  1060    782
  1061    782
  1062    782
  1063    782
  1064    782
  1065    782
  1066    782
  1067    782
  1068    782
  1056    783
  1057    783
  1058    783
  1059    783
  1060    783
  1061    783
  1062    783
  1063    783
  1064    783
  1065    783
  1066    783
  1030    784
  1031    784
  1032    784
  1033    784
  1034    784
  1035    784
  1036    784
  1055    784
  1056    784
  1057    784
  1058    784
  1059    784
  1060    784
  1061    784
  1062    784
  1063    784
  1064    784
  1027    785
  1028    785
  1029    785
  1030    785
  1031    785
  1032    785
  1033    785
  1034    785
  1035    785
  1036    785
  1053    785
  1054    785
  1055    785
  1056    785
  1057    785
  1058    785
  1059    785
  1060    785
  1061    785
  1062    785
  1063    785
  1075    785
  1076    785
  1077    785
  1078    785
  1079    785
  1080    785
  1081    785
  1082    785
  1083    785
  1084    785
  1026    786
  1027    786
  1028    786
  1029    786
  1030    786
  1031    786
  1032    786
  1033    786
  1034    786
  1035    786
  1036    786
  1037    786
  1038    786
  1051    786
  1052    786
  1053    786
  1054    786
  1055    786
  1056    786
  1057    786
  1058    786
  1059    786
  1060    786
  1061    786
  1062    786
  1073    786
  1074    786
  1075    786
  1076    786
  1077    786
  1078    786
  1079    786
  1080    786
  1081    786
  1082    786
  1083    786
  1024    787
  1025    787
  1026    787
  1027    787
  1028    787
  1029    787
  1030    787
  1031    787
  1032    787
  1033    787
  1034    787
  1035    787
  1036    787
  1050    787
  1051    787
  1052    787
  1053    787
  1054    787
  1055    787
  1056    787
  1057    787
  1058    787
  1059    787
  1060    787
  1061    787
  1071    787
  1072    787
  1073    787
  1074    787
  1075    787
  1076    787
  1077    787
  1078    787
  1079    787
  1080    787
  1081    787
  1082    787
  1083    787
  1084    787
  1022    788
  1023    788
  1024    788
  1025    788
  1026    788
  1027    788
  1028    788
  1029    788
  1030    788
  1031    788
  1032    788
  1033    788
  1034    788
  1048    788
  1049    788
  1050    788
  1051    788
  1052    788
  1053    788
  1054    788
  1055    788
  1056    788
  1057    788
  1058    788
  1059    788
  1070    788
  1071    788
  1072    788
  1073    788
  1074    788
  1075    788
  1076    788
  1077    788
  1078    788
  1079    788
  1080    788
  1081    788
  1082    788
  1021    789
  1022    789
  1023    789
  1024    789
  1025    789
  1026    789
  1027    789
  1028    789
  1029    789
  1030    789
  1031    789
  1032    789
  1047    789
  1048    789
  1049    789
  1050    789
  1051    789
  1052    789
  1053    789
  1054    789
  1055    789
  1056    789
  1057    789
  1069    789
  1070    789
  1071    789
  1072    789
  1073    789
  1074    789
  1075    789
  1076    789
  1077    789
  1078    789
  1079    789
  1080    789
  1081    789
  1019    790
  1020    790
  1021    790
  1022    790
  1023    790
  1024    790
  1025    790
  1026    790
  1027    790
  1028    790
  1029    790
  1030    790
  1031    790
  1045    790
  1046    790
  1047    790
  1048    790
  1049    790
  1050    790
  1051    790
  1052    790
  1053    790
  1054    790
  1055    790
  1068    790
  1069    790
  1070    790
  1071    790
  1072    790
  1073    790
  1074    790
  1075    790
  1076    790
  1077    790
  1078    790
  1079    790
  1017    791
  1018    791
  1019    791
  1020    791
  1021    791
  1022    791
  1023    791
  1024    791
  1025    791
  1026    791
  1027    791
  1028    791
  1029    791
  1044    791
  1045    791
  1046    791
  1047    791
  1048    791
  1049    791
  1050    791
  1051    791
  1053    791
  1054    791
  1066    791
  1067    791
  1068    791
  1069    791
  1070    791
  1071    791
  1072    791
  1073    791
  1074    791
  1075    791
  1076    791
  1077    791
  1078    791
  1016    792
  1017    792
  1018    792
  1019    792
  1020    792
  1021    792
  1022    792
  1023    792
  1024    792
  1025    792
  1026    792
  1027    792
  1043    792
  1044    792
  1045    792
  1046    792
  1047    792
  1048    792
  1049    792
  1050    792
  1051    792
  1052    792
  1065    792
  1066    792
  1067    792
  1068    792
  1069    792
  1070    792
  1071    792
  1072    792
  1073    792
  1074    792
  1075    792
  1076    792
  1014    793
  1015    793
  1016    793
  1017    793
  1018    793
  1019    793
  1020    793
  1021    793
  1022    793
  1023    793
  1024    793
  1025    793
  1026    793
  1041    793
  1042    793
  1043    793
  1044    793
  1045    793
  1046    793
  1047    793
  1048    793
  1049    793
  1050    793
  1051    793
  1064    793
  1065    793
  1066    793
  1067    793
  1068    793
  1069    793
  1070    793
  1071    793
  1072    793
  1073    793
  1074    793
  1075    793
  1012    794
  1013    794
  1014    794
  1015    794
  1016    794
  1017    794
  1018    794
  1019    794
  1020    794
  1021    794
  1022    794
  1023    794
  1024    794
  1039    794
  1040    794
  1041    794
  1042    794
  1043    794
  1044    794
  1045    794
  1046    794
  1047    794
  1048    794
  1049    794
  1063    794
  1064    794
  1065    794
  1066    794
  1067    794
  1068    794
  1069    794
  1070    794
  1071    794
  1072    794
  1073    794
  1074    794
  1075    794
  1010    795
  1011    795
  1012    795
  1013    795
  1014    795
  1015    795
  1016    795
  1017    795
  1018    795
  1019    795
  1020    795
  1021    795
  1022    795
  1023    795
  1038    795
  1039    795
  1040    795
  1041    795
  1042    795
  1043    795
  1044    795
  1045    795
  1046    795
  1047    795
  1048    795
  1061    795
  1062    795
  1063    795
  1065    795
  1066    795
  1067    795
  1068    795
  1069    795
  1070    795
  1071    795
  1072    795
  1073    795
  1074    795
  1009    796
  1010    796
  1011    796
  1012    796
  1013    796
  1014    796
  1015    796
  1016    796
  1017    796
  1018    796
  1019    796
  1020    796
  1021    796
  1036    796
  1037    796
  1038    796
  1039    796
  1040    796
  1041    796
  1042    796
  1043    796
  1044    796
  1045    796
  1046    796
  1060    796
  1061    796
  1062    796
  1064    796
  1065    796
  1066    796
  1067    796
  1068    796
  1069    796
  1070    796
  1071    796
  1072    796
  1073    796
  1008    797
  1009    797
  1010    797
  1011    797
  1012    797
  1013    797
  1014    797
  1015    797
  1016    797
  1017    797
  1018    797
  1019    797
  1020    797
  1034    797
  1035    797
  1036    797
  1037    797
  1038    797
  1039    797
  1040    797
  1041    797
  1042    797
  1043    797
  1044    797
  1059    797
  1060    797
  1061    797
  1063    797
  1064    797
  1065    797
  1066    797
  1067    797
  1068    797
  1069    797
  1070    797
  1071    797
  1072    797
  1006    798
  1007    798
  1008    798
  1009    798
  1010    798
  1011    798
  1012    798
  1013    798
  1014    798
  1015    798
  1016    798
  1017    798
  1018    798
  1033    798
  1034    798
  1035    798
  1036    798
  1037    798
  1038    798
  1039    798
  1040    798
  1041    798
  1042    798
  1043    798
  1044    798
  1058    798
  1059    798
  1060    798
  1062    798
  1063    798
  1064    798
  1065    798
  1066    798
  1067    798
  1068    798
  1069    798
  1070    798
  1071    798
  1004    799
  1005    799
  1006    799
  1007    799
  1008    799
  1009    799
  1010    799
  1011    799
  1012    799
  1013    799
  1014    799
  1015    799
  1016    799
  1017    799
  1032    799
  1033    799
  1034    799
  1035    799
  1036    799
  1037    799
  1038    799
  1039    799
  1040    799
  1041    799
  1042    799
  1057    799
  1058    799
  1061    799
  1062    799
  1063    799
  1064    799
  1065    799
  1066    799
  1067    799
  1068    799
  1069    799
  1070    799
  1003    800
  1004    800
  1005    800
  1006    800
  1007    800
  1008    800
  1009    800
  1010    800
  1011    800
  1012    800
  1013    800
  1014    800
  1015    800
  1016    800
  1031    800
  1032    800
  1033    800
  1034    800
  1035    800
  1036    800
  1037    800
  1038    800
  1039    800
  1040    800
  1041    800
  1056    800
  1057    800
  1060    800
  1061    800
  1062    800
  1063    800
  1064    800
  1065    800
  1068    800
  1069    800
  1002    801
  1003    801
  1004    801
  1005    801
  1006    801
  1007    801
  1008    801
  1009    801
  1010    801
  1011    801
  1012    801
  1013    801
  1014    801
  1015    801
  1029    801
  1030    801
  1031    801
  1032    801
  1033    801
  1034    801
  1035    801
  1036    801
  1037    801
  1038    801
  1039    801
  1056    801
  1058    801
  1059    801
  1060    801
  1061    801
  1062    801
  1063    801
  1064    801
  1067    801
  1068    801
  1001    802
  1002    802
  1003    802
  1004    802
  1005    802
  1006    802
  1007    802
  1008    802
  1009    802
  1010    802
  1011    802
  1012    802
  1013    802
  1014    802
  1028    802
  1029    802
  1030    802
  1031    802
  1032    802
  1033    802
  1034    802
  1035    802
  1036    802
  1037    802
  1038    802
  1039    802
  1055    802
  1058    802
  1059    802
  1060    802
  1061    802
  1062    802
  1063    802
  1064    802
  1066    802
  1067    802
   999    803
  1000    803
  1001    803
  1002    803
  1003    803
  1004    803
  1005    803
  1006    803
  1007    803
  1008    803
  1009    803
  1010    803
  1011    803
  1012    803
  1013    803
  1027    803
  1028    803
  1029    803
  1030    803
  1031    803
  1032    803
  1033    803
  1034    803
  1035    803
  1036    803
  1037    803
  1038    803
  1057    803
  1058    803
  1059    803
  1060    803
  1061    803
  1062    803
  1063    803
  1065    803
   998    804
   999    804
  1000    804
  1001    804
  1002    804
  1003    804
  1004    804
  1005    804
  1006    804
  1007    804
  1008    804
  1009    804
  1010    804
  1011    804
  1025    804
  1026    804
  1027    804
  1028    804
  1029    804
  1030    804
  1031    804
  1032    804
  1033    804
  1034    804
  1035    804
  1036    804
  1037    804
  1056    804
  1057    804
  1058    804
  1059    804
  1060    804
  1061    804
  1062    804
  1064    804
  1065    804
   997    805
   998    805
   999    805
  1000    805
  1001    805
  1002    805
  1003    805
  1004    805
  1005    805
  1006    805
  1007    805
  1008    805
  1009    805
  1010    805
  1011    805
  1024    805
  1025    805
  1026    805
  1027    805
  1028    805
  1029    805
  1030    805
  1031    805
  1032    805
  1033    805
  1035    805
  1036    805
  1056    805
  1057    805
  1058    805
  1059    805
  1060    805
  1061    805
  1063    805
  1064    805
   996    806
   997    806
   998    806
   999    806
  1000    806
  1001    806
  1002    806
  1003    806
  1004    806
  1005    806
  1006    806
  1007    806
  1008    806
  1009    806
  1023    806
  1024    806
  1025    806
  1026    806
  1027    806
  1028    806
  1029    806
  1030    806
  1031    806
  1032    806
  1033    806
  1034    806
  1035    806
  1055    806
  1056    806
  1057    806
  1058    806
  1059    806
  1060    806
   995    807
   996    807
   997    807
   998    807
   999    807
  1000    807
  1001    807
  1002    807
  1003    807
  1004    807
  1005    807
  1006    807
  1007    807
  1008    807
  1009    807
  1023    807
  1024    807
  1025    807
  1026    807
  1027    807
  1028    807
  1029    807
  1030    807
  1031    807
  1032    807
  1033    807
  1034    807
  1054    807
  1055    807
  1056    807
  1057    807
  1058    807
  1059    807
  1062    807
  1063    807
   995    808
   996    808
   997    808
   998    808
   999    808
  1000    808
  1001    808
  1002    808
  1003    808
  1004    808
  1005    808
  1006    808
  1007    808
  1021    808
  1022    808
  1023    808
  1024    808
  1025    808
  1026    808
  1027    808
  1028    808
  1029    808
  1030    808
  1031    808
  1032    808
  1053    808
  1054    808
  1055    808
  1056    808
  1057    808
  1058    808
  1062    808
  1002    809
  1003    809
  1004    809
  1005    809
  1006    809
  1020    809
  1021    809
  1022    809
  1023    809
  1024    809
  1025    809
  1026    809
  1027    809
  1028    809
  1029    809
  1030    809
  1031    809
  1032    809
  1053    809
  1054    809
  1055    809
  1056    809
  1057    809
  1060    809
  1061    809
  1004    810
  1005    810
  1019    810
  1020    810
  1021    810
  1023    810
  1024    810
  1025    810
  1026    810
  1027    810
  1028    810
  1029    810
  1030    810
  1031    810
  1053    810
  1054    810
  1055    810
  1056    810
  1057    810
  1060    810
  1018    811
  1019    811
  1020    811
  1021    811
  1022    811
  1023    811
  1024    811
  1025    811
  1026    811
  1027    811
  1028    811
  1029    811
  1030    811
  1052    811
  1053    811
  1054    811
  1055    811
  1056    811
  1057    811
  1058    811
  1019    812
  1020    812
  1021    812
  1022    812
  1023    812
  1024    812
  1025    812
  1026    812
  1027    812
  1028    812
  1029    812
  1022    813
  1023    813
  1024    813
  1025    813
  1026    813
  1027    813
  1019    814
  1020    814
  1021    814
  1022    814
  1020    815
  1021    815
  1022    815
  1023    815
  1024    815
  1025    815
  1026    815
