  1424    714
  1425    714
  1426    714
  1427    714
  1428    714
  1429    714
  1405    715
  1406    715
  1407    715
  1408    715
  1409    715
  1410    715
  1412    715
  1423    715
  1424    715
  1398    716
  1399    716
  1400    716
  1401    716
  1402    716
  1403    716
  1404    716
  1405    716
  1406    716
  1407    716
  1408    716
  1409    716
  1393    717
  1394    717
  1395    717
  1396    717
  1397    717
  1398    717
  1399    717
  1403    717
  1404    717
  1405    717
  1406    717
  1407    717
  1408    717
  1376    718
  1377    718
  1378    718
  1385    718
  1386    718
  1387    718
  1388    718
  1389    718
  1399    718
  1400    718
  1401    718
  1402    718
  1403    718
  1393    719
  1394    719
  1395    719
  1360    720
  1361    720
  1362    720
  1374    720
  1375    720
  1368    721
  1369    721
  1370    721
  1371    721
  1372    721
  1362    722
  1363    722
  1364    722
  1365    722
  1366    722
  1367    722
  1357    723
  1358    723
  1359    723
  1360    723
  1361    723
  1363    723
  1364    723
  1365    723
  1366    723
  1367    723
  1368    723
  1329    724
  1330    724
  1345    724
  1346    724
  1347    724
  1348    724
  1355    724
  1356    724
  1357    724
  1358    724
  1359    724
  1318    725
  1321    725
  1322    725
  1323    725
  1324    725
  1325    725
  1326    725
  1327    725
  1328    725
  1329    725
  1330    725
  1331    725
  1332    725
  1333    725
  1339    725
  1340    725
  1341    725
  1342    725
  1343    725
  1344    725
  1350    725
  1351    725
  1352    725
  1353    725
  1354    725
  1355    725
  1307    726
  1308    726
  1314    726
  1315    726
  1316    726
  1317    726
  1318    726
  1319    726
  1320    726
  1321    726
  1322    726
  1323    726
  1324    726
  1325    726
  1335    726
  1336    726
  1337    726
  1345    726
  1346    726
  1304    727
  1305    727
  1306    727
  1307    727
  1308    727
  1309    727
  1310    727
  1311    727
  1312    727
  1313    727
  1314    727
  1315    727
  1316    727
  1317    727
  1318    727
  1319    727
  1325    727
  1326    727
  1327    727
  1328    727
  1329    727
  1330    727
  1336    727
  1337    727
  1338    727
  1285    728
  1286    728
  1311    728
  1312    728
  1319    728
  1320    728
  1321    728
  1322    728
  1323    728
  1324    728
  1325    728
  1334    728
  1314    729
  1315    729
  1316    729
  1317    729
  1271    730
  1272    730
  1273    730
  1274    730
  1275    730
  1307    730
  1308    730
  1309    730
  1310    730
  1311    730
  1312    730
  1239    731
  1240    731
  1255    731
  1256    731
  1257    731
  1258    731
  1259    731
  1260    731
  1261    731
  1262    731
  1263    731
  1264    731
  1265    731
  1266    731
  1267    731
  1288    731
  1289    731
  1290    731
  1291    731
  1292    731
  1293    731
  1294    731
  1295    731
  1300    731
  1301    731
  1302    731
  1303    731
  1304    731
  1305    731
  1306    731
  1314    731
  1315    731
  1316    731
  1317    731
  1318    731
  1249    732
  1250    732
  1251    732
  1252    732
  1253    732
  1254    732
  1282    732
  1283    732
  1284    732
  1285    732
  1286    732
  1287    732
  1288    732
  1289    732
  1296    732
  1297    732
  1298    732
  1299    732
  1300    732
  1301    732
  1302    732
  1308    732
  1309    732
  1310    732
  1311    732
  1312    732
  1313    732
  1314    732
  1315    732
  1236    733
  1237    733
  1240    733
  1241    733
  1277    733
  1278    733
  1279    733
  1280    733
  1281    733
  1282    733
  1283    733
  1291    733
  1292    733
  1293    733
  1294    733
  1295    733
  1296    733
  1304    733
  1305    733
  1307    733
  1308    733
  1309    733
  1310    733
  1311    733
  1203    734
  1204    734
  1205    734
  1225    734
  1226    734
  1227    734
  1228    734
  1270    734
  1271    734
  1272    734
  1273    734
  1274    734
  1275    734
  1276    734
  1285    734
  1286    734
  1287    734
  1288    734
  1289    734
  1290    734
  1299    734
  1300    734
  1301    734
  1303    734
  1304    734
  1216    735
  1217    735
  1218    735
  1219    735
  1220    735
  1265    735
  1266    735
  1267    735
  1268    735
  1269    735
  1270    735
  1271    735
  1278    735
  1279    735
  1280    735
  1281    735
  1282    735
  1283    735
  1284    735
  1285    735
  1293    735
  1294    735
  1295    735
  1296    735
  1297    735
  1298    735
  1299    735
  1300    735
  1259    736
  1260    736
  1261    736
  1262    736
  1263    736
  1264    736
  1265    736
  1266    736
  1267    736
  1274    736
  1275    736
  1276    736
  1277    736
  1278    736
  1279    736
  1280    736
  1281    736
  1288    736
  1289    736
  1290    736
  1291    736
  1292    736
  1293    736
  1294    736
  1295    736
  1254    737
  1255    737
  1256    737
  1257    737
  1258    737
  1259    737
  1260    737
  1261    737
  1269    737
  1270    737
  1283    737
  1284    737
  1285    737
  1286    737
  1287    737
  1288    737
  1289    737
  1290    737
  1253    738
  1254    738
  1255    738
  1264    738
  1265    738
  1266    738
  1267    738
  1268    738
  1269    738
  1270    738
  1279    738
  1280    738
  1281    738
  1282    738
  1283    738
  1284    738
  1285    738
  1259    739
  1260    739
  1261    739
  1262    739
  1263    739
  1264    739
  1265    739
  1254    740
  1255    740
  1256    740
  1257    740
  1258    740
  1259    740
  1260    740
  1261    740
  1250    741
  1251    741
  1252    741
  1253    741
  1254    741
  1255    741
  1256    741
  1257    741
  1230    742
  1231    742
  1232    742
  1233    742
  1234    742
  1235    742
  1236    742
  1237    742
  1238    742
  1246    742
  1247    742
  1248    742
  1249    742
  1250    742
  1251    742
  1252    742
  1261    742
  1262    742
  1263    742
  1264    742
  1227    743
  1228    743
  1229    743
  1230    743
  1231    743
  1232    743
  1233    743
  1234    743
  1235    743
  1242    743
  1243    743
  1244    743
  1245    743
  1246    743
  1247    743
  1248    743
  1249    743
  1257    743
  1258    743
  1259    743
  1260    743
  1261    743
  1262    743
  1263    743
  1222    744
  1223    744
  1224    744
  1225    744
  1226    744
  1227    744
  1228    744
  1229    744
  1230    744
  1238    744
  1239    744
  1240    744
  1241    744
  1242    744
  1243    744
  1244    744
  1245    744
  1253    744
  1254    744
  1255    744
  1256    744
  1257    744
  1258    744
  1259    744
  1260    744
  1218    745
  1219    745
  1220    745
  1221    745
  1222    745
  1223    745
  1224    745
  1225    745
  1234    745
  1235    745
  1236    745
  1237    745
  1238    745
  1239    745
  1240    745
  1241    745
  1249    745
  1250    745
  1251    745
  1252    745
  1253    745
  1254    745
  1255    745
  1256    745
  1257    745
  1213    746
  1214    746
  1215    746
  1216    746
  1217    746
  1218    746
  1219    746
  1220    746
  1221    746
  1230    746
  1231    746
  1232    746
  1233    746
  1234    746
  1235    746
  1236    746
  1237    746
  1246    746
  1247    746
  1248    746
  1249    746
  1250    746
  1251    746
  1252    746
  1253    746
  1209    747
  1210    747
  1211    747
  1212    747
  1213    747
  1214    747
  1215    747
  1216    747
  1217    747
  1226    747
  1227    747
  1228    747
  1229    747
  1230    747
  1231    747
  1232    747
  1233    747
  1242    747
  1243    747
  1244    747
  1245    747
  1246    747
  1247    747
  1248    747
  1249    747
  1205    748
  1206    748
  1207    748
  1208    748
  1209    748
  1210    748
  1211    748
  1212    748
  1213    748
  1214    748
  1222    748
  1223    748
  1224    748
  1225    748
  1226    748
  1227    748
  1228    748
  1229    748
  1239    748
  1240    748
  1241    748
  1242    748
  1243    748
  1244    748
  1245    748
  1246    748
  1202    749
  1203    749
  1204    749
  1205    749
  1206    749
  1207    749
  1208    749
  1209    749
  1210    749
  1219    749
  1220    749
  1221    749
  1222    749
  1223    749
  1224    749
  1225    749
  1226    749
  1235    749
  1236    749
  1237    749
  1238    749
  1239    749
  1240    749
  1241    749
  1242    749
  1243    749
  1198    750
  1199    750
  1200    750
  1201    750
  1202    750
  1203    750
  1204    750
  1205    750
  1215    750
  1216    750
  1217    750
  1218    750
  1219    750
  1220    750
  1221    750
  1222    750
  1232    750
  1233    750
  1234    750
  1235    750
  1236    750
  1237    750
  1238    750
  1239    750
  1240    750
  1195    751
  1196    751
  1197    751
  1198    751
  1199    751
  1200    751
  1201    751
  1202    751
  1212    751
  1213    751
  1214    751
  1215    751
  1216    751
  1217    751
  1218    751
  1219    751
  1229    751
  1230    751
  1231    751
  1232    751
  1233    751
  1234    751
  1235    751
  1236    751
  1237    751
  1195    752
  1196    752
  1197    752
  1198    752
  1199    752
  1208    752
  1209    752
  1210    752
  1211    752
  1229    752
  1232    752
  1233    752
  1234    752
  1205    753
  1206    753
  1207    753
  1208    753
  1209    753
  1210    753
  1211    753
  1212    753
  1202    754
  1203    754
  1204    754
  1205    754
  1206    754
  1207    754
  1208    754
  1209    754
  1210    754
  1199    755
  1200    755
  1201    755
  1202    755
  1203    755
  1204    755
  1205    755
  1206    755
  1196    756
  1197    756
  1198    756
  1199    756
  1200    756
  1201    756
  1202    756
  1203    756
  1204    756
  1193    757
  1194    757
  1195    757
  1196    757
  1197    757
  1198    757
  1199    757
  1200    757
  1201    757
  1172    758
  1173    758
  1174    758
  1175    758
  1176    758
  1180    758
  1190    758
  1191    758
  1192    758
  1193    758
  1194    758
  1195    758
  1196    758
  1197    758
  1198    758
  1209    758
  1210    758
  1211    758
  1212    758
  1213    758
  1214    758
  1169    759
  1170    759
  1171    759
  1172    759
  1173    759
  1174    759
  1175    759
  1176    759
  1177    759
  1178    759
  1188    759
  1189    759
  1190    759
  1191    759
  1192    759
  1193    759
  1194    759
  1195    759
  1196    759
  1206    759
  1207    759
  1208    759
  1209    759
  1210    759
  1211    759
  1212    759
  1213    759
  1167    760
  1168    760
  1169    760
  1170    760
  1171    760
  1172    760
  1173    760
  1174    760
  1175    760
  1185    760
  1186    760
  1187    760
  1188    760
  1189    760
  1190    760
  1191    760
  1192    760
  1193    760
  1204    760
  1205    760
  1206    760
  1207    760
  1208    760
  1209    760
  1210    760
  1211    760
  1212    760
  1213    760
  1164    761
  1165    761
  1166    761
  1167    761
  1168    761
  1169    761
  1170    761
  1171    761
  1172    761
  1182    761
  1183    761
  1184    761
  1185    761
  1186    761
  1187    761
  1188    761
  1189    761
  1190    761
  1191    761
  1202    761
  1203    761
  1204    761
  1205    761
  1206    761
  1207    761
  1208    761
  1209    761
  1210    761
  1211    761
  1161    762
  1162    762
  1163    762
  1164    762
  1165    762
  1166    762
  1167    762
  1168    762
  1169    762
  1170    762
  1180    762
  1181    762
  1182    762
  1183    762
  1184    762
  1185    762
  1186    762
  1187    762
  1188    762
  1189    762
  1200    762
  1201    762
  1202    762
  1203    762
  1204    762
  1205    762
  1206    762
  1207    762
  1208    762
  1158    763
  1159    763
  1160    763
  1161    763
  1162    763
  1163    763
  1164    763
  1165    763
  1166    763
  1167    763
  1168    763
  1178    763
  1179    763
  1180    763
  1181    763
  1182    763
  1183    763
  1184    763
  1185    763
  1186    763
  1197    763
  1198    763
  1199    763
  1200    763
  1201    763
  1202    763
  1203    763
  1204    763
  1205    763
  1206    763
  1156    764
  1157    764
  1158    764
  1159    764
  1160    764
  1161    764
  1162    764
  1163    764
  1164    764
  1165    764
  1175    764
  1176    764
  1177    764
  1178    764
  1179    764
  1180    764
  1181    764
  1182    764
  1183    764
  1184    764
  1195    764
  1196    764
  1197    764
  1198    764
  1199    764
  1200    764
  1201    764
  1202    764
  1203    764
  1204    764
  1154    765
  1155    765
  1156    765
  1157    765
  1158    765
  1159    765
  1160    765
  1161    765
  1162    765
  1163    765
  1173    765
  1174    765
  1175    765
  1176    765
  1177    765
  1178    765
  1179    765
  1180    765
  1181    765
  1192    765
  1193    765
  1194    765
  1195    765
  1196    765
  1197    765
  1198    765
  1199    765
  1200    765
  1201    765
  1202    765
  1151    766
  1152    766
  1153    766
  1154    766
  1155    766
  1156    766
  1157    766
  1158    766
  1159    766
  1160    766
  1171    766
  1172    766
  1173    766
  1174    766
  1175    766
  1176    766
  1177    766
  1178    766
  1179    766
  1190    766
  1191    766
  1192    766
  1193    766
  1194    766
  1195    766
  1196    766
  1197    766
  1198    766
  1199    766
  1200    766
  1149    767
  1150    767
  1151    767
  1152    767
  1153    767
  1154    767
  1155    767
  1156    767
  1157    767
  1158    767
  1169    767
  1170    767
  1171    767
  1172    767
  1173    767
  1174    767
  1175    767
  1176    767
  1177    767
  1188    767
  1189    767
  1190    767
  1191    767
  1192    767
  1193    767
  1194    767
  1195    767
  1196    767
  1197    767
  1198    767
  1146    768
  1147    768
  1148    768
  1149    768
  1150    768
  1151    768
  1152    768
  1153    768
  1154    768
  1155    768
  1156    768
  1167    768
  1168    768
  1169    768
  1170    768
  1171    768
  1172    768
  1173    768
  1174    768
  1175    768
  1186    768
  1187    768
  1188    768
  1189    768
  1190    768
  1191    768
  1192    768
  1193    768
  1194    768
  1195    768
  1196    768
  1144    769
  1145    769
  1146    769
  1147    769
  1148    769
  1149    769
  1150    769
  1151    769
  1152    769
  1153    769
  1154    769
  1165    769
  1166    769
  1167    769
  1168    769
  1169    769
  1170    769
  1171    769
  1172    769
  1173    769
  1184    769
  1185    769
  1186    769
  1187    769
  1188    769
  1189    769
  1190    769
  1191    769
  1192    769
  1193    769
  1194    769
  1195    769
  1142    770
  1143    770
  1144    770
  1145    770
  1146    770
  1147    770
  1148    770
  1149    770
  1150    770
  1151    770
  1152    770
  1163    770
  1164    770
  1165    770
  1166    770
  1167    770
  1168    770
  1169    770
  1170    770
  1171    770
  1183    770
  1184    770
  1185    770
  1186    770
  1187    770
  1188    770
  1189    770
  1190    770
  1191    770
  1192    770
  1193    770
  1140    771
  1141    771
  1142    771
  1143    771
  1144    771
  1145    771
  1146    771
  1147    771
  1148    771
  1149    771
  1150    771
  1161    771
  1162    771
  1163    771
  1164    771
  1165    771
  1166    771
  1167    771
  1168    771
  1169    771
  1182    771
  1183    771
  1184    771
  1185    771
  1186    771
  1187    771
  1188    771
  1189    771
  1190    771
  1191    771
  1192    771
  1138    772
  1139    772
  1140    772
  1141    772
  1142    772
  1143    772
  1144    772
  1145    772
  1146    772
  1147    772
  1148    772
  1159    772
  1160    772
  1161    772
  1162    772
  1163    772
  1164    772
  1165    772
  1166    772
  1167    772
  1168    772
  1181    772
  1182    772
  1183    772
  1184    772
  1185    772
  1186    772
  1187    772
  1188    772
  1189    772
  1190    772
  1136    773
  1137    773
  1138    773
  1139    773
  1140    773
  1141    773
  1142    773
  1143    773
  1144    773
  1145    773
  1157    773
  1158    773
  1159    773
  1160    773
  1161    773
  1162    773
  1163    773
  1164    773
  1165    773
  1166    773
  1182    773
  1183    773
  1184    773
  1185    773
  1186    773
  1187    773
  1188    773
  1189    773
  1155    774
  1156    774
  1157    774
  1158    774
  1159    774
  1160    774
  1161    774
  1162    774
  1163    774
  1164    774
  1183    774
  1184    774
  1185    774
  1186    774
  1154    775
  1155    775
  1156    775
  1157    775
  1158    775
  1159    775
  1160    775
  1161    775
  1162    775
  1152    776
  1153    776
  1154    776
  1155    776
  1156    776
  1157    776
  1158    776
  1159    776
  1160    776
  1150    777
  1151    777
  1152    777
  1153    777
  1154    777
  1155    777
  1156    777
  1157    777
  1158    777
  1159    777
  1148    778
  1149    778
  1150    778
  1151    778
  1152    778
  1153    778
  1154    778
  1155    778
  1156    778
  1157    778
  1146    779
  1147    779
  1148    779
  1149    779
  1150    779
  1151    779
  1152    779
  1153    779
  1154    779
  1155    779
  1156    779
  1144    780
  1145    780
  1146    780
  1147    780
  1148    780
  1149    780
  1150    780
  1151    780
  1152    780
  1153    780
  1154    780
  1120    781
  1121    781
  1122    781
  1123    781
  1124    781
  1125    781
  1126    781
  1143    781
  1144    781
  1145    781
  1146    781
  1147    781
  1148    781
  1149    781
  1150    781
  1151    781
  1152    781
  1164    781
  1165    781
  1166    781
  1167    781
  1168    781
  1169    781
  1170    781
  1171    781
  1172    781
  1173    781
  1118    782
  1119    782
  1120    782
  1121    782
  1122    782
  1123    782
  1124    782
  1125    782
  1126    782
  1127    782
  1141    782
  1142    782
  1143    782
  1144    782
  1145    782
  1146    782
  1147    782
  1148    782
  1149    782
  1150    782
  1151    782
  1162    782
  1163    782
  1164    782
  1165    782
  1166    782
  1167    782
  1168    782
  1169    782
  1170    782
  1171    782
  1172    782
  1173    782
  1116    783
  1117    783
  1118    783
  1119    783
  1120    783
  1121    783
  1122    783
  1123    783
  1124    783
  1125    783
  1126    783
  1127    783
  1139    783
  1140    783
  1141    783
  1142    783
  1143    783
  1144    783
  1145    783
  1146    783
  1147    783
  1148    783
  1149    783
  1161    783
  1162    783
  1163    783
  1164    783
  1165    783
  1166    783
  1167    783
  1168    783
  1169    783
  1170    783
  1171    783
  1172    783
  1173    783
  1114    784
  1115    784
  1116    784
  1117    784
  1118    784
  1119    784
  1120    784
  1121    784
  1122    784
  1123    784
  1124    784
  1125    784
  1138    784
  1139    784
  1140    784
  1141    784
  1142    784
  1143    784
  1144    784
  1145    784
  1146    784
  1147    784
  1159    784
  1160    784
  1161    784
  1162    784
  1163    784
  1164    784
  1165    784
  1166    784
  1167    784
  1168    784
  1169    784
  1170    784
  1171    784
  1112    785
  1113    785
  1114    785
  1115    785
  1116    785
  1117    785
  1118    785
  1119    785
  1120    785
  1121    785
  1122    785
  1123    785
  1136    785
  1137    785
  1138    785
  1139    785
  1140    785
  1141    785
  1142    785
  1143    785
  1144    785
  1145    785
  1146    785
  1158    785
  1159    785
  1160    785
  1161    785
  1162    785
  1163    785
  1164    785
  1165    785
  1166    785
  1167    785
  1168    785
  1169    785
  1110    786
  1111    786
  1112    786
  1113    786
  1114    786
  1115    786
  1116    786
  1117    786
  1118    786
  1119    786
  1120    786
  1121    786
  1134    786
  1135    786
  1136    786
  1137    786
  1138    786
  1139    786
  1140    786
  1141    786
  1142    786
  1143    786
  1144    786
  1145    786
  1156    786
  1157    786
  1158    786
  1159    786
  1160    786
  1161    786
  1162    786
  1163    786
  1164    786
  1165    786
  1166    786
  1167    786
  1168    786
  1108    787
  1109    787
  1110    787
  1111    787
  1112    787
  1113    787
  1114    787
  1115    787
  1116    787
  1117    787
  1118    787
  1119    787
  1120    787
  1133    787
  1134    787
  1135    787
  1136    787
  1137    787
  1138    787
  1139    787
  1140    787
  1141    787
  1142    787
  1143    787
  1155    787
  1156    787
  1157    787
  1158    787
  1159    787
  1160    787
  1161    787
  1162    787
  1163    787
  1164    787
  1165    787
  1166    787
  1167    787
  1106    788
  1107    788
  1108    788
  1109    788
  1110    788
  1111    788
  1112    788
  1113    788
  1114    788
  1115    788
  1116    788
  1117    788
  1118    788
  1131    788
  1132    788
  1133    788
  1134    788
  1135    788
  1136    788
  1137    788
  1138    788
  1139    788
  1140    788
  1141    788
  1142    788
  1153    788
  1154    788
  1155    788
  1156    788
  1157    788
  1158    788
  1159    788
  1160    788
  1161    788
  1162    788
  1163    788
  1164    788
  1165    788
  1104    789
  1105    789
  1106    789
  1107    789
  1108    789
  1109    789
  1110    789
  1111    789
  1112    789
  1113    789
  1114    789
  1115    789
  1116    789
  1117    789
  1130    789
  1131    789
  1132    789
  1133    789
  1134    789
  1135    789
  1136    789
  1137    789
  1138    789
  1139    789
  1140    789
  1141    789
  1152    789
  1153    789
  1154    789
  1155    789
  1156    789
  1157    789
  1158    789
  1159    789
  1160    789
  1161    789
  1162    789
  1163    789
  1164    789
  1103    790
  1104    790
  1105    790
  1106    790
  1107    790
  1108    790
  1109    790
  1110    790
  1111    790
  1112    790
  1113    790
  1114    790
  1115    790
  1129    790
  1130    790
  1131    790
  1132    790
  1133    790
  1134    790
  1135    790
  1136    790
  1137    790
  1138    790
  1139    790
  1140    790
  1151    790
  1152    790
  1153    790
  1154    790
  1155    790
  1156    790
  1157    790
  1158    790
  1159    790
  1160    790
  1161    790
  1162    790
  1163    790
  1101    791
  1102    791
  1103    791
  1104    791
  1105    791
  1106    791
  1107    791
  1108    791
  1109    791
  1110    791
  1111    791
  1112    791
  1113    791
  1127    791
  1128    791
  1129    791
  1130    791
  1131    791
  1132    791
  1133    791
  1134    791
  1135    791
  1136    791
  1137    791
  1138    791
  1149    791
  1150    791
  1151    791
  1152    791
  1153    791
  1154    791
  1155    791
  1156    791
  1157    791
  1158    791
  1159    791
  1160    791
  1161    791
  1099    792
  1100    792
  1101    792
  1102    792
  1103    792
  1104    792
  1105    792
  1106    792
  1107    792
  1108    792
  1109    792
  1110    792
  1111    792
  1112    792
  1126    792
  1127    792
  1128    792
  1129    792
  1130    792
  1131    792
  1132    792
  1133    792
  1134    792
  1135    792
  1136    792
  1137    792
  1148    792
  1149    792
  1150    792
  1151    792
  1152    792
  1153    792
  1154    792
  1155    792
  1156    792
  1157    792
  1158    792
  1159    792
  1160    792
  1161    792
  1097    793
  1098    793
  1099    793
  1100    793
  1101    793
  1102    793
  1103    793
  1104    793
  1105    793
  1106    793
  1107    793
  1108    793
  1109    793
  1110    793
  1125    793
  1126    793
  1127    793
  1128    793
  1129    793
  1130    793
  1131    793
  1132    793
  1133    793
  1134    793
  1135    793
  1147    793
  1148    793
  1149    793
  1150    793
  1151    793
  1152    793
  1153    793
  1154    793
  1155    793
  1156    793
  1157    793
  1158    793
  1159    793
  1096    794
  1097    794
  1098    794
  1099    794
  1100    794
  1101    794
  1102    794
  1103    794
  1104    794
  1105    794
  1106    794
  1107    794
  1108    794
  1109    794
  1123    794
  1124    794
  1125    794
  1126    794
  1127    794
  1128    794
  1129    794
  1130    794
  1131    794
  1132    794
  1133    794
  1134    794
  1146    794
  1147    794
  1148    794
  1149    794
  1150    794
  1151    794
  1152    794
  1153    794
  1154    794
  1155    794
  1156    794
  1157    794
  1158    794
  1094    795
  1095    795
  1096    795
  1097    795
  1098    795
  1099    795
  1100    795
  1101    795
  1102    795
  1103    795
  1104    795
  1105    795
  1106    795
  1107    795
  1122    795
  1123    795
  1124    795
  1125    795
  1126    795
  1127    795
  1128    795
  1129    795
  1130    795
  1131    795
  1132    795
  1133    795
  1145    795
  1146    795
  1147    795
  1148    795
  1149    795
  1150    795
  1151    795
  1152    795
  1153    795
  1154    795
  1155    795
  1156    795
  1157    795
  1093    796
  1094    796
  1095    796
  1096    796
  1097    796
  1098    796
  1099    796
  1100    796
  1101    796
  1102    796
  1103    796
  1104    796
  1105    796
  1120    796
  1121    796
  1122    796
  1123    796
  1124    796
  1125    796
  1126    796
  1127    796
  1128    796
  1129    796
  1130    796
  1131    796
  1143    796
  1144    796
  1145    796
  1146    796
  1147    796
  1148    796
  1149    796
  1150    796
  1151    796
  1152    796
  1153    796
  1154    796
  1155    796
  1156    796
  1092    797
  1093    797
  1094    797
  1095    797
  1096    797
  1097    797
  1098    797
  1099    797
  1100    797
  1101    797
  1102    797
  1103    797
  1104    797
  1119    797
  1120    797
  1121    797
  1122    797
  1123    797
  1124    797
  1125    797
  1126    797
  1127    797
  1128    797
  1129    797
  1130    797
  1142    797
  1143    797
  1144    797
  1145    797
  1146    797
  1147    797
  1148    797
  1149    797
  1150    797
  1151    797
  1152    797
  1153    797
  1154    797
  1155    797
  1090    798
  1091    798
  1092    798
  1093    798
  1094    798
  1095    798
  1096    798
  1097    798
  1098    798
  1099    798
  1100    798
  1101    798
  1102    798
  1103    798
  1117    798
  1118    798
  1119    798
  1120    798
  1121    798
  1122    798
  1123    798
  1124    798
  1125    798
  1126    798
  1127    798
  1128    798
  1129    798
  1141    798
  1142    798
  1143    798
  1144    798
  1145    798
  1146    798
  1147    798
  1148    798
  1149    798
  1150    798
  1151    798
  1152    798
  1153    798
  1154    798
  1088    799
  1089    799
  1090    799
  1091    799
  1092    799
  1093    799
  1094    799
  1095    799
  1096    799
  1097    799
  1098    799
  1099    799
  1100    799
  1101    799
  1102    799
  1116    799
  1117    799
  1118    799
  1119    799
  1120    799
  1121    799
  1122    799
  1123    799
  1124    799
  1125    799
  1126    799
  1127    799
  1140    799
  1141    799
  1142    799
  1143    799
  1144    799
  1145    799
  1146    799
  1147    799
  1148    799
  1149    799
  1150    799
  1151    799
  1152    799
  1153    799
  1087    800
  1088    800
  1089    800
  1090    800
  1091    800
  1092    800
  1093    800
  1094    800
  1095    800
  1096    800
  1097    800
  1098    800
  1099    800
  1100    800
  1115    800
  1116    800
  1117    800
  1118    800
  1119    800
  1120    800
  1121    800
  1122    800
  1123    800
  1124    800
  1125    800
  1126    800
  1139    800
  1140    800
  1141    800
  1142    800
  1143    800
  1144    800
  1145    800
  1146    800
  1147    800
  1148    800
  1149    800
  1150    800
  1151    800
  1152    800
  1086    801
  1087    801
  1088    801
  1089    801
  1090    801
  1091    801
  1092    801
  1093    801
  1094    801
  1095    801
  1096    801
  1097    801
  1098    801
  1099    801
  1113    801
  1114    801
  1115    801
  1116    801
  1117    801
  1118    801
  1119    801
  1120    801
  1121    801
  1122    801
  1123    801
  1124    801
  1125    801
  1138    801
  1139    801
  1140    801
  1141    801
  1142    801
  1143    801
  1144    801
  1145    801
  1146    801
  1147    801
  1148    801
  1149    801
  1150    801
  1151    801
  1084    802
  1085    802
  1086    802
  1087    802
  1088    802
  1089    802
  1090    802
  1091    802
  1092    802
  1093    802
  1094    802
  1095    802
  1096    802
  1097    802
  1112    802
  1113    802
  1114    802
  1115    802
  1116    802
  1117    802
  1118    802
  1119    802
  1120    802
  1121    802
  1122    802
  1123    802
  1124    802
  1137    802
  1138    802
  1139    802
  1140    802
  1141    802
  1142    802
  1143    802
  1144    802
  1145    802
  1146    802
  1147    802
  1148    802
  1149    802
  1150    802
  1083    803
  1084    803
  1085    803
  1086    803
  1087    803
  1088    803
  1089    803
  1090    803
  1091    803
  1092    803
  1093    803
  1094    803
  1095    803
  1096    803
  1111    803
  1112    803
  1113    803
  1114    803
  1115    803
  1116    803
  1117    803
  1118    803
  1119    803
  1120    803
  1121    803
  1122    803
  1123    803
  1136    803
  1137    803
  1138    803
  1139    803
  1140    803
  1141    803
  1142    803
  1143    803
  1144    803
  1145    803
  1146    803
  1147    803
  1148    803
  1149    803
  1081    804
  1082    804
  1083    804
  1084    804
  1085    804
  1086    804
  1087    804
  1088    804
  1089    804
  1090    804
  1091    804
  1092    804
  1093    804
  1094    804
  1095    804
  1110    804
  1111    804
  1112    804
  1113    804
  1114    804
  1115    804
  1116    804
  1117    804
  1118    804
  1119    804
  1120    804
  1121    804
  1135    804
  1136    804
  1137    804
  1139    804
  1140    804
  1141    804
  1142    804
  1143    804
  1144    804
  1145    804
  1146    804
  1147    804
  1148    804
  1080    805
  1081    805
  1082    805
  1083    805
  1084    805
  1085    805
  1086    805
  1087    805
  1088    805
  1089    805
  1090    805
  1091    805
  1092    805
  1093    805
  1094    805
  1109    805
  1110    805
  1111    805
  1112    805
  1113    805
  1114    805
  1115    805
  1116    805
  1117    805
  1118    805
  1119    805
  1120    805
  1134    805
  1135    805
  1136    805
  1137    805
  1138    805
  1139    805
  1140    805
  1141    805
  1142    805
  1143    805
  1144    805
  1145    805
  1146    805
  1147    805
  1082    806
  1083    806
  1084    806
  1085    806
  1086    806
  1087    806
  1088    806
  1089    806
  1090    806
  1091    806
  1092    806
  1093    806
  1108    806
  1109    806
  1110    806
  1111    806
  1112    806
  1113    806
  1114    806
  1115    806
  1116    806
  1117    806
  1118    806
  1119    806
  1133    806
  1134    806
  1135    806
  1136    806
  1137    806
  1138    806
  1139    806
  1140    806
  1141    806
  1142    806
  1143    806
  1144    806
  1145    806
  1106    807
  1107    807
  1108    807
  1109    807
  1110    807
  1111    807
  1112    807
  1113    807
  1114    807
  1115    807
  1116    807
  1117    807
  1118    807
  1135    807
  1136    807
  1137    807
  1138    807
  1139    807
  1140    807
  1141    807
  1142    807
  1143    807
  1105    808
  1106    808
  1107    808
  1108    808
  1109    808
  1110    808
  1111    808
  1112    808
  1113    808
  1114    808
  1115    808
  1116    808
  1117    808
  1104    809
  1105    809
  1106    809
  1107    809
  1108    809
  1109    809
  1110    809
  1111    809
  1112    809
  1113    809
  1114    809
  1115    809
  1116    809
  1103    810
  1104    810
  1105    810
  1106    810
  1107    810
  1108    810
  1109    810
  1110    810
  1111    810
  1112    810
  1113    810
  1114    810
  1115    810
  1103    811
  1104    811
  1105    811
  1106    811
  1107    811
  1108    811
  1109    811
  1110    811
  1111    811
