  1425    713
  1426    713
  1427    713
  1428    713
  1420    714
  1421    714
  1404    715
  1405    715
  1406    715
  1407    715
  1408    715
  1409    715
  1410    715
  1411    715
  1412    715
  1413    715
  1414    715
  1415    715
  1395    716
  1396    716
  1397    716
  1398    716
  1399    716
  1400    716
  1401    716
  1402    716
  1403    716
  1404    716
  1405    716
  1406    716
  1407    716
  1408    716
  1409    716
  1389    717
  1392    717
  1393    717
  1394    717
  1395    717
  1396    717
  1397    717
  1398    717
  1399    717
  1400    717
  1401    717
  1402    717
  1403    717
  1404    717
  1405    717
  1406    717
  1407    717
  1408    717
  1376    718
  1377    718
  1378    718
  1379    718
  1381    718
  1382    718
  1383    718
  1384    718
  1385    718
  1386    718
  1387    718
  1388    718
  1389    718
  1390    718
  1396    718
  1397    718
  1398    718
  1399    718
  1400    718
  1401    718
  1402    718
  1363    719
  1364    719
  1365    719
  1366    719
  1367    719
  1368    719
  1369    719
  1370    719
  1376    719
  1377    719
  1379    719
  1385    719
  1386    719
  1387    719
  1389    719
  1372    720
  1373    720
  1374    720
  1375    720
  1366    721
  1367    721
  1368    721
  1369    721
  1370    721
  1371    721
  1372    721
  1362    722
  1363    722
  1364    722
  1365    722
  1366    722
  1367    722
  1368    722
  1369    722
  1351    723
  1352    723
  1353    723
  1354    723
  1360    723
  1361    723
  1362    723
  1365    723
  1366    723
  1367    723
  1316    724
  1317    724
  1326    724
  1327    724
  1328    724
  1329    724
  1330    724
  1345    724
  1346    724
  1347    724
  1348    724
  1349    724
  1350    724
  1354    724
  1355    724
  1356    724
  1357    724
  1358    724
  1359    724
  1360    724
  1361    724
  1306    725
  1307    725
  1318    725
  1319    725
  1320    725
  1321    725
  1322    725
  1323    725
  1324    725
  1325    725
  1326    725
  1327    725
  1328    725
  1329    725
  1330    725
  1331    725
  1332    725
  1333    725
  1337    725
  1338    725
  1339    725
  1340    725
  1341    725
  1342    725
  1343    725
  1344    725
  1349    725
  1350    725
  1354    725
  1355    725
  1292    726
  1304    726
  1305    726
  1306    726
  1307    726
  1308    726
  1309    726
  1310    726
  1311    726
  1312    726
  1313    726
  1314    726
  1315    726
  1316    726
  1317    726
  1318    726
  1319    726
  1320    726
  1321    726
  1322    726
  1323    726
  1324    726
  1329    726
  1330    726
  1331    726
  1332    726
  1333    726
  1334    726
  1341    726
  1342    726
  1343    726
  1345    726
  1282    727
  1283    727
  1285    727
  1286    727
  1287    727
  1288    727
  1289    727
  1292    727
  1293    727
  1294    727
  1295    727
  1296    727
  1297    727
  1298    727
  1299    727
  1300    727
  1301    727
  1302    727
  1303    727
  1304    727
  1305    727
  1306    727
  1307    727
  1308    727
  1309    727
  1310    727
  1311    727
  1312    727
  1313    727
  1314    727
  1315    727
  1316    727
  1317    727
  1318    727
  1324    727
  1325    727
  1326    727
  1327    727
  1328    727
  1329    727
  1330    727
  1336    727
  1337    727
  1343    727
  1281    728
  1282    728
  1283    728
  1284    728
  1319    728
  1320    728
  1321    728
  1322    728
  1323    728
  1324    728
  1272    729
  1273    729
  1274    729
  1275    729
  1313    729
  1314    729
  1315    729
  1246    730
  1247    730
  1260    730
  1261    730
  1262    730
  1263    730
  1268    730
  1269    730
  1270    730
  1271    730
  1272    730
  1273    730
  1274    730
  1293    730
  1294    730
  1295    730
  1305    730
  1306    730
  1307    730
  1308    730
  1309    730
  1310    730
  1311    730
  1238    731
  1239    731
  1240    731
  1254    731
  1255    731
  1256    731
  1257    731
  1258    731
  1259    731
  1260    731
  1261    731
  1262    731
  1286    731
  1287    731
  1288    731
  1289    731
  1290    731
  1291    731
  1292    731
  1293    731
  1294    731
  1298    731
  1299    731
  1300    731
  1301    731
  1302    731
  1303    731
  1304    731
  1305    731
  1306    731
  1312    731
  1313    731
  1314    731
  1315    731
  1316    731
  1317    731
  1318    731
  1319    731
  1240    732
  1241    732
  1242    732
  1243    732
  1244    732
  1281    732
  1282    732
  1283    732
  1284    732
  1285    732
  1286    732
  1287    732
  1288    732
  1295    732
  1296    732
  1297    732
  1298    732
  1299    732
  1300    732
  1301    732
  1307    732
  1308    732
  1309    732
  1310    732
  1311    732
  1312    732
  1313    732
  1314    732
  1211    733
  1212    733
  1213    733
  1214    733
  1215    733
  1216    733
  1217    733
  1234    733
  1237    733
  1238    733
  1239    733
  1240    733
  1241    733
  1242    733
  1243    733
  1273    733
  1274    733
  1275    733
  1276    733
  1277    733
  1278    733
  1279    733
  1280    733
  1281    733
  1288    733
  1289    733
  1290    733
  1291    733
  1292    733
  1293    733
  1294    733
  1302    733
  1303    733
  1304    733
  1305    733
  1306    733
  1307    733
  1308    733
  1309    733
  1206    734
  1207    734
  1208    734
  1209    734
  1224    734
  1225    734
  1226    734
  1227    734
  1269    734
  1270    734
  1271    734
  1272    734
  1273    734
  1274    734
  1275    734
  1276    734
  1282    734
  1283    734
  1284    734
  1285    734
  1286    734
  1287    734
  1288    734
  1289    734
  1296    734
  1297    734
  1298    734
  1299    734
  1300    734
  1301    734
  1302    734
  1303    734
  1210    735
  1211    735
  1212    735
  1213    735
  1214    735
  1215    735
  1216    735
  1217    735
  1218    735
  1219    735
  1220    735
  1263    735
  1264    735
  1265    735
  1266    735
  1267    735
  1268    735
  1269    735
  1270    735
  1277    735
  1278    735
  1279    735
  1280    735
  1281    735
  1282    735
  1283    735
  1284    735
  1291    735
  1292    735
  1293    735
  1294    735
  1295    735
  1296    735
  1297    735
  1298    735
  1299    735
  1208    736
  1209    736
  1257    736
  1258    736
  1259    736
  1260    736
  1261    736
  1262    736
  1263    736
  1264    736
  1265    736
  1273    736
  1274    736
  1275    736
  1276    736
  1277    736
  1278    736
  1279    736
  1287    736
  1288    736
  1289    736
  1290    736
  1291    736
  1292    736
  1293    736
  1294    736
  1252    737
  1253    737
  1254    737
  1255    737
  1256    737
  1257    737
  1258    737
  1259    737
  1260    737
  1268    737
  1269    737
  1281    737
  1282    737
  1283    737
  1284    737
  1285    737
  1286    737
  1287    737
  1288    737
  1289    737
  1251    738
  1252    738
  1253    738
  1254    738
  1263    738
  1264    738
  1265    738
  1266    738
  1268    738
  1269    738
  1278    738
  1279    738
  1282    738
  1283    738
  1257    739
  1258    739
  1259    739
  1260    739
  1261    739
  1262    739
  1263    739
  1264    739
  1253    740
  1254    740
  1255    740
  1256    740
  1257    740
  1258    740
  1259    740
  1260    740
  1233    741
  1234    741
  1235    741
  1236    741
  1237    741
  1238    741
  1239    741
  1248    741
  1249    741
  1250    741
  1251    741
  1252    741
  1253    741
  1254    741
  1255    741
  1256    741
  1228    742
  1229    742
  1230    742
  1231    742
  1232    742
  1233    742
  1234    742
  1235    742
  1236    742
  1237    742
  1244    742
  1245    742
  1246    742
  1247    742
  1248    742
  1249    742
  1250    742
  1251    742
  1259    742
  1260    742
  1261    742
  1262    742
  1263    742
  1225    743
  1226    743
  1227    743
  1228    743
  1229    743
  1230    743
  1231    743
  1232    743
  1233    743
  1240    743
  1241    743
  1242    743
  1243    743
  1244    743
  1245    743
  1246    743
  1247    743
  1248    743
  1255    743
  1256    743
  1257    743
  1258    743
  1259    743
  1260    743
  1261    743
  1262    743
  1263    743
  1221    744
  1222    744
  1223    744
  1224    744
  1225    744
  1226    744
  1227    744
  1228    744
  1236    744
  1237    744
  1238    744
  1239    744
  1240    744
  1241    744
  1242    744
  1243    744
  1244    744
  1251    744
  1252    744
  1253    744
  1254    744
  1255    744
  1256    744
  1257    744
  1258    744
  1259    744
  1260    744
  1216    745
  1217    745
  1218    745
  1219    745
  1220    745
  1221    745
  1222    745
  1223    745
  1224    745
  1232    745
  1233    745
  1234    745
  1235    745
  1236    745
  1237    745
  1238    745
  1239    745
  1248    745
  1249    745
  1250    745
  1251    745
  1252    745
  1253    745
  1254    745
  1255    745
  1256    745
  1211    746
  1212    746
  1213    746
  1214    746
  1215    746
  1216    746
  1217    746
  1218    746
  1219    746
  1220    746
  1228    746
  1229    746
  1230    746
  1231    746
  1232    746
  1233    746
  1234    746
  1235    746
  1244    746
  1245    746
  1246    746
  1247    746
  1248    746
  1249    746
  1250    746
  1251    746
  1252    746
  1207    747
  1208    747
  1209    747
  1210    747
  1211    747
  1212    747
  1213    747
  1214    747
  1215    747
  1216    747
  1224    747
  1225    747
  1226    747
  1227    747
  1228    747
  1229    747
  1230    747
  1231    747
  1232    747
  1240    747
  1241    747
  1242    747
  1243    747
  1244    747
  1245    747
  1246    747
  1247    747
  1248    747
  1204    748
  1205    748
  1206    748
  1207    748
  1208    748
  1209    748
  1210    748
  1211    748
  1212    748
  1221    748
  1222    748
  1223    748
  1224    748
  1225    748
  1226    748
  1227    748
  1228    748
  1229    748
  1237    748
  1238    748
  1239    748
  1240    748
  1241    748
  1242    748
  1243    748
  1244    748
  1245    748
  1200    749
  1201    749
  1202    749
  1203    749
  1204    749
  1205    749
  1206    749
  1207    749
  1208    749
  1216    749
  1217    749
  1218    749
  1219    749
  1220    749
  1222    749
  1223    749
  1224    749
  1233    749
  1234    749
  1235    749
  1236    749
  1237    749
  1238    749
  1239    749
  1240    749
  1241    749
  1197    750
  1198    750
  1199    750
  1200    750
  1201    750
  1202    750
  1203    750
  1204    750
  1213    750
  1214    750
  1215    750
  1216    750
  1217    750
  1218    750
  1219    750
  1220    750
  1221    750
  1230    750
  1231    750
  1232    750
  1233    750
  1234    750
  1235    750
  1236    750
  1237    750
  1238    750
  1194    751
  1195    751
  1196    751
  1197    751
  1198    751
  1199    751
  1200    751
  1201    751
  1202    751
  1209    751
  1210    751
  1211    751
  1212    751
  1213    751
  1214    751
  1217    751
  1218    751
  1219    751
  1227    751
  1228    751
  1229    751
  1230    751
  1231    751
  1232    751
  1233    751
  1234    751
  1235    751
  1236    751
  1193    752
  1194    752
  1195    752
  1196    752
  1197    752
  1198    752
  1206    752
  1207    752
  1208    752
  1209    752
  1210    752
  1214    752
  1229    752
  1230    752
  1231    752
  1232    752
  1203    753
  1204    753
  1205    753
  1206    753
  1207    753
  1208    753
  1209    753
  1210    753
  1211    753
  1200    754
  1201    754
  1202    754
  1203    754
  1204    754
  1205    754
  1206    754
  1207    754
  1208    754
  1197    755
  1198    755
  1199    755
  1200    755
  1201    755
  1202    755
  1203    755
  1204    755
  1205    755
  1194    756
  1195    756
  1196    756
  1197    756
  1198    756
  1199    756
  1200    756
  1201    756
  1202    756
  1203    756
  1174    757
  1175    757
  1176    757
  1177    757
  1191    757
  1192    757
  1193    757
  1194    757
  1195    757
  1196    757
  1197    757
  1198    757
  1199    757
  1200    757
  1171    758
  1172    758
  1173    758
  1174    758
  1175    758
  1178    758
  1179    758
  1189    758
  1190    758
  1191    758
  1192    758
  1193    758
  1194    758
  1195    758
  1196    758
  1197    758
  1207    758
  1208    758
  1209    758
  1210    758
  1211    758
  1212    758
  1213    758
  1167    759
  1168    759
  1169    759
  1170    759
  1171    759
  1172    759
  1173    759
  1174    759
  1175    759
  1176    759
  1186    759
  1187    759
  1188    759
  1189    759
  1190    759
  1191    759
  1192    759
  1193    759
  1194    759
  1195    759
  1204    759
  1205    759
  1206    759
  1207    759
  1208    759
  1209    759
  1210    759
  1211    759
  1212    759
  1213    759
  1214    759
  1165    760
  1166    760
  1167    760
  1168    760
  1169    760
  1170    760
  1171    760
  1172    760
  1173    760
  1174    760
  1183    760
  1184    760
  1185    760
  1186    760
  1187    760
  1188    760
  1189    760
  1190    760
  1191    760
  1192    760
  1202    760
  1203    760
  1204    760
  1205    760
  1206    760
  1207    760
  1208    760
  1209    760
  1210    760
  1211    760
  1212    760
  1162    761
  1163    761
  1164    761
  1165    761
  1166    761
  1167    761
  1168    761
  1169    761
  1170    761
  1171    761
  1181    761
  1182    761
  1183    761
  1184    761
  1185    761
  1186    761
  1187    761
  1188    761
  1189    761
  1200    761
  1201    761
  1202    761
  1203    761
  1204    761
  1205    761
  1206    761
  1207    761
  1208    761
  1209    761
  1159    762
  1160    762
  1161    762
  1162    762
  1163    762
  1164    762
  1165    762
  1166    762
  1167    762
  1168    762
  1169    762
  1178    762
  1179    762
  1180    762
  1181    762
  1182    762
  1183    762
  1184    762
  1185    762
  1186    762
  1187    762
  1197    762
  1198    762
  1199    762
  1200    762
  1201    762
  1202    762
  1203    762
  1204    762
  1205    762
  1206    762
  1207    762
  1156    763
  1157    763
  1158    763
  1159    763
  1160    763
  1161    763
  1162    763
  1163    763
  1164    763
  1165    763
  1166    763
  1176    763
  1177    763
  1178    763
  1179    763
  1180    763
  1181    763
  1182    763
  1183    763
  1184    763
  1185    763
  1195    763
  1196    763
  1197    763
  1198    763
  1199    763
  1200    763
  1201    763
  1202    763
  1203    763
  1204    763
  1154    764
  1155    764
  1156    764
  1157    764
  1158    764
  1159    764
  1160    764
  1161    764
  1162    764
  1163    764
  1164    764
  1173    764
  1174    764
  1175    764
  1176    764
  1177    764
  1178    764
  1179    764
  1180    764
  1181    764
  1182    764
  1193    764
  1194    764
  1195    764
  1196    764
  1197    764
  1198    764
  1199    764
  1200    764
  1201    764
  1202    764
  1152    765
  1153    765
  1154    765
  1155    765
  1156    765
  1157    765
  1158    765
  1159    765
  1160    765
  1161    765
  1171    765
  1172    765
  1173    765
  1174    765
  1175    765
  1176    765
  1177    765
  1178    765
  1179    765
  1180    765
  1190    765
  1191    765
  1192    765
  1193    765
  1194    765
  1195    765
  1196    765
  1197    765
  1198    765
  1199    765
  1200    765
  1201    765
  1149    766
  1150    766
  1151    766
  1152    766
  1153    766
  1154    766
  1155    766
  1156    766
  1157    766
  1158    766
  1159    766
  1169    766
  1170    766
  1171    766
  1172    766
  1173    766
  1174    766
  1175    766
  1176    766
  1177    766
  1178    766
  1188    766
  1189    766
  1190    766
  1191    766
  1192    766
  1193    766
  1194    766
  1195    766
  1196    766
  1197    766
  1198    766
  1199    766
  1146    767
  1147    767
  1148    767
  1149    767
  1150    767
  1151    767
  1152    767
  1153    767
  1154    767
  1155    767
  1156    767
  1157    767
  1167    767
  1168    767
  1169    767
  1170    767
  1171    767
  1172    767
  1173    767
  1174    767
  1175    767
  1176    767
  1187    767
  1188    767
  1189    767
  1190    767
  1191    767
  1192    767
  1193    767
  1194    767
  1195    767
  1196    767
  1197    767
  1144    768
  1145    768
  1146    768
  1147    768
  1148    768
  1149    768
  1150    768
  1151    768
  1152    768
  1153    768
  1154    768
  1155    768
  1165    768
  1166    768
  1167    768
  1168    768
  1169    768
  1170    768
  1171    768
  1172    768
  1173    768
  1174    768
  1185    768
  1186    768
  1187    768
  1188    768
  1189    768
  1190    768
  1191    768
  1192    768
  1193    768
  1194    768
  1195    768
  1142    769
  1143    769
  1144    769
  1145    769
  1146    769
  1147    769
  1148    769
  1149    769
  1150    769
  1151    769
  1152    769
  1153    769
  1163    769
  1164    769
  1165    769
  1166    769
  1167    769
  1168    769
  1169    769
  1170    769
  1171    769
  1172    769
  1183    769
  1184    769
  1185    769
  1186    769
  1187    769
  1188    769
  1189    769
  1190    769
  1191    769
  1192    769
  1193    769
  1194    769
  1139    770
  1140    770
  1141    770
  1142    770
  1143    770
  1144    770
  1145    770
  1146    770
  1147    770
  1148    770
  1149    770
  1150    770
  1161    770
  1162    770
  1163    770
  1164    770
  1165    770
  1166    770
  1167    770
  1168    770
  1169    770
  1170    770
  1181    770
  1182    770
  1183    770
  1184    770
  1185    770
  1186    770
  1187    770
  1188    770
  1189    770
  1190    770
  1191    770
  1192    770
  1138    771
  1139    771
  1140    771
  1141    771
  1142    771
  1143    771
  1144    771
  1145    771
  1146    771
  1147    771
  1148    771
  1159    771
  1160    771
  1161    771
  1162    771
  1163    771
  1164    771
  1165    771
  1166    771
  1167    771
  1168    771
  1180    771
  1181    771
  1182    771
  1183    771
  1184    771
  1185    771
  1186    771
  1187    771
  1188    771
  1189    771
  1190    771
  1136    772
  1137    772
  1138    772
  1139    772
  1140    772
  1141    772
  1142    772
  1143    772
  1144    772
  1145    772
  1146    772
  1157    772
  1158    772
  1159    772
  1160    772
  1161    772
  1162    772
  1163    772
  1164    772
  1165    772
  1166    772
  1167    772
  1179    772
  1180    772
  1181    772
  1182    772
  1183    772
  1184    772
  1185    772
  1186    772
  1187    772
  1188    772
  1189    772
  1137    773
  1138    773
  1139    773
  1140    773
  1141    773
  1142    773
  1156    773
  1157    773
  1158    773
  1159    773
  1160    773
  1161    773
  1162    773
  1163    773
  1164    773
  1165    773
  1180    773
  1181    773
  1182    773
  1183    773
  1184    773
  1185    773
  1186    773
  1187    773
  1154    774
  1155    774
  1156    774
  1157    774
  1158    774
  1159    774
  1160    774
  1161    774
  1162    774
  1163    774
  1152    775
  1153    775
  1154    775
  1155    775
  1156    775
  1157    775
  1158    775
  1159    775
  1160    775
  1161    775
  1150    776
  1151    776
  1152    776
  1153    776
  1154    776
  1155    776
  1156    776
  1157    776
  1158    776
  1159    776
  1149    777
  1150    777
  1151    777
  1152    777
  1153    777
  1154    777
  1155    777
  1156    777
  1157    777
  1147    778
  1148    778
  1149    778
  1150    778
  1151    778
  1152    778
  1153    778
  1154    778
  1155    778
  1156    778
  1144    779
  1145    779
  1146    779
  1147    779
  1148    779
  1149    779
  1150    779
  1151    779
  1152    779
  1153    779
  1154    779
  1155    779
  1120    780
  1121    780
  1122    780
  1123    780
  1124    780
  1125    780
  1126    780
  1143    780
  1144    780
  1145    780
  1146    780
  1147    780
  1148    780
  1149    780
  1150    780
  1151    780
  1152    780
  1153    780
  1118    781
  1119    781
  1120    781
  1121    781
  1122    781
  1123    781
  1124    781
  1125    781
  1126    781
  1141    781
  1142    781
  1143    781
  1144    781
  1145    781
  1146    781
  1147    781
  1148    781
  1149    781
  1150    781
  1151    781
  1162    781
  1163    781
  1164    781
  1165    781
  1166    781
  1167    781
  1168    781
  1169    781
  1170    781
  1171    781
  1116    782
  1117    782
  1118    782
  1119    782
  1120    782
  1121    782
  1122    782
  1123    782
  1124    782
  1125    782
  1126    782
  1127    782
  1139    782
  1140    782
  1141    782
  1142    782
  1143    782
  1144    782
  1145    782
  1146    782
  1147    782
  1148    782
  1149    782
  1161    782
  1162    782
  1163    782
  1164    782
  1165    782
  1166    782
  1167    782
  1168    782
  1169    782
  1170    782
  1171    782
  1114    783
  1115    783
  1116    783
  1117    783
  1118    783
  1119    783
  1120    783
  1121    783
  1122    783
  1123    783
  1124    783
  1125    783
  1137    783
  1138    783
  1139    783
  1140    783
  1141    783
  1142    783
  1143    783
  1144    783
  1145    783
  1146    783
  1147    783
  1148    783
  1159    783
  1160    783
  1161    783
  1162    783
  1163    783
  1164    783
  1165    783
  1166    783
  1167    783
  1168    783
  1169    783
  1170    783
  1171    783
  1112    784
  1113    784
  1114    784
  1115    784
  1116    784
  1117    784
  1118    784
  1119    784
  1120    784
  1121    784
  1122    784
  1123    784
  1136    784
  1137    784
  1138    784
  1139    784
  1140    784
  1141    784
  1142    784
  1143    784
  1144    784
  1145    784
  1146    784
  1158    784
  1159    784
  1160    784
  1161    784
  1162    784
  1163    784
  1164    784
  1165    784
  1166    784
  1167    784
  1168    784
  1169    784
  1110    785
  1111    785
  1112    785
  1113    785
  1114    785
  1115    785
  1116    785
  1117    785
  1118    785
  1119    785
  1120    785
  1121    785
  1122    785
  1135    785
  1136    785
  1137    785
  1138    785
  1139    785
  1140    785
  1141    785
  1142    785
  1143    785
  1144    785
  1145    785
  1156    785
  1157    785
  1158    785
  1159    785
  1160    785
  1161    785
  1162    785
  1163    785
  1164    785
  1165    785
  1166    785
  1167    785
  1168    785
  1108    786
  1109    786
  1110    786
  1111    786
  1112    786
  1113    786
  1114    786
  1115    786
  1116    786
  1117    786
  1118    786
  1119    786
  1120    786
  1133    786
  1134    786
  1135    786
  1136    786
  1137    786
  1138    786
  1139    786
  1140    786
  1141    786
  1142    786
  1143    786
  1154    786
  1155    786
  1156    786
  1157    786
  1158    786
  1159    786
  1160    786
  1161    786
  1162    786
  1163    786
  1164    786
  1165    786
  1166    786
  1167    786
  1107    787
  1108    787
  1109    787
  1110    787
  1111    787
  1112    787
  1113    787
  1114    787
  1115    787
  1116    787
  1117    787
  1118    787
  1131    787
  1132    787
  1133    787
  1134    787
  1135    787
  1136    787
  1137    787
  1138    787
  1139    787
  1140    787
  1141    787
  1142    787
  1153    787
  1154    787
  1155    787
  1156    787
  1157    787
  1158    787
  1159    787
  1160    787
  1161    787
  1162    787
  1163    787
  1164    787
  1165    787
  1105    788
  1106    788
  1107    788
  1108    788
  1109    788
  1110    788
  1111    788
  1112    788
  1113    788
  1114    788
  1115    788
  1116    788
  1117    788
  1129    788
  1130    788
  1131    788
  1132    788
  1133    788
  1134    788
  1135    788
  1136    788
  1137    788
  1138    788
  1139    788
  1140    788
  1141    788
  1149    788
  1152    788
  1153    788
  1154    788
  1155    788
  1156    788
  1157    788
  1158    788
  1159    788
  1160    788
  1161    788
  1162    788
  1163    788
  1164    788
  1103    789
  1104    789
  1105    789
  1106    789
  1107    789
  1108    789
  1109    789
  1110    789
  1111    789
  1112    789
  1113    789
  1114    789
  1115    789
  1128    789
  1129    789
  1130    789
  1131    789
  1132    789
  1133    789
  1134    789
  1135    789
  1136    789
  1137    789
  1138    789
  1139    789
  1140    789
  1150    789
  1151    789
  1152    789
  1153    789
  1154    789
  1155    789
  1156    789
  1157    789
  1158    789
  1159    789
  1160    789
  1161    789
  1162    789
  1101    790
  1102    790
  1103    790
  1104    790
  1105    790
  1106    790
  1107    790
  1108    790
  1109    790
  1110    790
  1111    790
  1112    790
  1113    790
  1114    790
  1127    790
  1128    790
  1129    790
  1130    790
  1131    790
  1132    790
  1133    790
  1134    790
  1135    790
  1136    790
  1137    790
  1138    790
  1149    790
  1150    790
  1151    790
  1152    790
  1153    790
  1154    790
  1155    790
  1156    790
  1157    790
  1158    790
  1159    790
  1160    790
  1161    790
  1099    791
  1100    791
  1101    791
  1102    791
  1103    791
  1104    791
  1105    791
  1106    791
  1107    791
  1108    791
  1109    791
  1110    791
  1111    791
  1112    791
  1126    791
  1127    791
  1128    791
  1129    791
  1130    791
  1131    791
  1132    791
  1133    791
  1134    791
  1135    791
  1136    791
  1147    791
  1148    791
  1149    791
  1150    791
  1151    791
  1152    791
  1153    791
  1154    791
  1155    791
  1156    791
  1157    791
  1158    791
  1159    791
  1160    791
  1098    792
  1099    792
  1100    792
  1101    792
  1102    792
  1103    792
  1104    792
  1105    792
  1106    792
  1107    792
  1108    792
  1109    792
  1110    792
  1124    792
  1125    792
  1126    792
  1127    792
  1128    792
  1129    792
  1130    792
  1131    792
  1132    792
  1133    792
  1134    792
  1135    792
  1146    792
  1147    792
  1148    792
  1149    792
  1150    792
  1151    792
  1152    792
  1153    792
  1154    792
  1155    792
  1156    792
  1157    792
  1158    792
  1159    792
  1096    793
  1097    793
  1098    793
  1099    793
  1100    793
  1101    793
  1102    793
  1103    793
  1104    793
  1105    793
  1106    793
  1107    793
  1108    793
  1109    793
  1123    793
  1124    793
  1125    793
  1126    793
  1127    793
  1128    793
  1129    793
  1130    793
  1131    793
  1132    793
  1133    793
  1134    793
  1145    793
  1146    793
  1147    793
  1148    793
  1149    793
  1150    793
  1151    793
  1152    793
  1153    793
  1154    793
  1155    793
  1156    793
  1157    793
  1158    793
  1094    794
  1095    794
  1096    794
  1097    794
  1098    794
  1099    794
  1100    794
  1101    794
  1102    794
  1103    794
  1104    794
  1105    794
  1106    794
  1107    794
  1121    794
  1122    794
  1123    794
  1124    794
  1125    794
  1126    794
  1127    794
  1128    794
  1129    794
  1130    794
  1131    794
  1132    794
  1133    794
  1144    794
  1145    794
  1146    794
  1147    794
  1148    794
  1149    794
  1150    794
  1151    794
  1152    794
  1153    794
  1154    794
  1155    794
  1156    794
  1157    794
  1093    795
  1094    795
  1095    795
  1096    795
  1097    795
  1098    795
  1099    795
  1100    795
  1101    795
  1102    795
  1103    795
  1104    795
  1105    795
  1120    795
  1121    795
  1122    795
  1123    795
  1124    795
  1125    795
  1126    795
  1127    795
  1128    795
  1129    795
  1130    795
  1131    795
  1143    795
  1144    795
  1145    795
  1146    795
  1147    795
  1148    795
  1149    795
  1150    795
  1151    795
  1152    795
  1153    795
  1154    795
  1155    795
  1156    795
  1091    796
  1092    796
  1093    796
  1094    796
  1095    796
  1096    796
  1097    796
  1098    796
  1099    796
  1100    796
  1101    796
  1102    796
  1103    796
  1104    796
  1118    796
  1119    796
  1120    796
  1121    796
  1122    796
  1123    796
  1124    796
  1125    796
  1126    796
  1127    796
  1128    796
  1129    796
  1130    796
  1142    796
  1143    796
  1144    796
  1145    796
  1146    796
  1147    796
  1148    796
  1149    796
  1150    796
  1151    796
  1152    796
  1153    796
  1154    796
  1155    796
  1090    797
  1091    797
  1092    797
  1093    797
  1094    797
  1095    797
  1096    797
  1097    797
  1098    797
  1099    797
  1100    797
  1101    797
  1102    797
  1103    797
  1117    797
  1118    797
  1119    797
  1120    797
  1121    797
  1122    797
  1123    797
  1124    797
  1125    797
  1126    797
  1127    797
  1128    797
  1140    797
  1141    797
  1142    797
  1143    797
  1144    797
  1145    797
  1146    797
  1147    797
  1148    797
  1149    797
  1150    797
  1151    797
  1152    797
  1153    797
  1154    797
  1088    798
  1089    798
  1090    798
  1091    798
  1092    798
  1093    798
  1094    798
  1095    798
  1096    798
  1097    798
  1098    798
  1099    798
  1100    798
  1101    798
  1102    798
  1116    798
  1117    798
  1118    798
  1119    798
  1120    798
  1121    798
  1122    798
  1123    798
  1124    798
  1125    798
  1126    798
  1127    798
  1139    798
  1140    798
  1141    798
  1142    798
  1143    798
  1144    798
  1145    798
  1146    798
  1147    798
  1148    798
  1149    798
  1150    798
  1151    798
  1152    798
  1153    798
  1086    799
  1087    799
  1088    799
  1089    799
  1090    799
  1091    799
  1092    799
  1093    799
  1094    799
  1095    799
  1096    799
  1097    799
  1098    799
  1099    799
  1100    799
  1114    799
  1115    799
  1116    799
  1117    799
  1118    799
  1119    799
  1120    799
  1121    799
  1122    799
  1123    799
  1124    799
  1125    799
  1126    799
  1138    799
  1139    799
  1140    799
  1141    799
  1142    799
  1143    799
  1144    799
  1145    799
  1146    799
  1147    799
  1148    799
  1149    799
  1150    799
  1151    799
  1152    799
  1085    800
  1086    800
  1087    800
  1088    800
  1089    800
  1090    800
  1091    800
  1092    800
  1093    800
  1094    800
  1095    800
  1096    800
  1097    800
  1098    800
  1099    800
  1113    800
  1114    800
  1115    800
  1116    800
  1117    800
  1118    800
  1119    800
  1120    800
  1121    800
  1122    800
  1123    800
  1124    800
  1125    800
  1137    800
  1138    800
  1139    800
  1140    800
  1141    800
  1142    800
  1143    800
  1144    800
  1145    800
  1146    800
  1147    800
  1148    800
  1149    800
  1150    800
  1151    800
  1084    801
  1085    801
  1086    801
  1087    801
  1088    801
  1089    801
  1090    801
  1091    801
  1092    801
  1093    801
  1094    801
  1095    801
  1096    801
  1097    801
  1111    801
  1112    801
  1113    801
  1114    801
  1115    801
  1116    801
  1117    801
  1118    801
  1119    801
  1120    801
  1121    801
  1122    801
  1123    801
  1124    801
  1136    801
  1137    801
  1138    801
  1139    801
  1140    801
  1141    801
  1142    801
  1143    801
  1144    801
  1145    801
  1146    801
  1147    801
  1148    801
  1149    801
  1150    801
  1083    802
  1084    802
  1085    802
  1086    802
  1087    802
  1088    802
  1089    802
  1090    802
  1091    802
  1092    802
  1093    802
  1094    802
  1095    802
  1096    802
  1110    802
  1111    802
  1112    802
  1113    802
  1114    802
  1115    802
  1116    802
  1117    802
  1118    802
  1119    802
  1120    802
  1121    802
  1122    802
  1123    802
  1135    802
  1136    802
  1137    802
  1138    802
  1139    802
  1140    802
  1141    802
  1142    802
  1143    802
  1144    802
  1145    802
  1146    802
  1147    802
  1148    802
  1081    803
  1082    803
  1083    803
  1084    803
  1085    803
  1086    803
  1087    803
  1088    803
  1089    803
  1090    803
  1091    803
  1092    803
  1093    803
  1094    803
  1095    803
  1109    803
  1110    803
  1111    803
  1112    803
  1113    803
  1114    803
  1115    803
  1116    803
  1117    803
  1118    803
  1119    803
  1120    803
  1121    803
  1134    803
  1135    803
  1136    803
  1137    803
  1138    803
  1139    803
  1140    803
  1141    803
  1142    803
  1143    803
  1144    803
  1145    803
  1146    803
  1147    803
  1080    804
  1081    804
  1082    804
  1083    804
  1084    804
  1085    804
  1086    804
  1087    804
  1088    804
  1089    804
  1090    804
  1091    804
  1092    804
  1093    804
  1094    804
  1107    804
  1108    804
  1109    804
  1110    804
  1111    804
  1112    804
  1113    804
  1114    804
  1115    804
  1116    804
  1117    804
  1118    804
  1119    804
  1120    804
  1133    804
  1134    804
  1135    804
  1136    804
  1137    804
  1138    804
  1139    804
  1140    804
  1141    804
  1142    804
  1143    804
  1144    804
  1145    804
  1146    804
  1080    805
  1081    805
  1082    805
  1083    805
  1084    805
  1085    805
  1086    805
  1087    805
  1088    805
  1089    805
  1090    805
  1091    805
  1092    805
  1093    805
  1107    805
  1108    805
  1109    805
  1110    805
  1111    805
  1112    805
  1113    805
  1114    805
  1115    805
  1116    805
  1117    805
  1118    805
  1132    805
  1133    805
  1134    805
  1135    805
  1136    805
  1137    805
  1138    805
  1139    805
  1140    805
  1141    805
  1142    805
  1143    805
  1144    805
  1145    805
  1106    806
  1107    806
  1108    806
  1109    806
  1110    806
  1111    806
  1112    806
  1113    806
  1114    806
  1115    806
  1116    806
  1117    806
  1135    806
  1136    806
  1137    806
  1138    806
  1139    806
  1141    806
  1142    806
  1105    807
  1106    807
  1107    807
  1108    807
  1109    807
  1110    807
  1111    807
  1112    807
  1113    807
  1114    807
  1115    807
  1116    807
  1103    808
  1104    808
  1105    808
  1106    808
  1107    808
  1108    808
  1109    808
  1110    808
  1111    808
  1112    808
  1113    808
  1114    808
  1115    808
  1102    809
  1103    809
  1104    809
  1105    809
  1106    809
  1107    809
  1108    809
  1109    809
  1110    809
  1111    809
  1112    809
  1113    809
  1114    809
  1115    809
  1101    810
  1102    810
  1103    810
  1104    810
  1105    810
  1106    810
  1107    810
  1108    810
  1109    810
  1110    810
  1111    810
  1112    810
  1113    810
  1100    811
  1101    811
  1102    811
  1103    811
  1104    811
  1105    811
  1106    811
  1107    811
  1108    811
  1109    811
  1110    811
  1111    811
  1112    811
  1100    812
  1101    812
  1102    812
  1103    812
  1104    812
  1105    812
  1106    812
  1107    812
  1108    812
  1110    812
  1111    812
