  1423    714
  1424    714
  1425    714
  1426    714
  1427    714
  1404    715
  1407    715
  1408    715
  1409    715
  1410    715
  1411    715
  1412    715
  1413    715
  1424    715
  1425    715
  1426    715
  1427    715
  1397    716
  1398    716
  1399    716
  1400    716
  1401    716
  1402    716
  1403    716
  1404    716
  1405    716
  1406    716
  1407    716
  1408    716
  1409    716
  1410    716
  1411    716
  1394    717
  1395    717
  1396    717
  1397    717
  1398    717
  1405    717
  1406    717
  1407    717
  1408    717
  1409    717
  1410    717
  1387    718
  1388    718
  1389    718
  1390    718
  1391    718
  1392    718
  1400    718
  1401    718
  1402    718
  1403    718
  1404    718
  1367    719
  1368    719
  1369    719
  1370    719
  1376    720
  1372    721
  1373    721
  1368    722
  1370    722
  1371    722
  1372    722
  1373    722
  1355    723
  1356    723
  1357    723
  1358    723
  1364    723
  1365    723
  1366    723
  1367    723
  1368    723
  1369    723
  1370    723
  1332    724
  1358    724
  1359    724
  1322    725
  1323    725
  1324    725
  1325    725
  1326    725
  1327    725
  1328    725
  1329    725
  1330    725
  1331    725
  1332    725
  1333    725
  1340    725
  1341    725
  1342    725
  1343    725
  1344    725
  1351    725
  1352    725
  1355    725
  1356    725
  1357    725
  1313    726
  1314    726
  1315    726
  1316    726
  1317    726
  1318    726
  1319    726
  1320    726
  1321    726
  1322    726
  1323    726
  1324    726
  1325    726
  1336    726
  1337    726
  1286    727
  1302    727
  1303    727
  1304    727
  1305    727
  1306    727
  1307    727
  1308    727
  1309    727
  1310    727
  1311    727
  1312    727
  1313    727
  1314    727
  1315    727
  1316    727
  1317    727
  1318    727
  1319    727
  1320    727
  1329    727
  1330    727
  1331    727
  1332    727
  1340    727
  1341    727
  1342    727
  1343    727
  1284    728
  1285    728
  1286    728
  1287    728
  1288    728
  1289    728
  1321    728
  1322    728
  1323    728
  1324    728
  1316    729
  1317    729
  1318    729
  1319    729
  1269    730
  1270    730
  1271    730
  1272    730
  1273    730
  1274    730
  1308    730
  1309    730
  1310    730
  1311    730
  1312    730
  1313    730
  1290    731
  1291    731
  1292    731
  1293    731
  1294    731
  1295    731
  1302    731
  1303    731
  1304    731
  1305    731
  1306    731
  1307    731
  1308    731
  1309    731
  1316    731
  1317    731
  1318    731
  1319    731
  1320    731
  1283    732
  1284    732
  1285    732
  1286    732
  1287    732
  1288    732
  1289    732
  1290    732
  1298    732
  1299    732
  1300    732
  1301    732
  1302    732
  1303    732
  1310    732
  1311    732
  1312    732
  1313    732
  1314    732
  1315    732
  1316    732
  1317    732
  1278    733
  1279    733
  1280    733
  1281    733
  1282    733
  1283    733
  1284    733
  1285    733
  1292    733
  1293    733
  1294    733
  1295    733
  1296    733
  1297    733
  1298    733
  1306    733
  1307    733
  1308    733
  1309    733
  1310    733
  1311    733
  1312    733
  1272    734
  1273    734
  1274    734
  1275    734
  1276    734
  1277    734
  1278    734
  1279    734
  1286    734
  1287    734
  1288    734
  1289    734
  1290    734
  1291    734
  1292    734
  1300    734
  1301    734
  1302    734
  1303    734
  1305    734
  1306    734
  1266    735
  1267    735
  1268    735
  1269    735
  1270    735
  1271    735
  1272    735
  1273    735
  1282    735
  1283    735
  1284    735
  1285    735
  1286    735
  1287    735
  1295    735
  1296    735
  1297    735
  1298    735
  1299    735
  1300    735
  1301    735
  1302    735
  1261    736
  1262    736
  1263    736
  1264    736
  1265    736
  1266    736
  1267    736
  1268    736
  1276    736
  1277    736
  1278    736
  1279    736
  1280    736
  1281    736
  1282    736
  1291    736
  1292    736
  1293    736
  1294    736
  1295    736
  1296    736
  1297    736
  1298    736
  1255    737
  1256    737
  1257    737
  1258    737
  1259    737
  1260    737
  1261    737
  1262    737
  1263    737
  1264    737
  1271    737
  1272    737
  1273    737
  1274    737
  1277    737
  1278    737
  1285    737
  1286    737
  1287    737
  1288    737
  1289    737
  1290    737
  1291    737
  1292    737
  1253    738
  1254    738
  1255    738
  1256    738
  1257    738
  1267    738
  1268    738
  1269    738
  1270    738
  1271    738
  1272    738
  1280    738
  1281    738
  1282    738
  1283    738
  1284    738
  1285    738
  1286    738
  1287    738
  1261    739
  1262    739
  1263    739
  1264    739
  1265    739
  1266    739
  1267    739
  1256    740
  1257    740
  1258    740
  1259    740
  1260    740
  1261    740
  1262    740
  1263    740
  1252    741
  1253    741
  1254    741
  1255    741
  1256    741
  1257    741
  1258    741
  1259    741
  1233    742
  1234    742
  1235    742
  1236    742
  1237    742
  1238    742
  1239    742
  1240    742
  1248    742
  1249    742
  1250    742
  1251    742
  1252    742
  1253    742
  1254    742
  1255    742
  1263    742
  1264    742
  1265    742
  1266    742
  1267    742
  1228    743
  1229    743
  1230    743
  1231    743
  1232    743
  1233    743
  1234    743
  1235    743
  1236    743
  1244    743
  1245    743
  1246    743
  1247    743
  1248    743
  1249    743
  1250    743
  1251    743
  1259    743
  1260    743
  1261    743
  1262    743
  1263    743
  1224    744
  1225    744
  1226    744
  1227    744
  1228    744
  1229    744
  1230    744
  1231    744
  1232    744
  1240    744
  1241    744
  1242    744
  1243    744
  1244    744
  1245    744
  1246    744
  1247    744
  1255    744
  1256    744
  1257    744
  1258    744
  1259    744
  1260    744
  1261    744
  1262    744
  1263    744
  1220    745
  1221    745
  1222    745
  1223    745
  1224    745
  1225    745
  1226    745
  1227    745
  1236    745
  1237    745
  1238    745
  1239    745
  1240    745
  1241    745
  1242    745
  1243    745
  1251    745
  1252    745
  1253    745
  1254    745
  1255    745
  1256    745
  1257    745
  1258    745
  1259    745
  1215    746
  1216    746
  1217    746
  1218    746
  1219    746
  1220    746
  1221    746
  1222    746
  1223    746
  1224    746
  1232    746
  1233    746
  1234    746
  1235    746
  1236    746
  1237    746
  1238    746
  1239    746
  1248    746
  1249    746
  1250    746
  1251    746
  1252    746
  1253    746
  1254    746
  1255    746
  1212    747
  1213    747
  1214    747
  1215    747
  1216    747
  1217    747
  1218    747
  1219    747
  1229    747
  1230    747
  1231    747
  1232    747
  1233    747
  1234    747
  1235    747
  1236    747
  1245    747
  1246    747
  1247    747
  1248    747
  1249    747
  1250    747
  1251    747
  1252    747
  1208    748
  1209    748
  1210    748
  1211    748
  1212    748
  1213    748
  1214    748
  1215    748
  1225    748
  1226    748
  1227    748
  1228    748
  1229    748
  1230    748
  1231    748
  1232    748
  1240    748
  1241    748
  1242    748
  1243    748
  1244    748
  1245    748
  1246    748
  1247    748
  1248    748
  1204    749
  1205    749
  1206    749
  1207    749
  1208    749
  1209    749
  1210    749
  1211    749
  1212    749
  1221    749
  1222    749
  1223    749
  1224    749
  1225    749
  1226    749
  1227    749
  1228    749
  1238    749
  1239    749
  1240    749
  1241    749
  1242    749
  1243    749
  1244    749
  1245    749
  1201    750
  1202    750
  1203    750
  1204    750
  1205    750
  1206    750
  1207    750
  1208    750
  1218    750
  1219    750
  1220    750
  1221    750
  1222    750
  1223    750
  1224    750
  1234    750
  1235    750
  1236    750
  1237    750
  1238    750
  1239    750
  1240    750
  1241    750
  1242    750
  1196    751
  1197    751
  1198    751
  1199    751
  1200    751
  1201    751
  1202    751
  1203    751
  1204    751
  1205    751
  1214    751
  1215    751
  1216    751
  1217    751
  1218    751
  1219    751
  1220    751
  1221    751
  1222    751
  1232    751
  1233    751
  1234    751
  1235    751
  1236    751
  1237    751
  1238    751
  1239    751
  1195    752
  1196    752
  1197    752
  1198    752
  1199    752
  1200    752
  1201    752
  1210    752
  1211    752
  1212    752
  1213    752
  1234    752
  1235    752
  1236    752
  1208    753
  1209    753
  1210    753
  1211    753
  1232    753
  1233    753
  1204    754
  1205    754
  1206    754
  1207    754
  1208    754
  1209    754
  1210    754
  1211    754
  1212    754
  1201    755
  1202    755
  1203    755
  1204    755
  1205    755
  1206    755
  1207    755
  1208    755
  1209    755
  1199    756
  1200    756
  1201    756
  1202    756
  1203    756
  1204    756
  1205    756
  1206    756
  1196    757
  1197    757
  1198    757
  1199    757
  1200    757
  1201    757
  1202    757
  1203    757
  1204    757
  1174    758
  1175    758
  1176    758
  1177    758
  1178    758
  1179    758
  1193    758
  1194    758
  1195    758
  1196    758
  1197    758
  1198    758
  1199    758
  1200    758
  1201    758
  1212    758
  1213    758
  1214    758
  1215    758
  1216    758
  1171    759
  1172    759
  1173    759
  1174    759
  1175    759
  1176    759
  1177    759
  1178    759
  1179    759
  1180    759
  1181    759
  1190    759
  1191    759
  1192    759
  1193    759
  1194    759
  1195    759
  1196    759
  1197    759
  1198    759
  1209    759
  1210    759
  1211    759
  1212    759
  1213    759
  1214    759
  1215    759
  1216    759
  1168    760
  1169    760
  1170    760
  1171    760
  1172    760
  1173    760
  1174    760
  1175    760
  1176    760
  1177    760
  1178    760
  1187    760
  1188    760
  1189    760
  1190    760
  1191    760
  1192    760
  1193    760
  1194    760
  1195    760
  1207    760
  1208    760
  1209    760
  1210    760
  1211    760
  1212    760
  1213    760
  1214    760
  1215    760
  1216    760
  1165    761
  1166    761
  1167    761
  1168    761
  1169    761
  1170    761
  1171    761
  1172    761
  1173    761
  1174    761
  1185    761
  1186    761
  1187    761
  1188    761
  1189    761
  1190    761
  1191    761
  1192    761
  1193    761
  1204    761
  1205    761
  1206    761
  1207    761
  1208    761
  1209    761
  1210    761
  1211    761
  1212    761
  1213    761
  1163    762
  1164    762
  1165    762
  1166    762
  1167    762
  1168    762
  1169    762
  1170    762
  1171    762
  1172    762
  1182    762
  1183    762
  1184    762
  1185    762
  1186    762
  1187    762
  1188    762
  1189    762
  1190    762
  1191    762
  1201    762
  1202    762
  1203    762
  1204    762
  1205    762
  1206    762
  1207    762
  1208    762
  1209    762
  1210    762
  1211    762
  1160    763
  1161    763
  1162    763
  1163    763
  1164    763
  1165    763
  1166    763
  1167    763
  1168    763
  1169    763
  1170    763
  1180    763
  1181    763
  1182    763
  1183    763
  1184    763
  1185    763
  1186    763
  1187    763
  1188    763
  1199    763
  1200    763
  1201    763
  1202    763
  1203    763
  1204    763
  1205    763
  1206    763
  1207    763
  1208    763
  1158    764
  1159    764
  1160    764
  1161    764
  1162    764
  1163    764
  1164    764
  1165    764
  1166    764
  1167    764
  1178    764
  1179    764
  1180    764
  1181    764
  1182    764
  1183    764
  1184    764
  1185    764
  1186    764
  1197    764
  1198    764
  1199    764
  1200    764
  1201    764
  1202    764
  1203    764
  1204    764
  1205    764
  1206    764
  1156    765
  1157    765
  1158    765
  1159    765
  1160    765
  1161    765
  1162    765
  1163    765
  1164    765
  1165    765
  1175    765
  1176    765
  1177    765
  1178    765
  1179    765
  1180    765
  1181    765
  1182    765
  1183    765
  1184    765
  1194    765
  1195    765
  1196    765
  1197    765
  1198    765
  1199    765
  1200    765
  1201    765
  1202    765
  1203    765
  1204    765
  1153    766
  1154    766
  1155    766
  1156    766
  1157    766
  1158    766
  1159    766
  1160    766
  1161    766
  1162    766
  1163    766
  1173    766
  1174    766
  1175    766
  1176    766
  1177    766
  1178    766
  1179    766
  1180    766
  1181    766
  1182    766
  1193    766
  1194    766
  1195    766
  1196    766
  1197    766
  1198    766
  1199    766
  1200    766
  1201    766
  1202    766
  1203    766
  1151    767
  1152    767
  1153    767
  1154    767
  1155    767
  1156    767
  1157    767
  1158    767
  1159    767
  1160    767
  1161    767
  1171    767
  1172    767
  1173    767
  1174    767
  1175    767
  1176    767
  1177    767
  1178    767
  1179    767
  1180    767
  1191    767
  1192    767
  1193    767
  1194    767
  1195    767
  1196    767
  1197    767
  1198    767
  1199    767
  1200    767
  1201    767
  1148    768
  1149    768
  1150    768
  1151    768
  1152    768
  1153    768
  1154    768
  1155    768
  1156    768
  1157    768
  1158    768
  1169    768
  1170    768
  1171    768
  1172    768
  1173    768
  1174    768
  1175    768
  1176    768
  1177    768
  1189    768
  1190    768
  1191    768
  1192    768
  1193    768
  1194    768
  1195    768
  1196    768
  1197    768
  1198    768
  1199    768
  1146    769
  1147    769
  1148    769
  1149    769
  1150    769
  1151    769
  1152    769
  1153    769
  1154    769
  1155    769
  1156    769
  1167    769
  1168    769
  1169    769
  1170    769
  1171    769
  1172    769
  1173    769
  1174    769
  1175    769
  1176    769
  1188    769
  1189    769
  1190    769
  1191    769
  1192    769
  1193    769
  1194    769
  1195    769
  1196    769
  1197    769
  1144    770
  1145    770
  1146    770
  1147    770
  1148    770
  1149    770
  1150    770
  1151    770
  1152    770
  1153    770
  1154    770
  1165    770
  1166    770
  1167    770
  1168    770
  1169    770
  1170    770
  1171    770
  1172    770
  1173    770
  1174    770
  1186    770
  1187    770
  1188    770
  1189    770
  1190    770
  1191    770
  1192    770
  1193    770
  1194    770
  1195    770
  1142    771
  1143    771
  1144    771
  1145    771
  1146    771
  1147    771
  1148    771
  1149    771
  1150    771
  1151    771
  1152    771
  1163    771
  1164    771
  1165    771
  1166    771
  1167    771
  1168    771
  1169    771
  1170    771
  1171    771
  1172    771
  1184    771
  1185    771
  1186    771
  1187    771
  1188    771
  1189    771
  1190    771
  1191    771
  1192    771
  1193    771
  1194    771
  1140    772
  1141    772
  1142    772
  1143    772
  1144    772
  1145    772
  1146    772
  1147    772
  1148    772
  1149    772
  1150    772
  1161    772
  1162    772
  1163    772
  1164    772
  1165    772
  1166    772
  1167    772
  1168    772
  1169    772
  1170    772
  1182    772
  1183    772
  1184    772
  1185    772
  1186    772
  1187    772
  1188    772
  1189    772
  1190    772
  1191    772
  1192    772
  1140    773
  1141    773
  1142    773
  1143    773
  1144    773
  1145    773
  1146    773
  1147    773
  1148    773
  1159    773
  1160    773
  1161    773
  1162    773
  1163    773
  1164    773
  1165    773
  1166    773
  1167    773
  1168    773
  1169    773
  1182    773
  1183    773
  1184    773
  1185    773
  1186    773
  1187    773
  1188    773
  1189    773
  1190    773
  1191    773
  1158    774
  1159    774
  1160    774
  1161    774
  1162    774
  1163    774
  1164    774
  1165    774
  1166    774
  1167    774
  1181    774
  1182    774
  1183    774
  1184    774
  1185    774
  1186    774
  1187    774
  1188    774
  1189    774
  1156    775
  1157    775
  1158    775
  1159    775
  1160    775
  1161    775
  1162    775
  1163    775
  1164    775
  1165    775
  1155    776
  1156    776
  1157    776
  1158    776
  1159    776
  1160    776
  1161    776
  1162    776
  1163    776
  1152    777
  1153    777
  1154    777
  1155    777
  1156    777
  1157    777
  1158    777
  1159    777
  1160    777
  1161    777
  1162    777
  1151    778
  1152    778
  1153    778
  1154    778
  1155    778
  1156    778
  1157    778
  1158    778
  1159    778
  1160    778
  1149    779
  1150    779
  1151    779
  1152    779
  1153    779
  1154    779
  1155    779
  1156    779
  1157    779
  1158    779
  1147    780
  1148    780
  1149    780
  1150    780
  1151    780
  1152    780
  1153    780
  1154    780
  1155    780
  1156    780
  1157    780
  1125    781
  1126    781
  1127    781
  1145    781
  1146    781
  1147    781
  1148    781
  1149    781
  1150    781
  1151    781
  1152    781
  1153    781
  1154    781
  1155    781
  1121    782
  1122    782
  1123    782
  1124    782
  1125    782
  1126    782
  1127    782
  1128    782
  1129    782
  1144    782
  1145    782
  1146    782
  1147    782
  1148    782
  1149    782
  1150    782
  1151    782
  1152    782
  1153    782
  1165    782
  1166    782
  1167    782
  1168    782
  1169    782
  1170    782
  1171    782
  1172    782
  1173    782
  1174    782
  1118    783
  1119    783
  1120    783
  1121    783
  1122    783
  1123    783
  1124    783
  1125    783
  1126    783
  1127    783
  1128    783
  1129    783
  1142    783
  1143    783
  1144    783
  1145    783
  1146    783
  1147    783
  1148    783
  1149    783
  1150    783
  1151    783
  1152    783
  1164    783
  1165    783
  1166    783
  1167    783
  1168    783
  1169    783
  1170    783
  1171    783
  1172    783
  1173    783
  1174    783
  1116    784
  1117    784
  1118    784
  1119    784
  1120    784
  1121    784
  1122    784
  1123    784
  1124    784
  1125    784
  1126    784
  1127    784
  1140    784
  1141    784
  1142    784
  1143    784
  1144    784
  1145    784
  1146    784
  1147    784
  1148    784
  1149    784
  1150    784
  1162    784
  1163    784
  1164    784
  1165    784
  1166    784
  1167    784
  1168    784
  1169    784
  1170    784
  1171    784
  1172    784
  1173    784
  1114    785
  1115    785
  1116    785
  1117    785
  1118    785
  1119    785
  1120    785
  1121    785
  1122    785
  1123    785
  1124    785
  1125    785
  1126    785
  1139    785
  1140    785
  1141    785
  1142    785
  1143    785
  1144    785
  1145    785
  1146    785
  1147    785
  1148    785
  1149    785
  1161    785
  1162    785
  1163    785
  1164    785
  1165    785
  1166    785
  1167    785
  1168    785
  1169    785
  1170    785
  1171    785
  1172    785
  1113    786
  1114    786
  1115    786
  1116    786
  1117    786
  1118    786
  1119    786
  1120    786
  1121    786
  1122    786
  1123    786
  1124    786
  1137    786
  1138    786
  1139    786
  1140    786
  1141    786
  1142    786
  1143    786
  1144    786
  1145    786
  1146    786
  1147    786
  1159    786
  1160    786
  1161    786
  1162    786
  1163    786
  1164    786
  1165    786
  1166    786
  1167    786
  1168    786
  1169    786
  1170    786
  1171    786
  1111    787
  1112    787
  1113    787
  1114    787
  1115    787
  1116    787
  1117    787
  1118    787
  1119    787
  1120    787
  1121    787
  1122    787
  1136    787
  1137    787
  1138    787
  1139    787
  1140    787
  1141    787
  1142    787
  1143    787
  1144    787
  1145    787
  1146    787
  1158    787
  1159    787
  1160    787
  1161    787
  1162    787
  1163    787
  1164    787
  1165    787
  1166    787
  1167    787
  1168    787
  1169    787
  1109    788
  1110    788
  1111    788
  1112    788
  1113    788
  1114    788
  1115    788
  1116    788
  1117    788
  1118    788
  1119    788
  1120    788
  1121    788
  1134    788
  1135    788
  1136    788
  1137    788
  1138    788
  1139    788
  1140    788
  1141    788
  1142    788
  1143    788
  1144    788
  1156    788
  1157    788
  1158    788
  1159    788
  1160    788
  1161    788
  1162    788
  1163    788
  1164    788
  1165    788
  1166    788
  1167    788
  1168    788
  1107    789
  1108    789
  1109    789
  1110    789
  1111    789
  1112    789
  1113    789
  1114    789
  1115    789
  1116    789
  1117    789
  1118    789
  1119    789
  1132    789
  1133    789
  1134    789
  1135    789
  1136    789
  1137    789
  1138    789
  1139    789
  1140    789
  1141    789
  1142    789
  1143    789
  1154    789
  1155    789
  1156    789
  1157    789
  1158    789
  1159    789
  1160    789
  1161    789
  1162    789
  1163    789
  1164    789
  1165    789
  1166    789
  1167    789
  1105    790
  1106    790
  1107    790
  1108    790
  1109    790
  1110    790
  1111    790
  1112    790
  1113    790
  1114    790
  1115    790
  1116    790
  1117    790
  1131    790
  1132    790
  1133    790
  1134    790
  1135    790
  1136    790
  1137    790
  1138    790
  1139    790
  1140    790
  1141    790
  1142    790
  1153    790
  1154    790
  1155    790
  1156    790
  1157    790
  1158    790
  1159    790
  1160    790
  1161    790
  1162    790
  1163    790
  1164    790
  1165    790
  1103    791
  1104    791
  1105    791
  1106    791
  1107    791
  1108    791
  1109    791
  1110    791
  1111    791
  1112    791
  1113    791
  1114    791
  1115    791
  1116    791
  1130    791
  1131    791
  1132    791
  1133    791
  1134    791
  1135    791
  1136    791
  1137    791
  1138    791
  1139    791
  1140    791
  1141    791
  1152    791
  1153    791
  1154    791
  1155    791
  1156    791
  1157    791
  1158    791
  1159    791
  1160    791
  1161    791
  1162    791
  1163    791
  1164    791
  1102    792
  1103    792
  1104    792
  1105    792
  1106    792
  1107    792
  1108    792
  1109    792
  1110    792
  1111    792
  1112    792
  1113    792
  1114    792
  1129    792
  1130    792
  1131    792
  1132    792
  1133    792
  1134    792
  1135    792
  1136    792
  1137    792
  1138    792
  1139    792
  1151    792
  1152    792
  1153    792
  1154    792
  1155    792
  1156    792
  1157    792
  1158    792
  1159    792
  1160    792
  1161    792
  1162    792
  1163    792
  1100    793
  1101    793
  1102    793
  1103    793
  1104    793
  1105    793
  1106    793
  1107    793
  1108    793
  1109    793
  1110    793
  1111    793
  1112    793
  1113    793
  1127    793
  1128    793
  1129    793
  1130    793
  1131    793
  1132    793
  1133    793
  1134    793
  1135    793
  1136    793
  1137    793
  1138    793
  1149    793
  1150    793
  1151    793
  1152    793
  1153    793
  1154    793
  1155    793
  1156    793
  1157    793
  1158    793
  1159    793
  1160    793
  1161    793
  1162    793
  1099    794
  1100    794
  1101    794
  1102    794
  1103    794
  1104    794
  1105    794
  1106    794
  1107    794
  1108    794
  1109    794
  1110    794
  1111    794
  1126    794
  1127    794
  1128    794
  1129    794
  1130    794
  1131    794
  1132    794
  1133    794
  1134    794
  1135    794
  1136    794
  1137    794
  1148    794
  1149    794
  1150    794
  1151    794
  1152    794
  1153    794
  1154    794
  1155    794
  1156    794
  1157    794
  1158    794
  1159    794
  1160    794
  1161    794
  1097    795
  1098    795
  1099    795
  1100    795
  1101    795
  1102    795
  1103    795
  1104    795
  1105    795
  1106    795
  1107    795
  1108    795
  1109    795
  1110    795
  1124    795
  1125    795
  1126    795
  1127    795
  1128    795
  1129    795
  1130    795
  1131    795
  1132    795
  1133    795
  1134    795
  1135    795
  1136    795
  1147    795
  1148    795
  1149    795
  1150    795
  1151    795
  1152    795
  1153    795
  1154    795
  1155    795
  1156    795
  1157    795
  1158    795
  1159    795
  1160    795
  1096    796
  1097    796
  1098    796
  1099    796
  1100    796
  1101    796
  1102    796
  1103    796
  1104    796
  1105    796
  1106    796
  1107    796
  1108    796
  1123    796
  1124    796
  1125    796
  1126    796
  1127    796
  1128    796
  1129    796
  1130    796
  1131    796
  1132    796
  1133    796
  1134    796
  1146    796
  1147    796
  1148    796
  1149    796
  1150    796
  1151    796
  1152    796
  1153    796
  1154    796
  1155    796
  1156    796
  1157    796
  1158    796
  1159    796
  1094    797
  1095    797
  1096    797
  1097    797
  1098    797
  1099    797
  1100    797
  1101    797
  1102    797
  1103    797
  1104    797
  1105    797
  1106    797
  1107    797
  1121    797
  1122    797
  1123    797
  1124    797
  1125    797
  1126    797
  1127    797
  1128    797
  1129    797
  1130    797
  1131    797
  1132    797
  1133    797
  1145    797
  1146    797
  1147    797
  1148    797
  1149    797
  1150    797
  1151    797
  1152    797
  1153    797
  1154    797
  1155    797
  1156    797
  1157    797
  1158    797
  1093    798
  1094    798
  1095    798
  1096    798
  1097    798
  1098    798
  1099    798
  1100    798
  1101    798
  1102    798
  1103    798
  1104    798
  1105    798
  1106    798
  1120    798
  1121    798
  1122    798
  1123    798
  1124    798
  1125    798
  1126    798
  1127    798
  1128    798
  1129    798
  1130    798
  1131    798
  1132    798
  1144    798
  1145    798
  1146    798
  1147    798
  1148    798
  1149    798
  1150    798
  1151    798
  1152    798
  1153    798
  1154    798
  1155    798
  1156    798
  1157    798
  1091    799
  1092    799
  1093    799
  1094    799
  1095    799
  1096    799
  1097    799
  1098    799
  1099    799
  1100    799
  1101    799
  1102    799
  1103    799
  1104    799
  1119    799
  1120    799
  1121    799
  1122    799
  1123    799
  1124    799
  1125    799
  1126    799
  1127    799
  1128    799
  1129    799
  1130    799
  1143    799
  1144    799
  1145    799
  1146    799
  1147    799
  1148    799
  1149    799
  1150    799
  1151    799
  1152    799
  1153    799
  1154    799
  1155    799
  1156    799
  1090    800
  1091    800
  1092    800
  1093    800
  1094    800
  1095    800
  1096    800
  1097    800
  1098    800
  1099    800
  1100    800
  1101    800
  1102    800
  1103    800
  1118    800
  1119    800
  1120    800
  1121    800
  1122    800
  1123    800
  1124    800
  1125    800
  1126    800
  1127    800
  1128    800
  1129    800
  1142    800
  1143    800
  1144    800
  1145    800
  1146    800
  1147    800
  1148    800
  1149    800
  1150    800
  1151    800
  1152    800
  1153    800
  1154    800
  1155    800
  1088    801
  1089    801
  1090    801
  1091    801
  1092    801
  1093    801
  1094    801
  1095    801
  1096    801
  1097    801
  1098    801
  1099    801
  1100    801
  1101    801
  1102    801
  1117    801
  1118    801
  1119    801
  1120    801
  1121    801
  1122    801
  1123    801
  1124    801
  1125    801
  1126    801
  1127    801
  1128    801
  1141    801
  1142    801
  1143    801
  1144    801
  1145    801
  1146    801
  1147    801
  1148    801
  1149    801
  1150    801
  1151    801
  1152    801
  1153    801
  1154    801
  1086    802
  1087    802
  1088    802
  1089    802
  1090    802
  1091    802
  1092    802
  1093    802
  1094    802
  1095    802
  1096    802
  1097    802
  1098    802
  1099    802
  1100    802
  1115    802
  1116    802
  1117    802
  1118    802
  1119    802
  1120    802
  1121    802
  1122    802
  1123    802
  1124    802
  1125    802
  1126    802
  1127    802
  1140    802
  1141    802
  1142    802
  1143    802
  1144    802
  1145    802
  1146    802
  1147    802
  1148    802
  1149    802
  1150    802
  1151    802
  1152    802
  1153    802
  1085    803
  1086    803
  1087    803
  1088    803
  1089    803
  1090    803
  1091    803
  1092    803
  1093    803
  1094    803
  1095    803
  1096    803
  1097    803
  1098    803
  1114    803
  1115    803
  1116    803
  1117    803
  1118    803
  1119    803
  1120    803
  1121    803
  1122    803
  1123    803
  1124    803
  1125    803
  1126    803
  1139    803
  1140    803
  1141    803
  1142    803
  1143    803
  1144    803
  1145    803
  1146    803
  1147    803
  1148    803
  1149    803
  1150    803
  1151    803
  1152    803
  1084    804
  1085    804
  1086    804
  1087    804
  1088    804
  1089    804
  1090    804
  1091    804
  1092    804
  1093    804
  1094    804
  1095    804
  1096    804
  1097    804
  1098    804
  1112    804
  1113    804
  1114    804
  1115    804
  1116    804
  1117    804
  1118    804
  1119    804
  1120    804
  1121    804
  1122    804
  1123    804
  1124    804
  1138    804
  1139    804
  1140    804
  1142    804
  1143    804
  1144    804
  1145    804
  1146    804
  1147    804
  1148    804
  1149    804
  1150    804
  1151    804
  1083    805
  1084    805
  1085    805
  1086    805
  1087    805
  1088    805
  1089    805
  1090    805
  1091    805
  1092    805
  1093    805
  1094    805
  1095    805
  1096    805
  1111    805
  1112    805
  1113    805
  1114    805
  1115    805
  1116    805
  1117    805
  1118    805
  1119    805
  1120    805
  1121    805
  1122    805
  1123    805
  1137    805
  1138    805
  1139    805
  1141    805
  1142    805
  1143    805
  1144    805
  1145    805
  1146    805
  1147    805
  1148    805
  1149    805
  1150    805
  1082    806
  1083    806
  1084    806
  1085    806
  1086    806
  1087    806
  1088    806
  1089    806
  1090    806
  1091    806
  1092    806
  1093    806
  1094    806
  1095    806
  1110    806
  1111    806
  1112    806
  1113    806
  1114    806
  1115    806
  1116    806
  1117    806
  1118    806
  1119    806
  1120    806
  1121    806
  1122    806
  1136    806
  1137    806
  1138    806
  1141    806
  1142    806
  1143    806
  1144    806
  1145    806
  1146    806
  1147    806
  1148    806
  1149    806
  1083    807
  1084    807
  1085    807
  1086    807
  1087    807
  1088    807
  1089    807
  1090    807
  1091    807
  1092    807
  1093    807
  1094    807
  1109    807
  1110    807
  1111    807
  1112    807
  1113    807
  1114    807
  1115    807
  1116    807
  1117    807
  1118    807
  1119    807
  1120    807
  1136    807
  1137    807
  1138    807
  1139    807
  1140    807
  1141    807
  1142    807
  1143    807
  1144    807
  1145    807
  1146    807
  1147    807
  1148    807
  1108    808
  1109    808
  1110    808
  1111    808
  1112    808
  1113    808
  1114    808
  1115    808
  1116    808
  1117    808
  1118    808
  1137    808
  1138    808
  1139    808
  1140    808
  1141    808
  1142    808
  1143    808
  1108    809
  1109    809
  1110    809
  1111    809
  1112    809
  1113    809
  1114    809
  1115    809
  1116    809
