  1055    739
  1056    739
  1057    739
  1050    740
  1051    740
  1052    740
  1053    740
  1059    740
  1060    740
  1061    740
  1046    741
  1047    741
  1048    741
  1054    741
  1055    741
  1056    741
  1041    742
  1042    742
  1043    742
  1044    742
  1051    742
  1037    743
  1038    743
  1039    743
  1040    743
  1041    743
  1042    743
  1043    743
  1044    743
  1045    743
  1046    743
  1047    743
  1033    744
  1034    744
  1035    744
  1036    744
  1040    744
  1041    744
  1042    744
  1028    745
  1029    745
  1030    745
  1031    745
  1032    745
  1033    745
  1036    745
  1037    745
  1038    745
  1024    746
  1025    746
  1026    746
  1027    746
  1028    746
  1029    746
  1031    746
  1032    746
  1033    746
  1034    746
  1020    747
  1021    747
  1022    747
  1023    747
  1028    747
  1029    747
  1030    747
  1016    748
  1017    748
  1018    748
  1019    748
  1024    748
  1025    748
  1026    748
  1013    749
  1014    749
  1015    749
  1016    749
  1017    749
  1022    749
  1023    749
  1009    750
  1010    750
  1011    750
  1012    750
  1013    750
  1014    750
  1017    750
  1018    750
  1004    751
  1005    751
  1006    751
  1007    751
  1008    751
  1009    751
  1010    751
  1011    751
  1012    751
  1013    751
  1014    751
  1015    751
  1002    752
  1003    752
  1004    752
  1005    752
  1006    752
  1007    752
  1008    752
  1010    752
  1011    752
  1012    752
   998    753
   999    753
  1000    753
  1001    753
  1002    753
  1003    753
  1004    753
  1005    753
  1006    753
  1007    753
  1008    753
   994    754
   995    754
   996    754
   997    754
   998    754
   999    754
  1000    754
  1001    754
  1002    754
  1003    754
  1004    754
  1005    754
  1006    754
   992    755
   993    755
   994    755
   995    755
   996    755
   997    755
   998    755
   999    755
  1000    755
  1001    755
  1002    755
  1003    755
   989    756
   990    756
   991    756
   992    756
   993    756
   994    756
   995    756
   996    756
   997    756
   998    756
   999    756
  1000    756
   986    757
   987    757
   988    757
   989    757
   990    757
   991    757
   992    757
   993    757
   994    757
   995    757
   996    757
   997    757
   983    758
   984    758
   985    758
   986    758
   987    758
   988    758
   989    758
   990    758
   991    758
   992    758
   993    758
   994    758
   980    759
   981    759
   982    759
   983    759
   984    759
   985    759
   986    759
   987    759
   988    759
   989    759
   990    759
   991    759
   977    760
   978    760
   979    760
   980    760
   981    760
   982    760
   983    760
   984    760
   985    760
   986    760
   987    760
   988    760
   989    760
   974    761
   975    761
   976    761
   977    761
   978    761
   979    761
   980    761
   981    761
   982    761
   983    761
   984    761
   985    761
   986    761
   972    762
   973    762
   974    762
   975    762
   976    762
   977    762
   978    762
   979    762
   980    762
   981    762
   982    762
   983    762
   969    763
   970    763
   971    763
   972    763
   973    763
   974    763
   975    763
   976    763
   977    763
   978    763
   979    763
   980    763
   967    764
   968    764
   969    764
   970    764
   971    764
   972    764
   973    764
   974    764
   975    764
   976    764
   977    764
   978    764
   966    765
   967    765
   968    765
   969    765
   970    765
   971    765
   972    765
   973    765
   974    765
   975    765
   976    765
   966    766
   967    766
   968    766
   969    766
   970    766
   971    766
   972    766
   973    766
   974    766
   965    767
   966    767
   967    767
   968    767
   969    767
   970    767
   971    767
   972    767
   964    768
   965    768
