  1086    733
  1087    733
  1088    733
  1092    733
  1093    733
  1080    734
  1081    734
  1082    734
  1083    734
  1084    734
  1085    734
  1086    734
  1087    734
  1088    734
  1075    735
  1076    735
  1077    735
  1078    735
  1079    735
  1080    735
  1081    735
  1082    735
  1070    736
  1071    736
  1072    736
  1073    736
  1074    736
  1075    736
  1076    736
  1077    736
  1065    737
  1066    737
  1072    737
  1073    737
  1060    738
  1061    738
  1062    738
  1055    739
  1056    739
  1057    739
  1058    739
  1063    739
  1064    739
  1050    740
  1051    740
  1052    740
  1053    740
  1058    740
  1059    740
  1045    741
  1046    741
  1047    741
  1048    741
  1049    741
  1050    741
  1051    741
  1052    741
  1053    741
  1054    741
  1041    742
  1042    742
  1043    742
  1044    742
  1045    742
  1046    742
  1047    742
  1048    742
  1049    742
  1037    743
  1038    743
  1039    743
  1040    743
  1044    743
  1045    743
  1046    743
  1033    744
  1034    744
  1035    744
  1036    744
  1037    744
  1038    744
  1039    744
  1040    744
  1029    745
  1030    745
  1031    745
  1032    745
  1033    745
  1034    745
  1035    745
  1036    745
  1037    745
  1023    746
  1024    746
  1025    746
  1026    746
  1027    746
  1028    746
  1029    746
  1030    746
  1031    746
  1032    746
  1033    746
  1020    747
  1021    747
  1022    747
  1023    747
  1024    747
  1025    747
  1026    747
  1027    747
  1028    747
  1029    747
  1017    748
  1018    748
  1019    748
  1020    748
  1021    748
  1022    748
  1023    748
  1024    748
  1025    748
  1012    749
  1013    749
  1014    749
  1015    749
  1016    749
  1017    749
  1018    749
  1019    749
  1020    749
  1021    749
  1009    750
  1010    750
  1011    750
  1012    750
  1013    750
  1014    750
  1015    750
  1016    750
  1017    750
  1018    750
  1004    751
  1005    751
  1006    751
  1007    751
  1008    751
  1009    751
  1010    751
  1011    751
  1012    751
  1013    751
  1014    751
  1002    752
  1003    752
  1004    752
  1005    752
  1006    752
  1007    752
  1008    752
  1009    752
  1010    752
   998    753
   999    753
  1000    753
  1001    753
  1002    753
  1003    753
  1004    753
  1005    753
  1006    753
  1007    753
  1008    753
   995    754
   996    754
   997    754
   998    754
   999    754
  1000    754
  1001    754
  1002    754
  1003    754
  1004    754
   992    755
   993    755
   994    755
   995    755
   996    755
   997    755
   998    755
   999    755
  1000    755
  1001    755
   989    756
   990    756
   991    756
   992    756
   993    756
   994    756
   995    756
   996    756
   997    756
   998    756
   999    756
   986    757
   987    757
   988    757
   989    757
   990    757
   991    757
   992    757
   993    757
   994    757
   995    757
   996    757
   984    758
   985    758
   986    758
   987    758
   988    758
   989    758
   990    758
   991    758
   992    758
   993    758
   980    759
   981    759
   982    759
   983    759
   984    759
   985    759
   986    759
   987    759
   988    759
   989    759
   990    759
   991    759
   977    760
   978    760
   979    760
   980    760
   981    760
   982    760
   983    760
   984    760
   985    760
   986    760
   987    760
   988    760
   974    761
   975    761
   976    761
   977    761
   978    761
   979    761
   980    761
   981    761
   982    761
   983    761
   984    761
   985    761
   972    762
   973    762
   974    762
   975    762
   976    762
   977    762
   978    762
   979    762
   980    762
   981    762
   982    762
   983    762
   969    763
   970    763
   971    763
   972    763
   973    763
   974    763
   975    763
   976    763
   977    763
   978    763
   979    763
   980    763
   967    764
   968    764
   969    764
   970    764
   971    764
   972    764
   973    764
   974    764
   975    764
   976    764
   977    764
   964    765
   965    765
   966    765
   967    765
   968    765
   969    765
   970    765
   971    765
   972    765
   973    765
   974    765
   975    765
   961    766
   962    766
   963    766
   964    766
   965    766
   966    766
   967    766
   968    766
   969    766
   970    766
   971    766
   972    766
   973    766
   959    767
   960    767
   961    767
   962    767
   963    767
   964    767
   965    767
   966    767
   967    767
   968    767
   969    767
   970    767
   971    767
   957    768
   958    768
   959    768
   960    768
   961    768
   962    768
   963    768
   964    768
   965    768
   966    768
   967    768
   968    768
   954    769
   955    769
   956    769
   957    769
   958    769
   959    769
   960    769
   961    769
   962    769
   963    769
   964    769
   965    769
   966    769
   952    770
   953    770
   954    770
   955    770
   956    770
   957    770
   958    770
   959    770
   960    770
   961    770
   962    770
   963    770
   964    770
   950    771
   951    771
   952    771
   953    771
   954    771
   955    771
   956    771
   957    771
   958    771
   959    771
   960    771
   961    771
   962    771
   948    772
   949    772
   950    772
   951    772
   952    772
   953    772
   954    772
   955    772
   956    772
   957    772
   958    772
   959    772
   960    772
   946    773
   947    773
   948    773
   949    773
   950    773
   951    773
   952    773
   953    773
   954    773
   955    773
   956    773
   957    773
   958    773
   944    774
   945    774
   946    774
   947    774
   948    774
   949    774
   950    774
   951    774
   952    774
   953    774
   954    774
   955    774
   956    774
   942    775
   943    775
   944    775
   945    775
   946    775
   947    775
   948    775
   949    775
   950    775
   951    775
   952    775
   953    775
   954    775
   940    776
   941    776
   942    776
   943    776
   944    776
   945    776
   946    776
   947    776
   948    776
   949    776
   950    776
   951    776
   952    776
   938    777
   939    777
   940    777
   941    777
   942    777
   943    777
   944    777
   945    777
   946    777
   947    777
   948    777
   949    777
   950    777
   936    778
   937    778
   938    778
   939    778
   940    778
   941    778
   942    778
   943    778
   944    778
   945    778
   946    778
   947    778
   948    778
   934    779
   935    779
   936    779
   937    779
   938    779
   939    779
   940    779
   941    779
   942    779
   943    779
   944    779
   945    779
   946    779
   932    780
   933    780
   934    780
   935    780
   936    780
   937    780
   938    780
   939    780
   940    780
   941    780
   942    780
   943    780
   944    780
   931    781
   932    781
   933    781
   934    781
   935    781
   936    781
   937    781
   938    781
   939    781
   940    781
   941    781
   942    781
   943    781
   929    782
   930    782
   931    782
   932    782
   933    782
   934    782
   935    782
   936    782
   937    782
   938    782
   939    782
   940    782
   941    782
   928    783
   929    783
   930    783
   931    783
   932    783
   933    783
   934    783
   935    783
   936    783
   937    783
   938    783
   939    783
   926    784
   927    784
   928    784
   929    784
   930    784
   931    784
   932    784
   933    784
   934    784
   935    784
   936    784
   937    784
   925    785
   926    785
   927    785
   928    785
   929    785
   930    785
   931    785
   932    785
   933    785
   934    785
   935    785
   936    785
   931    786
   932    786
   933    786
   934    786
