  1084    733
  1085    733
  1086    733
  1087    733
  1093    733
  1094    733
  1079    734
  1080    734
  1081    734
  1082    734
  1085    734
  1086    734
  1087    734
  1088    734
  1089    734
  1074    735
  1075    735
  1082    735
  1083    735
  1069    736
  1070    736
  1071    736
  1064    737
  1065    737
  1066    737
  1067    737
  1068    737
  1059    738
  1060    738
  1068    738
  1069    738
  1054    739
  1055    739
  1056    739
  1057    739
  1050    740
  1051    740
  1052    740
  1045    741
  1046    741
  1047    741
  1040    742
  1041    742
  1042    742
  1036    743
  1037    743
  1038    743
  1031    744
  1032    744
  1033    744
  1034    744
  1027    745
  1028    745
  1029    745
  1030    745
  1031    745
  1032    745
  1033    745
  1036    745
  1037    745
  1038    745
  1023    746
  1024    746
  1025    746
  1033    746
  1034    746
  1019    747
  1020    747
  1021    747
  1022    747
  1023    747
  1028    747
  1029    747
  1016    748
  1017    748
  1018    748
  1019    748
  1020    748
  1021    748
  1022    748
  1025    748
  1026    748
  1012    749
  1013    749
  1014    749
  1015    749
  1016    749
  1017    749
  1020    749
  1021    749
  1022    749
  1023    749
  1008    750
  1009    750
  1010    750
  1011    750
  1012    750
  1013    750
  1014    750
  1015    750
  1016    750
  1017    750
  1018    750
  1004    751
  1005    751
  1006    751
  1012    751
  1013    751
  1014    751
  1015    751
  1000    752
  1001    752
  1002    752
  1003    752
  1004    752
  1010    752
  1011    752
   997    753
   998    753
   999    753
  1000    753
  1001    753
  1002    753
  1003    753
  1004    753
  1005    753
  1006    753
  1007    753
  1008    753
   994    754
   995    754
   996    754
   997    754
   998    754
   999    754
  1000    754
  1001    754
  1002    754
  1003    754
  1004    754
  1005    754
   992    755
   993    755
   994    755
   995    755
   996    755
   997    755
   998    755
   999    755
  1000    755
  1001    755
  1002    755
   990    756
   991    756
   992    756
   993    756
   994    756
   995    756
   996    756
   997    756
   998    756
   999    756
   988    757
   989    757
   990    757
   991    757
   992    757
   993    757
   994    757
   995    757
   996    757
   988    758
   989    758
   990    758
   991    758
   992    758
   993    758
   990    759
   991    759
