   852    732
   853    732
   854    732
   853    733
   854    733
   855    733
   856    733
   852    734
   853    734
   854    734
   855    734
   856    734
   857    734
   858    734
   854    735
   855    735
   856    735
   857    735
   858    735
   859    735
   860    735
   856    736
   857    736
   858    736
   859    736
   860    736
   861    736
   862    736
   857    737
   858    737
   859    737
   860    737
   861    737
   862    737
   863    737
   858    738
   859    738
   860    738
   861    738
   862    738
   863    738
   864    738
   859    739
   860    739
   861    739
   862    739
   863    739
   864    739
   865    739
   866    739
   860    740
   861    740
   862    740
   863    740
   864    740
   865    740
   866    740
   867    740
   861    741
   862    741
   863    741
   864    741
   865    741
   866    741
   867    741
   862    742
   863    742
   864    742
   865    742
   866    742
   867    742
   868    742
   862    743
   863    743
   864    743
   865    743
   866    743
   867    743
   868    743
   863    744
   864    744
   865    744
   866    744
   867    744
   868    744
   869    744
   863    745
   864    745
   865    745
   866    745
   867    745
   868    745
   869    745
   863    746
   864    746
   865    746
   866    746
   867    746
   868    746
   869    746
   863    747
   864    747
   865    747
   866    747
   867    747
   868    747
   863    748
   864    748
   865    748
   866    748
   867    748
   868    748
   869    748
   862    749
   863    749
   864    749
   865    749
   866    749
   867    749
   868    749
   869    749
   862    750
   863    750
   864    750
   865    750
   866    750
   867    750
   868    750
   869    750
   862    751
   863    751
   864    751
   865    751
   866    751
   867    751
   868    751
   861    752
   862    752
   863    752
   864    752
   865    752
   866    752
   867    752
   859    753
   860    753
   861    753
   862    753
   863    753
   864    753
   865    753
   866    753
   859    754
   860    754
   861    754
   862    754
   863    754
   864    754
   865    754
   858    755
   859    755
   860    755
   861    755
   862    755
   863    755
   864    755
   856    756
   857    756
   858    756
   859    756
   853    757
   854    757
   855    757
   856    757
   857    757
   858    757
   859    757
   851    758
   852    758
   853    758
   854    758
   855    758
   856    758
   857    758
   849    759
   850    759
   851    759
   852    759
   853    759
   854    759
   855    759
   845    760
   846    760
   847    760
   851    760
   852    760
   853    760
   843    761
   844    761
   845    761
   846    761
   847    761
   841    762
   842    762
   843    762
   844    762
   845    762
   846    762
   838    763
   839    763
   840    763
   841    763
   842    763
   843    763
   844    763
   845    763
   846    763
   836    764
   837    764
   838    764
   839    764
   840    764
   841    764
   842    764
   843    764
   832    765
   833    765
   834    765
   835    765
   836    765
   837    765
   838    765
   839    765
   840    765
   841    765
   829    766
   830    766
   831    766
   835    766
   836    766
   837    766
   838    766
   826    767
   827    767
   828    767
   822    768
   823    768
   824    768
   818    769
   819    769
   820    769
   821    769
   822    769
   823    769
   815    770
   816    770
   817    770
   818    770
   823    770
   824    770
   811    771
   812    771
   813    771
   814    771
   815    771
   809    772
   810    772
   811    772
   814    772
   804    773
   805    773
   806    773
   808    774
