   844    730
   845    730
   846    731
   847    731
   848    731
   845    732
   846    732
   848    732
   849    732
   850    732
   851    732
   847    733
   848    733
   849    733
   850    733
   851    733
   852    733
   853    733
   854    733
   849    734
   850    734
   851    734
   852    734
   853    734
   854    734
   855    734
   856    734
   851    735
   852    735
   853    735
   854    735
   855    735
   856    735
   857    735
   853    736
   854    736
   855    736
   856    736
   857    736
   858    736
   859    736
   854    737
   855    737
   856    737
   857    737
   858    737
   859    737
   860    737
   861    737
   856    738
   857    738
   858    738
   859    738
   860    738
   861    738
   862    738
   857    739
   858    739
   859    739
   860    739
   861    739
   862    739
   863    739
   864    739
   858    740
   859    740
   860    740
   861    740
   862    740
   863    740
   864    740
   859    741
   860    741
   861    741
   862    741
   863    741
   864    741
   865    741
   866    741
   860    742
   861    742
   862    742
   863    742
   864    742
   865    742
   866    742
   860    743
   861    743
   862    743
   863    743
   864    743
   865    743
   866    743
   867    743
   861    744
   862    744
   863    744
   864    744
   865    744
   866    744
   867    744
   861    745
   862    745
   863    745
   864    745
   865    745
   866    745
   867    745
   868    745
   861    746
   862    746
   863    746
   864    746
   865    746
   866    746
   867    746
   868    746
   861    747
   862    747
   863    747
   864    747
   865    747
   866    747
   867    747
   868    747
   861    748
   862    748
   863    748
   864    748
   865    748
   866    748
   867    748
   868    748
   861    749
   862    749
   863    749
   864    749
   865    749
   866    749
   867    749
   868    749
   860    750
   861    750
   862    750
   863    750
   864    750
   865    750
   866    750
   867    750
   859    751
   860    751
   861    751
   862    751
   863    751
   864    751
   865    751
   866    751
   867    751
   859    752
   860    752
   861    752
   862    752
   863    752
   864    752
   865    752
   866    752
   857    753
   858    753
   859    753
   860    753
   861    753
   862    753
   863    753
   864    753
   865    753
   857    754
   858    754
   859    754
   860    754
   861    754
   862    754
   863    754
   864    754
   856    755
   857    755
   858    755
   859    755
   860    755
   861    755
   862    755
   863    755
   855    756
   856    756
   857    756
   858    756
   853    757
   854    757
   855    757
   856    757
   857    757
   858    757
   851    758
   852    758
   853    758
   854    758
   855    758
   856    758
   857    758
   849    759
   850    759
   851    759
   846    760
   847    760
   848    760
   849    760
   843    761
   844    761
   845    761
   846    761
   847    761
   848    761
   849    761
   850    761
   851    761
   840    762
   841    762
   842    762
   843    762
   844    762
   845    762
   846    762
   847    762
   848    762
   838    763
   839    763
   840    763
   841    763
   842    763
   835    764
   836    764
   837    764
   838    764
   839    764
   840    764
   841    764
   842    764
   833    765
   834    765
   835    765
   836    765
   837    765
   838    765
   839    765
   840    765
   830    766
   831    766
   832    766
   833    766
   834    766
   835    766
   836    766
   837    766
   838    766
   826    767
   827    767
   828    767
   834    767
   835    767
   823    768
   820    769
   821    769
   822    769
   816    770
   817    770
   812    771
   813    771
   814    771
   810    772
   805    773
   802    774
   803    774
   797    775
   798    775
