   835    729
   836    729
   833    730
   834    730
   835    730
   839    730
   840    730
   836    731
   837    731
   838    731
   841    731
   842    731
   843    731
   844    732
   845    732
   842    733
   843    733
   844    733
   845    733
   846    733
   847    733
   848    733
   849    733
   844    734
   845    734
   846    734
   847    734
   848    734
   849    734
   850    734
   851    734
   846    735
   847    735
   848    735
   849    735
   850    735
   851    735
   852    735
   853    735
   850    736
   851    736
   852    736
   853    736
   854    736
   855    736
   850    737
   851    737
   852    737
   853    737
   854    737
   855    737
   856    737
   851    738
   852    738
   853    738
   854    738
   855    738
   856    738
   857    738
   858    738
   853    739
   854    739
   855    739
   856    739
   857    739
   858    739
   859    739
   854    740
   855    740
   856    740
   857    740
   858    740
   859    740
   860    740
   855    741
   856    741
   857    741
   858    741
   859    741
   860    741
   861    741
   856    742
   857    742
   858    742
   859    742
   860    742
   861    742
   862    742
   856    743
   857    743
   858    743
   859    743
   860    743
   861    743
   862    743
   863    743
   856    744
   857    744
   858    744
   859    744
   860    744
   861    744
   862    744
   863    744
   857    745
   858    745
   859    745
   860    745
   861    745
   862    745
   863    745
   864    745
   857    746
   858    746
   859    746
   860    746
   861    746
   862    746
   863    746
   864    746
   858    747
   859    747
   860    747
   861    747
   862    747
   863    747
   864    747
   858    748
   859    748
   860    748
   861    748
   862    748
   863    748
   864    748
   857    749
   858    749
   859    749
   860    749
   861    749
   862    749
   863    749
   864    749
   857    750
   858    750
   859    750
   860    750
   861    750
   862    750
   863    750
   864    750
   857    751
   858    751
   859    751
   860    751
   861    751
   862    751
   863    751
   864    751
   856    752
   857    752
   858    752
   859    752
   860    752
   861    752
   862    752
   863    752
   855    753
   856    753
   857    753
   858    753
   859    753
   860    753
   861    753
   862    753
   863    753
   855    754
   856    754
   857    754
   858    754
   859    754
   860    754
   861    754
   862    754
   853    755
   854    755
   855    755
   856    755
   857    755
   858    755
   859    755
   860    755
   861    755
   853    756
   854    756
   855    756
   856    756
   857    756
   858    756
   859    756
   851    757
   852    757
   853    757
   854    757
   855    757
   856    757
   857    757
   850    758
   851    758
   852    758
   853    758
   854    758
   847    759
   848    759
   849    759
   850    759
   851    759
   852    759
   853    759
   854    759
   845    760
   846    760
   847    760
   848    760
   849    760
   850    760
   851    760
   852    760
   842    761
   843    761
   844    761
   845    761
   846    761
   847    761
   848    761
   849    761
   850    761
   839    762
   840    762
   841    762
   842    762
   843    762
   844    762
   845    762
   846    762
   847    762
   848    762
   837    763
   838    763
   839    763
   840    763
   841    763
   842    763
   843    763
   844    763
   845    763
   846    763
   834    764
   835    764
   836    764
   837    764
   838    764
   839    764
   840    764
   841    764
   842    764
   843    764
   831    765
   832    765
   833    765
   834    765
   835    765
   836    765
   837    765
   838    765
   839    765
   829    766
   830    766
   831    766
   832    766
   833    766
   834    766
   835    766
   836    766
   837    766
   838    766
   826    767
   827    767
   828    767
   829    767
   830    767
   831    767
   832    767
   833    767
   834    767
   824    768
   825    768
   826    768
   827    768
   828    768
   829    768
   830    768
   821    769
   822    769
   829    769
   830    769
   817    770
   818    770
   819    770
   825    770
   826    770
   814    771
   815    771
   810    772
   811    772
   812    772
   807    773
   808    773
   809    773
   810    773
   803    774
   804    774
   796    776
