   844    731
   845    731
   847    732
   848    732
   844    733
   845    733
   847    733
   848    733
   849    733
   850    733
   851    733
   847    734
   848    734
   849    734
   850    734
   851    734
   852    734
   853    734
   848    735
   849    735
   850    735
   851    735
   852    735
   853    735
   854    735
   855    735
   850    736
   851    736
   852    736
   853    736
   854    736
   855    736
   856    736
   852    737
   853    737
   854    737
   855    737
   856    737
   857    737
   858    737
   853    738
   854    738
   855    738
   856    738
   857    738
   858    738
   859    738
   860    738
   854    739
   855    739
   856    739
   857    739
   858    739
   859    739
   860    739
   861    739
   856    740
   857    740
   858    740
   859    740
   860    740
   861    740
   862    740
   856    741
   857    741
   858    741
   859    741
   860    741
   861    741
   862    741
   863    741
   858    742
   859    742
   860    742
   861    742
   862    742
   863    742
   864    742
   858    743
   859    743
   860    743
   861    743
   862    743
   863    743
   864    743
   865    743
   859    744
   860    744
   861    744
   862    744
   863    744
   864    744
   865    744
   859    745
   860    745
   861    745
   862    745
   863    745
   864    745
   865    745
   859    746
   860    746
   861    746
   862    746
   863    746
   864    746
   865    746
   866    746
   859    747
   860    747
   861    747
   862    747
   863    747
   864    747
   865    747
   866    747
   859    748
   860    748
   861    748
   862    748
   863    748
   864    748
   865    748
   866    748
   859    749
   860    749
   861    749
   862    749
   863    749
   864    749
   865    749
   866    749
   859    750
   860    750
   861    750
   862    750
   863    750
   864    750
   865    750
   866    750
   858    751
   859    751
   860    751
   861    751
   862    751
   863    751
   864    751
   865    751
   866    751
   857    752
   858    752
   859    752
   860    752
   861    752
   862    752
   863    752
   864    752
   865    752
   857    753
   858    753
   859    753
   860    753
   861    753
   862    753
   863    753
   864    753
   856    754
   857    754
   858    754
   859    754
   860    754
   861    754
   862    754
   863    754
   855    755
   856    755
   857    755
   858    755
   859    755
   860    755
   861    755
   862    755
   855    756
   856    756
   857    756
   858    756
   859    756
   860    756
   851    758
   852    758
   853    758
   854    758
   855    758
   856    758
   848    759
   849    759
   850    759
   851    759
   852    759
   853    759
   854    759
   846    760
   847    760
   848    760
   850    760
   851    760
   852    760
   853    760
   843    761
   844    761
   845    761
   846    761
   847    761
   840    762
   841    762
   842    762
   843    762
   844    762
   845    762
   846    762
   847    762
   848    762
   838    763
   839    763
   840    763
   841    763
   842    763
   843    763
   844    763
   845    763
   835    764
   836    764
   837    764
   838    764
   839    764
   840    764
   841    764
   842    764
   843    764
   832    765
   833    765
   834    765
   835    765
   836    765
   837    765
   838    765
   839    765
   840    765
   830    766
   831    766
   832    766
   833    766
   834    766
   835    766
   836    766
   837    766
   838    766
   827    767
   828    767
   829    767
   830    767
   831    767
   832    767
   833    767
   834    767
   835    767
   823    768
   824    768
   825    768
   829    768
   830    768
   820    769
   821    769
   822    769
   825    769
   826    769
   827    769
   828    769
   829    769
   817    770
   818    770
   819    770
   820    770
   821    770
   825    770
   826    770
   813    771
   814    771
   815    771
   813    772
   814    772
   815    772
   814    773
