   835    729
   837    730
   838    730
   834    731
   835    731
   836    731
   840    731
   841    731
   837    732
   841    732
   842    732
   843    732
   844    732
   843    733
   844    733
   845    733
   846    733
   847    733
   842    734
   843    734
   844    734
   845    734
   846    734
   847    734
   848    734
   849    734
   844    735
   845    735
   846    735
   847    735
   848    735
   849    735
   850    735
   851    735
   846    736
   847    736
   848    736
   849    736
   850    736
   851    736
   852    736
   853    736
   848    737
   849    737
   850    737
   851    737
   852    737
   853    737
   854    737
   855    737
   850    738
   851    738
   852    738
   853    738
   854    738
   855    738
   856    738
   851    739
   852    739
   853    739
   854    739
   855    739
   856    739
   857    739
   858    739
   852    740
   853    740
   854    740
   855    740
   856    740
   857    740
   858    740
   859    740
   853    741
   854    741
   855    741
   856    741
   857    741
   858    741
   859    741
   860    741
   854    742
   855    742
   856    742
   857    742
   858    742
   859    742
   860    742
   854    743
   855    743
   856    743
   857    743
   858    743
   859    743
   860    743
   861    743
   856    744
   857    744
   858    744
   859    744
   860    744
   861    744
   862    744
   855    745
   856    745
   857    745
   858    745
   859    745
   860    745
   861    745
   862    745
   863    745
   856    746
   857    746
   858    746
   859    746
   860    746
   861    746
   862    746
   863    746
   856    747
   857    747
   858    747
   859    747
   860    747
   861    747
   862    747
   863    747
   856    748
   857    748
   858    748
   859    748
   860    748
   861    748
   862    748
   863    748
   856    749
   857    749
   858    749
   859    749
   860    749
   861    749
   862    749
   863    749
   856    750
   857    750
   858    750
   859    750
   860    750
   861    750
   862    750
   863    750
   855    751
   856    751
   857    751
   858    751
   859    751
   860    751
   861    751
   862    751
   863    751
   855    752
   856    752
   857    752
   858    752
   859    752
   860    752
   861    752
   862    752
   854    753
   855    753
   856    753
   857    753
   858    753
   859    753
   860    753
   861    753
   862    753
   854    754
   855    754
   856    754
   857    754
   858    754
   859    754
   860    754
   861    754
   852    755
   853    755
   854    755
   855    755
   856    755
   857    755
   858    755
   859    755
   860    755
   851    756
   852    756
   853    756
   854    756
   855    756
   856    756
   857    756
   858    756
   859    756
   851    757
   852    757
   853    757
   854    757
   855    757
   856    757
   857    757
   849    758
   850    758
   851    758
   852    758
   853    758
   854    758
   847    759
   848    759
   849    759
   850    759
   851    759
   852    759
   853    759
   845    760
   846    760
   847    760
   848    760
   849    760
   850    760
   851    760
   852    760
   843    761
   844    761
   845    761
   846    761
   847    761
   848    761
   849    761
   840    762
   841    762
   842    762
   843    762
   846    762
   847    762
   837    763
   838    763
   839    763
   840    763
   841    763
   842    763
   845    763
   846    763
   835    764
   836    764
   837    764
   838    764
   832    765
   833    765
   834    765
   835    765
   836    765
   837    765
   839    765
   830    766
   831    766
   832    766
   833    766
   834    766
   835    766
   836    766
   837    766
   826    767
   827    767
   828    767
   829    767
   830    767
   831    767
   832    767
   833    767
   834    767
   835    767
   823    768
   824    768
   825    768
   826    768
   827    768
   828    768
   829    768
   830    768
   831    768
   832    768
   821    769
   822    769
   823    769
   824    769
   825    769
   826    769
   827    769
   829    769
   830    769
   817    770
   818    770
   819    770
   820    770
   821    770
   813    771
   814    771
   815    771
   816    771
   817    771
   818    771
   819    771
   820    771
   823    771
   811    772
   812    772
   813    772
   814    772
   818    772
   819    772
   820    772
   806    773
   807    773
   808    773
   809    773
   816    773
   804    774
   805    774
   806    774
   807    774
   800    775
   801    775
   802    775
   803    775
   804    775
   805    775
   806    775
   807    775
   808    775
   809    775
   796    776
   797    776
   798    776
   799    776
   803    776
   804    776
   805    776
   806    776
   792    777
   793    777
   794    777
   787    778
   788    778
   789    778
   790    778
   791    778
   784    779
   785    779
   786    779
   787    779
   788    779
   789    779
   790    779
   779    780
   780    780
   789    780
   790    780
   774    781
   775    781
   776    781
   777    781
   778    781
   779    781
   784    781
   771    782
   772    782
   773    782
   774    782
   775    782
   776    782
   777    782
   778    782
   779    782
   780    782
   771    783
   772    783
   773    783
   774    783
   775    783
