   833    765
   834    765
   829    766
   830    766
   831    766
   832    766
   833    766
   834    766
   835    766
   827    767
   828    767
   829    767
   830    767
   831    767
   832    767
   833    767
   824    768
   825    768
   826    768
   827    768
   828    768
   829    768
   830    768
   831    768
   832    768
   821    769
   822    769
   823    769
   824    769
   825    769
   826    769
   827    769
   828    769
   829    769
   830    769
   817    770
   818    770
   819    770
   825    770
   826    770
   813    771
   814    771
   815    771
   816    771
   811    772
   812    772
   813    772
   814    772
   815    772
   807    773
   808    773
   809    773
   810    773
   814    773
   815    773
   803    774
   804    774
   805    774
   806    774
   807    774
   808    774
   799    775
   800    775
   805    775
   806    775
   807    775
   796    776
   797    776
   803    776
   804    776
   792    777
