   898    768
   899    768
   897    769
   898    769
   899    769
   897    770
   898    770
   899    770
   897    771
   898    771
   899    771
   896    772
   897    772
   898    772
   899    772
   896    773
   897    773
   898    773
   899    773
   895    774
   896    774
   897    774
   898    774
   899    774
   900    774
   895    775
   896    775
   897    775
   898    775
   899    775
   900    775
   895    776
   896    776
   897    776
   898    776
   899    776
   900    776
   895    777
   896    777
   897    777
   898    777
   899    777
   900    777
   895    778
   896    778
   897    778
   898    778
   899    778
   900    778
   894    779
   895    779
   896    779
   897    779
   898    779
   899    779
   900    779
   894    780
   895    780
   896    780
   897    780
   898    780
   899    780
   900    780
   894    781
   895    781
   896    781
   897    781
   898    781
   899    781
   900    781
   894    782
   895    782
   896    782
   897    782
   898    782
   899    782
   900    782
   893    783
   894    783
   895    783
   896    783
   897    783
   898    783
   899    783
   900    783
   893    784
   894    784
   895    784
   896    784
   897    784
   898    784
   899    784
   900    784
   893    785
   894    785
   895    785
   896    785
   897    785
   898    785
   899    785
   900    785
   893    786
   894    786
   895    786
   896    786
   897    786
   898    786
   899    786
   900    786
   893    787
   894    787
   895    787
   896    787
   897    787
   898    787
   899    787
   893    788
   894    788
   895    788
   896    788
   897    788
   898    788
   893    789
   894    789
