   897    701
   898    701
   897    702
   896    703
   897    703
   896    704
   897    704
   898    704
   896    705
   897    705
   898    705
   896    706
   897    706
   898    706
   896    707
   897    707
   898    707
   896    708
   897    708
   898    708
   896    709
   897    709
   896    710
   897    710
   898    710
   896    711
   897    711
   898    711
   895    712
   896    712
   897    712
   898    712
   896    713
   897    713
   898    713
   899    713
   900    713
   895    714
   896    714
   897    714
   898    714
   899    714
   895    715
   896    715
   897    715
   898    715
   899    715
   895    716
   896    716
   897    716
   898    716
   899    716
   900    716
   895    717
   896    717
   897    717
   898    717
   899    717
   900    717
   895    718
   896    718
   897    718
   898    718
   899    718
   900    718
   895    719
   896    719
   897    719
   898    719
   899    719
   900    719
   895    720
   896    720
   897    720
   898    720
   899    720
   900    720
   895    721
   896    721
   897    721
   898    721
   899    721
   900    721
   895    722
   896    722
   897    722
   898    722
   899    722
   900    722
   895    723
   896    723
   897    723
   898    723
   899    723
   900    723
   895    724
   896    724
   897    724
   898    724
   899    724
   900    724
   901    724
   894    725
   895    725
   896    725
   897    725
   898    725
   899    725
   900    725
   894    726
   895    726
   896    726
   897    726
   898    726
   899    726
   894    727
   895    727
   896    727
   897    727
   898    727
   899    727
   894    728
   895    728
   896    728
   897    728
   898    728
   899    728
   894    729
   895    729
   896    729
   897    729
   898    729
   899    729
   894    730
   895    730
   896    730
   897    730
   898    730
   899    730
   894    731
   895    731
   896    731
   897    731
   898    731
   899    731
   894    732
   895    732
   896    732
   897    732
   898    732
   899    732
   893    733
   894    733
   895    733
   896    733
   897    733
   898    733
   899    733
   900    733
   894    734
   895    734
   896    734
   897    734
   898    734
   899    734
   893    735
   894    735
   895    735
   896    735
   897    735
   898    735
   899    735
   900    735
   893    736
   894    736
   895    736
   896    736
   897    736
   898    736
   899    736
   900    736
   893    737
   894    737
   895    737
   896    737
   897    737
   898    737
   899    737
   893    738
   894    738
   895    738
   896    738
   897    738
   898    738
   899    738
   900    738
   892    739
   893    739
   894    739
   895    739
   896    739
   897    739
   898    739
   899    739
   892    740
   893    740
   894    740
   895    740
   896    740
   897    740
   898    740
   899    740
   892    741
   893    741
   894    741
   895    741
   896    741
   897    741
   898    741
   899    741
   900    741
   892    742
   893    742
   894    742
   895    742
   896    742
   897    742
   898    742
   899    742
   892    743
   893    743
   894    743
   895    743
   896    743
   897    743
   898    743
   899    743
   892    744
   893    744
   894    744
   895    744
   896    744
   897    744
   898    744
   899    744
   892    745
   893    745
   894    745
   895    745
   896    745
   897    745
   898    745
   899    745
   900    745
   892    746
   893    746
   894    746
   895    746
   896    746
   897    746
   898    746
   899    746
   900    746
   892    747
   893    747
   894    747
   895    747
   896    747
   897    747
   898    747
   899    747
   891    748
   892    748
   893    748
   894    748
   895    748
   896    748
   897    748
   898    748
   892    749
   893    749
   894    749
   895    749
   896    749
   897    749
   898    749
   899    749
   891    750
   892    750
   893    750
   894    750
   895    750
   896    750
   897    750
   898    750
   899    750
   891    751
   892    751
   893    751
   894    751
   895    751
   896    751
   897    751
   898    751
   899    751
   891    752
   892    752
   893    752
   894    752
   895    752
   896    752
   897    752
   898    752
   899    752
   891    753
   892    753
   893    753
   894    753
   895    753
   896    753
   897    753
   898    753
   899    753
   900    753
   891    754
   892    754
   893    754
   894    754
   895    754
   896    754
   897    754
   898    754
   899    754
   891    755
   892    755
   893    755
   894    755
   895    755
   896    755
   897    755
   898    755
   899    755
   890    756
   891    756
   892    756
   893    756
   894    756
   895    756
   896    756
   897    756
   898    756
   899    756
   900    756
   891    757
   892    757
   893    757
   894    757
   895    757
   896    757
   897    757
   898    757
   899    757
   900    757
   891    758
   892    758
   893    758
   894    758
   895    758
   896    758
   897    758
   898    758
   899    758
   900    758
   890    759
   891    759
   892    759
   893    759
   894    759
   895    759
   896    759
   897    759
   898    759
   899    759
   900    759
   890    760
   891    760
   892    760
   893    760
   894    760
   895    760
   896    760
   897    760
   898    760
   899    760
   900    760
   890    761
   891    761
   892    761
   893    761
   894    761
   895    761
   896    761
   897    761
   898    761
   899    761
   900    761
   890    762
   891    762
   892    762
   893    762
   894    762
   895    762
   896    762
   897    762
   898    762
   899    762
   900    762
   890    763
   891    763
   892    763
   893    763
   894    763
   895    763
   896    763
   897    763
   898    763
   899    763
   900    763
   890    764
   891    764
   892    764
   893    764
   894    764
   895    764
   896    764
   897    764
   898    764
   899    764
   900    764
   890    765
   891    765
   892    765
   893    765
   894    765
   895    765
   896    765
   897    765
   898    765
   899    765
   900    765
   890    766
   891    766
   892    766
   893    766
   894    766
   895    766
   896    766
   897    766
   898    766
   899    766
   900    766
   890    767
   891    767
   892    767
   893    767
   894    767
   895    767
   896    767
   897    767
   898    767
   899    767
   900    767
   890    768
   891    768
   892    768
   893    768
   894    768
   895    768
   896    768
   897    768
   898    768
   899    768
   900    768
   890    769
   891    769
   892    769
   893    769
   894    769
   895    769
   896    769
   897    769
   898    769
   899    769
   900    769
   890    770
   891    770
   892    770
   893    770
   894    770
   895    770
   896    770
   897    770
   898    770
   899    770
   900    770
   890    771
   891    771
   892    771
   893    771
   894    771
   895    771
   896    771
   897    771
   898    771
   899    771
   900    771
   890    772
   891    772
   892    772
   893    772
   894    772
   895    772
   896    772
   897    772
   898    772
   899    772
   900    772
   890    773
   891    773
   892    773
   893    773
   894    773
   895    773
   896    773
   897    773
   898    773
   899    773
   900    773
   890    774
   891    774
   892    774
   893    774
   894    774
   895    774
   896    774
   897    774
   898    774
   899    774
   900    774
   890    775
   891    775
   892    775
   893    775
   894    775
   895    775
   896    775
   897    775
   898    775
   899    775
   900    775
   890    776
   891    776
   892    776
   893    776
   894    776
   895    776
   896    776
   897    776
   898    776
   899    776
   900    776
   890    777
   891    777
   892    777
   893    777
   894    777
   895    777
   896    777
   897    777
   898    777
   899    777
   900    777
   901    777
   890    778
   891    778
   892    778
   893    778
   894    778
   895    778
   896    778
   897    778
   898    778
   899    778
   900    778
   901    778
   890    779
   891    779
   892    779
   893    779
   894    779
   895    779
   896    779
   897    779
   898    779
   899    779
   900    779
   890    780
   891    780
   892    780
   893    780
   894    780
   895    780
   896    780
   897    780
   898    780
   899    780
   900    780
   890    781
   891    781
   892    781
   893    781
   894    781
   895    781
   896    781
   897    781
   898    781
   899    781
   900    781
   890    782
   891    782
   892    782
   893    782
   894    782
   895    782
   896    782
   897    782
   898    782
   899    782
   900    782
   890    783
   891    783
   892    783
   893    783
   894    783
   895    783
   896    783
   897    783
   898    783
   899    783
   900    783
   890    784
   891    784
   892    784
   893    784
   894    784
   895    784
   896    784
   897    784
   898    784
   899    784
   900    784
   890    785
   891    785
   892    785
   893    785
   894    785
   895    785
   896    785
   897    785
   898    785
   899    785
   900    785
   888    786
   889    786
   890    786
   891    786
   892    786
   893    786
   894    786
   895    786
   896    786
   897    786
   898    786
   899    786
   890    787
   891    787
   892    787
   893    787
   894    787
   895    787
   896    787
   897    787
   898    787
   899    787
