  1180    716
  1170    717
  1171    717
  1172    717
  1173    717
  1174    717
  1175    717
  1176    717
  1177    717
  1178    717
  1179    717
  1163    718
  1164    718
  1165    718
  1166    718
  1167    718
  1168    718
  1169    718
  1158    719
  1159    719
  1160    719
  1161    719
  1162    719
  1172    719
  1173    719
  1174    719
  1175    719
  1176    719
  1177    719
  1178    719
  1179    719
  1151    720
  1152    720
  1153    720
  1154    720
  1155    720
  1156    720
  1157    720
  1165    720
  1166    720
  1167    720
  1168    720
  1169    720
  1170    720
  1171    720
  1145    721
  1146    721
  1147    721
  1148    721
  1149    721
  1150    721
  1159    721
  1160    721
  1161    721
  1162    721
  1163    721
  1164    721
  1139    722
  1140    722
  1141    722
  1142    722
  1143    722
  1144    722
  1153    722
  1154    722
  1155    722
  1156    722
  1157    722
  1158    722
  1133    723
  1134    723
  1135    723
  1136    723
  1137    723
  1138    723
  1146    723
  1147    723
  1148    723
  1149    723
  1150    723
  1151    723
  1152    723
  1126    724
  1127    724
  1128    724
  1129    724
  1130    724
  1131    724
  1132    724
  1141    724
  1142    724
  1143    724
  1144    724
  1145    724
  1120    725
  1121    725
  1122    725
  1123    725
  1124    725
  1125    725
  1134    725
  1135    725
  1136    725
  1137    725
  1138    725
  1139    725
  1140    725
  1114    726
  1115    726
  1116    726
  1117    726
  1118    726
  1119    726
  1128    726
  1129    726
  1130    726
  1131    726
  1132    726
  1133    726
  1107    727
  1108    727
  1109    727
  1110    727
  1111    727
  1112    727
  1113    727
  1121    727
  1122    727
  1123    727
  1124    727
  1125    727
  1126    727
  1127    727
  1102    728
  1103    728
  1104    728
  1105    728
  1106    728
  1115    728
  1116    728
  1117    728
  1118    728
  1119    728
  1120    728
  1096    729
  1097    729
  1098    729
  1099    729
  1100    729
  1101    729
  1109    729
  1110    729
  1111    729
  1112    729
  1113    729
  1114    729
  1090    730
  1091    730
  1092    730
  1093    730
  1094    730
  1095    730
  1103    730
  1104    730
  1105    730
  1106    730
  1107    730
  1108    730
  1085    731
  1086    731
  1087    731
  1088    731
  1089    731
  1097    731
  1098    731
  1099    731
  1100    731
  1101    731
  1102    731
  1079    732
  1080    732
  1081    732
  1082    732
  1083    732
  1084    732
  1092    732
  1093    732
  1094    732
  1095    732
  1096    732
  1074    733
  1075    733
  1076    733
  1077    733
  1078    733
  1087    733
  1088    733
  1089    733
  1090    733
  1091    733
  1069    734
  1070    734
  1071    734
  1072    734
  1073    734
  1081    734
  1082    734
  1083    734
  1084    734
  1085    734
  1086    734
  1064    735
  1065    735
  1066    735
  1067    735
  1068    735
  1076    735
  1077    735
  1078    735
  1079    735
  1080    735
  1059    736
  1060    736
  1061    736
  1062    736
  1063    736
  1071    736
  1072    736
  1073    736
  1074    736
  1075    736
  1055    737
  1056    737
  1057    737
  1058    737
  1066    737
  1067    737
  1068    737
  1069    737
  1070    737
  1050    738
  1051    738
  1052    738
  1053    738
  1054    738
  1062    738
  1063    738
  1064    738
  1065    738
  1046    739
  1047    739
  1048    739
  1049    739
  1057    739
  1058    739
  1059    739
  1060    739
  1061    739
  1041    740
  1042    740
  1043    740
  1044    740
  1045    740
  1053    740
  1054    740
  1055    740
  1056    740
  1036    741
  1037    741
  1038    741
  1039    741
  1040    741
  1048    741
  1049    741
  1050    741
  1051    741
  1052    741
  1032    742
  1033    742
  1034    742
  1035    742
  1044    742
  1045    742
  1046    742
  1047    742
  1028    743
  1029    743
  1030    743
  1031    743
  1039    743
  1040    743
  1041    743
  1042    743
  1043    743
  1024    744
  1025    744
  1026    744
  1027    744
  1035    744
  1036    744
  1037    744
  1038    744
  1020    745
  1021    745
  1022    745
  1023    745
  1031    745
  1032    745
  1033    745
  1034    745
  1016    746
  1017    746
  1018    746
  1019    746
  1027    746
  1028    746
  1029    746
  1030    746
  1012    747
  1013    747
  1014    747
  1015    747
  1023    747
  1024    747
  1025    747
  1026    747
  1009    748
  1010    748
  1011    748
  1019    748
  1020    748
  1021    748
  1022    748
  1005    749
  1006    749
  1007    749
  1008    749
  1016    749
  1017    749
  1018    749
  1001    750
  1002    750
  1003    750
  1004    750
  1012    750
  1013    750
  1014    750
  1015    750
   998    751
   999    751
  1000    751
  1008    751
  1009    751
  1010    751
  1011    751
   995    752
   996    752
   997    752
  1005    752
  1006    752
  1007    752
   991    753
   992    753
   993    753
   994    753
  1002    753
  1003    753
  1004    753
   989    754
   990    754
   998    754
   999    754
  1000    754
  1001    754
   986    755
   987    755
   988    755
   995    755
   996    755
   997    755
   983    756
   984    756
   985    756
   993    756
   994    756
   980    757
   981    757
   982    757
   990    757
   991    757
   992    757
   977    758
   978    758
   979    758
   988    758
   989    758
   974    759
   975    759
   976    759
   984    759
   985    759
   986    759
   987    759
   971    760
   972    760
   973    760
   982    760
   983    760
   984    760
   969    761
   970    761
   979    761
   980    761
   981    761
   966    762
   967    762
   968    762
   977    762
   978    762
   963    763
   964    763
   965    763
   966    763
   974    763
   975    763
   976    763
   961    764
   962    764
   972    764
   973    764
   974    764
   958    765
   959    765
   960    765
   969    765
   970    765
   971    765
   955    766
   956    766
   957    766
   967    766
   968    766
   969    766
   953    767
   954    767
   955    767
   965    767
   966    767
   967    767
   951    768
   952    768
   953    768
   963    768
   964    768
   965    768
   949    769
   950    769
   961    769
   962    769
   946    770
   947    770
   948    770
   949    770
   959    770
   960    770
   961    770
   944    771
   945    771
   946    771
   957    771
   958    771
   959    771
   942    772
   943    772
   944    772
   954    772
   955    772
   956    772
   940    773
   941    773
   942    773
   952    773
   953    773
   954    773
   938    774
   939    774
   940    774
   950    774
   951    774
   952    774
   936    775
   937    775
   938    775
   948    775
   949    775
   950    775
   934    776
   935    776
   936    776
   947    776
   948    776
   932    777
   933    777
   934    777
   945    777
   946    777
   947    777
   930    778
   931    778
   932    778
   943    778
   944    778
   945    778
   928    779
   929    779
   930    779
   941    779
   942    779
   943    779
   927    780
   928    780
   939    780
   940    780
   941    780
   926    781
   927    781
   938    781
   939    781
   936    782
   937    782
   938    782
   935    783
   936    783
   991    786
