  1008    748
  1009    748
  1010    748
  1005    749
  1006    749
  1007    749
  1002    750
  1003    750
  1004    750
   998    751
   999    751
  1000    751
  1001    751
   995    752
   996    752
   997    752
   992    753
   993    753
   994    753
   989    754
   990    754
   991    754
   986    755
   987    755
   988    755
   996    755
   997    755
   983    756
   984    756
   985    756
   993    756
   994    756
   995    756
   980    757
   981    757
   982    757
   990    757
   991    757
   992    757
   993    757
   978    758
   979    758
   988    758
   989    758
   990    758
   975    759
   976    759
   977    759
   985    759
   986    759
   987    759
   972    760
   973    760
   974    760
   983    760
   984    760
   969    761
   970    761
   971    761
   980    761
   981    761
   982    761
   966    762
   967    762
   968    762
   977    762
   978    762
   979    762
   964    763
   965    763
   975    763
   976    763
   961    764
   962    764
   963    764
   972    764
   973    764
   974    764
   958    765
   959    765
   960    765
   970    765
   971    765
   956    766
   957    766
   958    766
   968    766
   969    766
   970    766
   954    767
   955    767
   956    767
   965    767
   966    767
   967    767
   968    767
   951    768
   952    768
   953    768
   964    768
   965    768
   949    769
   950    769
   951    769
   961    769
   962    769
   963    769
   946    770
   947    770
   948    770
   949    770
   959    770
   960    770
   961    770
   945    771
   946    771
   957    771
   958    771
   959    771
   942    772
   943    772
   944    772
   955    772
   956    772
   940    773
   941    773
   942    773
   953    773
   954    773
   955    773
   939    774
   940    774
   951    774
   952    774
   953    774
   936    775
   937    775
   938    775
   949    775
   950    775
   951    775
   934    776
   935    776
   936    776
   947    776
   948    776
   949    776
   932    777
   933    777
   934    777
   945    777
   946    777
   930    778
   931    778
   932    778
   943    778
   944    778
   945    778
   928    779
   929    779
   930    779
   941    779
   942    779
   943    779
   926    780
   927    780
   928    780
   940    780
   941    780
   924    781
   925    781
   926    781
   938    781
   939    781
   940    781
   937    782
   938    782
