  1133    723
  1134    723
  1135    723
  1136    723
  1127    724
  1128    724
  1129    724
  1130    724
  1131    724
  1132    724
  1121    725
  1122    725
  1123    725
  1124    725
  1125    725
  1126    725
  1135    725
  1136    725
  1114    726
  1115    726
  1116    726
  1117    726
  1118    726
  1119    726
  1120    726
  1128    726
  1129    726
  1130    726
  1131    726
  1132    726
  1133    726
  1134    726
  1108    727
  1109    727
  1110    727
  1111    727
  1112    727
  1113    727
  1122    727
  1123    727
  1124    727
  1125    727
  1126    727
  1127    727
  1103    728
  1104    728
  1105    728
  1106    728
  1107    728
  1116    728
  1117    728
  1118    728
  1119    728
  1120    728
  1121    728
  1096    729
  1097    729
  1098    729
  1099    729
  1100    729
  1101    729
  1102    729
  1110    729
  1111    729
  1112    729
  1113    729
  1114    729
  1115    729
  1091    730
  1092    730
  1093    730
  1094    730
  1095    730
  1104    730
  1105    730
  1106    730
  1107    730
  1108    730
  1109    730
  1086    731
  1087    731
  1088    731
  1089    731
  1090    731
  1098    731
  1099    731
  1100    731
  1101    731
  1102    731
  1103    731
  1079    732
  1080    732
  1081    732
  1082    732
  1083    732
  1084    732
  1085    732
  1092    732
  1093    732
  1094    732
  1095    732
  1096    732
  1097    732
  1074    733
  1075    733
  1076    733
  1077    733
  1078    733
  1087    733
  1088    733
  1089    733
  1090    733
  1091    733
  1069    734
  1070    734
  1071    734
  1072    734
  1073    734
  1082    734
  1083    734
  1084    734
  1085    734
  1086    734
  1064    735
  1065    735
  1066    735
  1067    735
  1068    735
  1077    735
  1078    735
  1079    735
  1080    735
  1081    735
  1060    736
  1061    736
  1062    736
  1063    736
  1072    736
  1073    736
  1074    736
  1075    736
  1076    736
  1055    737
  1056    737
  1057    737
  1058    737
  1059    737
  1067    737
  1068    737
  1069    737
  1070    737
  1071    737
  1051    738
  1052    738
  1053    738
  1054    738
  1062    738
  1063    738
  1064    738
  1065    738
  1066    738
  1046    739
  1047    739
  1048    739
  1049    739
  1050    739
  1058    739
  1059    739
  1060    739
  1061    739
  1042    740
  1043    740
  1044    740
  1045    740
  1053    740
  1054    740
  1055    740
  1056    740
  1057    740
  1037    741
  1038    741
  1039    741
  1040    741
  1041    741
  1049    741
  1050    741
  1051    741
  1052    741
  1033    742
  1034    742
  1035    742
  1036    742
  1044    742
  1045    742
  1046    742
  1047    742
  1048    742
  1029    743
  1030    743
  1031    743
  1032    743
  1040    743
  1041    743
  1042    743
  1043    743
  1024    744
  1025    744
  1026    744
  1027    744
  1028    744
  1036    744
  1037    744
  1038    744
  1039    744
  1020    745
  1021    745
  1022    745
  1023    745
  1031    745
  1032    745
  1033    745
  1034    745
  1035    745
  1017    746
  1018    746
  1019    746
  1028    746
  1029    746
  1030    746
  1013    747
  1014    747
  1015    747
  1016    747
  1023    747
  1024    747
  1025    747
  1026    747
  1027    747
  1009    748
  1010    748
  1011    748
  1012    748
  1020    748
  1021    748
  1022    748
  1005    749
  1006    749
  1007    749
  1008    749
  1016    749
  1017    749
  1018    749
  1019    749
  1002    750
  1003    750
  1004    750
  1012    750
  1013    750
  1014    750
  1015    750
   998    751
   999    751
  1000    751
  1001    751
  1009    751
  1010    751
  1011    751
   995    752
   996    752
   997    752
  1005    752
  1006    752
  1007    752
  1008    752
   992    753
   993    753
   994    753
  1002    753
  1003    753
  1004    753
   989    754
   990    754
   991    754
   999    754
  1000    754
  1001    754
   986    755
   987    755
   988    755
   996    755
   997    755
   998    755
   983    756
   984    756
   985    756
   993    756
   994    756
   995    756
   980    757
   981    757
   982    757
   990    757
   991    757
   992    757
   978    758
   979    758
   987    758
   988    758
   989    758
   990    758
   975    759
   976    759
   977    759
   985    759
   986    759
   987    759
   972    760
   973    760
   974    760
   982    760
   983    760
   984    760
   968    761
   969    761
   970    761
   971    761
   980    761
   981    761
   966    762
   967    762
   968    762
   977    762
   978    762
   979    762
   964    763
   965    763
   975    763
   976    763
   961    764
   962    764
   963    764
   972    764
   973    764
   974    764
   958    765
   959    765
   960    765
   970    765
   971    765
   956    766
   957    766
   968    766
   969    766
   970    766
   954    767
   955    767
   956    767
   966    767
   967    767
   968    767
   951    768
   952    768
   953    768
   964    768
   965    768
   966    768
   949    769
   950    769
   961    769
   962    769
   963    769
   946    770
   947    770
   948    770
   949    770
   959    770
   960    770
   961    770
   945    771
   946    771
   957    771
   958    771
   942    772
   943    772
   944    772
   955    772
   956    772
   957    772
   940    773
   941    773
   942    773
   953    773
   954    773
   955    773
   938    774
   939    774
   940    774
   951    774
   952    774
   953    774
   936    775
   937    775
   938    775
   949    775
   950    775
   951    775
   935    776
   936    776
   947    776
   948    776
   949    776
   933    777
   934    777
   935    777
   945    777
   946    777
   947    777
   930    778
   931    778
   932    778
   943    778
   944    778
   945    778
   928    779
   929    779
   930    779
   941    779
   942    779
   943    779
   926    780
   927    780
   928    780
   939    780
   940    780
   941    780
   924    781
   925    781
   926    781
   938    781
   939    781
   936    782
   937    782
   938    782
   935    783
   936    783
   933    784
   934    784
   935    784
