  1103    728
  1104    728
  1105    728
  1106    728
  1107    728
  1096    729
  1097    729
  1098    729
  1099    729
  1100    729
  1101    729
  1102    729
  1091    730
  1092    730
  1093    730
  1094    730
  1095    730
  1104    730
  1105    730
  1106    730
  1107    730
  1086    731
  1087    731
  1088    731
  1089    731
  1090    731
  1098    731
  1099    731
  1100    731
  1101    731
  1102    731
  1103    731
  1080    732
  1081    732
  1082    732
  1083    732
  1084    732
  1085    732
  1093    732
  1094    732
  1095    732
  1096    732
  1097    732
  1075    733
  1076    733
  1077    733
  1078    733
  1079    733
  1087    733
  1088    733
  1089    733
  1090    733
  1091    733
  1092    733
  1070    734
  1071    734
  1072    734
  1073    734
  1074    734
  1082    734
  1083    734
  1084    734
  1085    734
  1086    734
  1065    735
  1066    735
  1067    735
  1068    735
  1069    735
  1077    735
  1078    735
  1079    735
  1080    735
  1081    735
  1060    736
  1061    736
  1062    736
  1063    736
  1064    736
  1072    736
  1073    736
  1074    736
  1075    736
  1076    736
  1056    737
  1057    737
  1058    737
  1059    737
  1067    737
  1068    737
  1069    737
  1070    737
  1071    737
  1051    738
  1052    738
  1053    738
  1054    738
  1055    738
  1063    738
  1064    738
  1065    738
  1066    738
  1046    739
  1047    739
  1048    739
  1049    739
  1050    739
  1058    739
  1059    739
  1060    739
  1061    739
  1062    739
  1042    740
  1043    740
  1044    740
  1045    740
  1054    740
  1055    740
  1056    740
  1057    740
  1038    741
  1039    741
  1040    741
  1041    741
  1049    741
  1050    741
  1051    741
  1052    741
  1053    741
  1033    742
  1034    742
  1035    742
  1036    742
  1037    742
  1045    742
  1046    742
  1047    742
  1048    742
  1029    743
  1030    743
  1031    743
  1032    743
  1041    743
  1042    743
  1043    743
  1044    743
  1025    744
  1026    744
  1027    744
  1028    744
  1036    744
  1037    744
  1038    744
  1039    744
  1040    744
  1021    745
  1022    745
  1023    745
  1024    745
  1032    745
  1033    745
  1034    745
  1035    745
  1017    746
  1018    746
  1019    746
  1020    746
  1028    746
  1029    746
  1030    746
  1031    746
  1013    747
  1014    747
  1015    747
  1016    747
  1024    747
  1025    747
  1026    747
  1027    747
  1009    748
  1010    748
  1011    748
  1012    748
  1020    748
  1021    748
  1022    748
  1023    748
  1006    749
  1007    749
  1008    749
  1016    749
  1017    749
  1018    749
  1019    749
  1002    750
  1003    750
  1004    750
  1005    750
  1013    750
  1014    750
  1015    750
   999    751
  1000    751
  1001    751
  1009    751
  1010    751
  1011    751
  1012    751
   995    752
   996    752
   997    752
   998    752
  1005    752
  1006    752
  1007    752
  1008    752
   992    753
   993    753
   994    753
  1002    753
  1003    753
  1004    753
   989    754
   990    754
   991    754
   999    754
  1000    754
  1001    754
   986    755
   987    755
   988    755
   996    755
   997    755
   998    755
   983    756
   984    756
   985    756
   993    756
   994    756
   995    756
   981    757
   982    757
   991    757
   992    757
   978    758
   979    758
   980    758
   988    758
   989    758
   990    758
   975    759
   976    759
   977    759
   985    759
   986    759
   987    759
   972    760
   973    760
   974    760
   983    760
   984    760
   969    761
   970    761
   971    761
   980    761
   981    761
   982    761
   966    762
   967    762
   968    762
   977    762
   978    762
   979    762
   964    763
   965    763
   975    763
   976    763
   961    764
   962    764
   963    764
   972    764
   973    764
   974    764
   959    765
   960    765
   961    765
   970    765
   971    765
   972    765
   956    766
   957    766
   958    766
   968    766
   969    766
   970    766
   953    767
   954    767
   955    767
   966    767
   967    767
   968    767
   964    768
   965    768
   961    769
   962    769
   963    769
   959    770
   960    770
   961    770
   957    771
   958    771
   959    771
   955    772
   956    772
   953    773
   954    773
   955    773
