   594    698
   595    698
   598    698
   599    698
   595    699
   596    699
   599    699
   596    700
   599    700
   600    700
   596    701
   597    701
   600    701
   601    701
   597    702
   598    702
   601    702
   602    702
   598    703
   599    703
   602    703
   603    703
   599    704
   603    704
   604    704
   599    705
   600    705
   604    705
   605    705
   600    706
   601    706
   605    706
   601    707
   602    707
   605    707
   606    707
   602    708
   603    708
   606    708
   607    708
   603    709
   607    709
   608    709
   603    710
   604    710
   608    710
   609    710
   604    711
   605    711
   609    711
   605    712
   606    712
   609    712
   610    712
   606    713
   610    713
   611    713
   606    714
   607    714
   611    714
   612    714
   607    715
   608    715
   612    715
   613    715
   608    716
   609    716
   613    716
   614    716
   609    717
   610    717
   614    717
   615    717
   610    718
   615    718
   616    718
   610    719
   611    719
   616    719
   611    720
   612    720
   616    720
   617    720
   612    721
   613    721
   617    721
   618    721
   613    722
   614    722
   618    722
   619    722
   614    723
   615    723
   619    723
   620    723
   615    724
   616    724
   620    724
   621    724
   616    725
   617    725
   621    725
   622    725
   617    726
   622    726
   623    726
   617    727
   618    727
   623    727
   624    727
   618    728
   619    728
   624    728
   625    728
   619    729
   620    729
   625    729
   626    729
   620    730
   626    730
   627    730
   620    731
   621    731
   627    731
   628    731
   621    732
   622    732
   628    732
   629    732
   622    733
   623    733
   629    733
   630    733
   623    734
   630    734
   623    735
   624    735
   630    735
   631    735
   624    736
   625    736
   631    736
   632    736
   625    737
   632    737
   633    737
   625    738
   626    738
   633    738
   626    739
   633    739
   634    739
   626    740
   627    740
   634    740
   635    740
   627    741
   628    741
   635    741
   636    741
   628    742
   629    742
   636    742
   637    742
   629    743
   630    743
   637    743
   638    743
   630    744
   638    744
   630    745
   631    745
   638    745
   639    745
   631    746
   632    746
   639    746
   640    746
   632    747
   633    747
   640    747
   641    747
   633    748
   641    748
   642    748
   633    749
   634    749
   642    749
   643    749
   634    750
   635    750
   643    750
   635    751
   636    751
   643    751
   644    751
   636    752
   644    752
   645    752
   636    753
   637    753
   645    753
   646    753
   637    754
   638    754
   646    754
   647    754
   638    755
   639    755
   647    755
   648    755
   639    756
   640    756
   648    756
   649    756
   640    757
   641    757
   649    757
   650    757
   641    758
   650    758
   641    759
   642    759
   650    759
   651    759
   642    760
   643    760
   651    760
   652    760
   643    761
   644    761
   652    761
   653    761
   644    762
   653    762
   654    762
   644    763
   645    763
   654    763
   655    763
   645    764
   646    764
   655    764
   656    764
   646    765
   647    765
   656    765
   657    765
   647    766
   648    766
   657    766
   658    766
   648    767
   658    767
   649    768
   658    768
   659    768
   649    769
   650    769
   659    769
   660    769
   650    770
   651    770
   660    770
   661    770
   651    771
   652    771
   661    771
   662    771
   652    772
   653    772
   662    772
   663    772
   653    773
   654    773
   663    773
   664    773
   654    774
   655    774
   664    774
   665    774
   655    775
   656    775
   665    775
   666    775
   656    776
   657    776
   666    776
   667    776
   657    777
   658    777
   667    777
   668    777
   680    777
   658    778
   668    778
   658    779
   659    779
