   597    694
   601    694
   597    695
   598    695
   601    695
   598    696
   599    696
   601    696
   602    696
   599    697
   602    697
   603    697
   599    698
   600    698
   603    698
   600    699
   601    699
   603    699
   604    699
   601    700
   604    700
   605    700
   601    701
   602    701
   605    701
   606    701
   602    702
   606    702
   602    703
   603    703
   606    703
   607    703
   603    704
   604    704
   607    704
   608    704
   604    705
   605    705
   608    705
   609    705
   605    706
   606    706
   609    706
   610    706
   606    707
   610    707
   611    707
   606    708
   607    708
   611    708
   607    709
   608    709
   611    709
   612    709
   608    710
   612    710
   613    710
   608    711
   609    711
   613    711
   614    711
   609    712
   610    712
   614    712
   615    712
   610    713
   611    713
   615    713
   611    714
   616    714
   612    715
   616    715
   617    715
   612    716
   613    716
   617    716
   618    716
   613    717
   614    717
   618    717
   619    717
   614    718
   615    718
   619    718
   620    718
   615    719
   620    719
   621    719
   615    720
   616    720
   621    720
   622    720
   616    721
   617    721
   622    721
   617    722
   618    722
   622    722
   623    722
   618    723
   623    723
   624    723
   618    724
   619    724
   624    724
   625    724
   619    725
   620    725
   625    725
   626    725
   620    726
   621    726
   626    726
   627    726
   621    727
   622    727
   627    727
   628    727
   622    728
   623    728
   628    728
   629    728
   623    729
   629    729
   630    729
   624    730
   630    730
   631    730
   624    731
   625    731
   631    731
   632    731
   625    732
   626    732
   632    732
   633    732
   626    733
   627    733
   633    733
   627    734
   633    734
   634    734
   627    735
   628    735
   634    735
   635    735
   628    736
   635    736
   636    736
   628    737
   629    737
   636    737
   629    738
   630    738
   636    738
   637    738
   630    739
   637    739
   638    739
   630    740
   631    740
   638    740
   639    740
   631    741
   639    741
   631    742
   632    742
   639    742
   640    742
   632    743
   633    743
   640    743
   641    743
   633    744
   634    744
   641    744
   642    744
   634    745
   635    745
   642    745
   635    746
   642    746
   643    746
   635    747
   636    747
   643    747
   644    747
   636    748
   637    748
   644    748
   645    748
   637    749
   645    749
   646    749
   637    750
   638    750
   646    750
   638    751
   639    751
   646    751
   647    751
   639    752
   640    752
   647    752
   648    752
   640    753
   648    753
   649    753
   640    754
   641    754
   649    754
   650    754
   641    755
   642    755
   650    755
   651    755
   642    756
   643    756
   651    756
   652    756
   643    757
   644    757
   652    757
   653    757
   644    758
   653    758
   654    758
   644    759
   645    759
   654    759
   645    760
   646    760
   654    760
   655    760
   646    761
   647    761
   655    761
   656    761
   647    762
   656    762
   657    762
   647    763
   648    763
   657    763
   658    763
   648    764
   649    764
   658    764
   659    764
   649    765
   659    765
   649    766
   650    766
   659    766
   660    766
   650    767
   651    767
   660    767
   661    767
   651    768
   652    768
   661    768
   662    768
   652    769
   653    769
   662    769
   663    769
   653    770
   654    770
   663    770
   664    770
   654    771
   655    771
   664    771
   665    771
   655    772
   665    772
   666    772
   655    773
   656    773
   666    773
   667    773
   656    774
   657    774
   667    774
   668    774
   657    775
   658    775
   668    775
   669    775
   658    776
   659    776
   669    776
   659    777
