   598    700
   601    700
   602    700
   598    701
   599    701
   602    701
   603    701
   599    702
   603    702
   599    703
   600    703
   603    703
   604    703
   600    704
   601    704
   604    704
   605    704
   601    705
   602    705
   605    705
   606    705
   602    706
   603    706
   606    706
   607    706
   603    707
   607    707
   608    707
   603    708
   604    708
   608    708
   604    709
   605    709
   608    709
   609    709
   605    710
   609    710
   610    710
   605    711
   606    711
   610    711
   611    711
   606    712
   607    712
   611    712
   612    712
   607    713
   608    713
   612    713
   613    713
   608    714
   609    714
   613    714
   614    714
   609    715
   614    715
   609    716
   610    716
   614    716
   615    716
   610    717
   611    717
   615    717
   616    717
   611    718
   612    718
   616    718
   617    718
   612    719
   613    719
   617    719
   618    719
   613    720
   618    720
   619    720
   613    721
   614    721
   619    721
   620    721
   614    722
   615    722
   620    722
   615    723
   616    723
   620    723
   621    723
   616    724
   617    724
   621    724
   622    724
   617    725
   618    725
   622    725
   623    725
   624    725
   618    726
   619    726
   624    726
   625    726
   619    727
   625    727
   626    727
   634    727
   619    728
   620    728
   626    728
   620    729
   621    729
   626    729
   627    729
   621    730
   622    730
   627    730
   628    730
   622    731
   628    731
   629    731
   622    732
   623    732
   629    732
   630    732
   623    733
   624    733
   630    733
   631    733
   624    734
   631    734
   632    734
   624    735
   625    735
   632    735
   625    736
   626    736
   632    736
   633    736
   626    737
   633    737
   634    737
   626    738
   627    738
   634    738
   627    739
   628    739
   634    739
   635    739
   628    740
   635    740
   636    740
   628    741
   629    741
   636    741
   637    741
   629    742
   630    742
   637    742
   638    742
   630    743
   631    743
   638    743
   639    743
   631    744
   632    744
   639    744
   632    745
   639    745
   640    745
   632    746
   633    746
   640    746
   641    746
   633    747
   634    747
   641    747
   642    747
   634    748
   635    748
   642    748
   643    748
   635    749
   643    749
   635    750
   636    750
   643    750
   644    750
   636    751
   637    751
   644    751
   645    751
   637    752
   645    752
   646    752
   637    753
   638    753
   646    753
   647    753
   638    754
   639    754
   647    754
   648    754
   639    755
   640    755
   648    755
   649    755
   640    756
   641    756
   649    756
   650    756
   641    757
   650    757
   651    757
   641    758
   642    758
   651    758
   642    759
   643    759
   651    759
   652    759
   643    760
   644    760
   652    760
   653    760
   644    761
   653    761
   654    761
   644    762
   645    762
   654    762
   655    762
   645    763
   646    763
   655    763
   656    763
   646    764
   647    764
   656    764
   657    764
   647    765
   648    765
   657    765
   658    765
   648    766
   658    766
   648    767
   649    767
   658    767
   659    767
   649    768
   650    768
   659    768
   660    768
   650    769
   651    769
   660    769
   661    769
   651    770
   652    770
   661    770
   662    770
   652    771
   653    771
   662    771
   663    771
   653    772
   654    772
   663    772
   664    772
   654    773
   655    773
   664    773
   665    773
   655    774
   656    774
   665    774
   666    774
   656    775
   657    775
   666    775
   667    775
   657    776
   667    776
   668    776
   657    777
   658    777
   668    777
   658    778
   659    778
   668    778
   669    778
   670    778
   659    779
   670    779
