   601    698
   602    698
   598    699
   599    699
   602    699
   603    699
   599    700
   600    700
   603    700
   600    701
   603    701
   604    701
   600    702
   601    702
   604    702
   605    702
   601    703
   602    703
   605    703
   606    703
   602    704
   606    704
   607    704
   602    705
   603    705
   607    705
   603    706
   604    706
   607    706
   608    706
   604    707
   605    707
   608    707
   609    707
   605    708
   606    708
   609    708
   610    708
   606    709
   610    709
   611    709
   606    710
   607    710
   611    710
   612    710
   607    711
   608    711
   612    711
   608    712
   612    712
   613    712
   608    713
   609    713
   613    713
   614    713
   609    714
   610    714
   614    714
   615    714
   610    715
   611    715
   615    715
   616    715
   611    716
   612    716
   616    716
   617    716
   612    717
   617    717
   618    717
   612    718
   613    718
   618    718
   619    718
   613    719
   614    719
   619    719
   614    720
   615    720
   619    720
   620    720
   615    721
   616    721
   620    721
   621    721
   616    722
   617    722
   621    722
   622    722
   617    723
   622    723
   623    723
   617    724
   618    724
   623    724
   624    724
   618    725
   619    725
   624    725
   625    725
   633    725
   619    726
   620    726
   625    726
   626    726
   620    727
   621    727
   626    727
   627    727
   621    728
   627    728
   628    728
   621    729
   622    729
   628    729
   629    729
   622    730
   623    730
   629    730
   623    731
   624    731
   629    731
   630    731
   624    732
   630    732
   631    732
   624    733
   625    733
   631    733
   632    733
   625    734
   626    734
   632    734
   633    734
   626    735
   633    735
   634    735
   626    736
   627    736
   634    736
   627    737
   628    737
   634    737
   635    737
   628    738
   635    738
   636    738
   628    739
   629    739
   636    739
   629    740
   636    740
   637    740
   629    741
   630    741
   637    741
   638    741
   630    742
   631    742
   638    742
   639    742
   631    743
   632    743
   639    743
   640    743
   632    744
   633    744
   640    744
   633    745
   640    745
   641    745
   633    746
   634    746
   641    746
   642    746
   634    747
   635    747
   642    747
   643    747
   635    748
   636    748
   643    748
   644    748
   636    749
   644    749
   645    749
   636    750
   637    750
   645    750
   637    751
   638    751
   645    751
   646    751
   638    752
   639    752
   646    752
   647    752
   639    753
   647    753
   648    753
   639    754
   640    754
   648    754
   649    754
   640    755
   641    755
   649    755
   650    755
   641    756
   642    756
   650    756
   651    756
   642    757
   643    757
   651    757
   652    757
   643    758
   652    758
   643    759
   644    759
   652    759
   653    759
   644    760
   645    760
   653    760
   654    760
   645    761
   654    761
   655    761
   645    762
   646    762
   655    762
   656    762
   646    763
   647    763
   656    763
   657    763
   647    764
   648    764
   657    764
   658    764
   648    765
   649    765
   658    765
   649    766
   658    766
   659    766
   649    767
   650    767
   659    767
   660    767
   650    768
   651    768
   660    768
   661    768
   651    769
   652    769
   661    769
   662    769
   652    770
   653    770
   662    770
   663    770
   653    771
   654    771
   663    771
   664    771
   654    772
   664    772
   655    773
   665    773
   655    774
   656    774
   665    774
   666    774
   656    775
   657    775
   666    775
   667    775
   657    776
   658    776
   667    776
   668    776
   658    777
   659    777
   668    777
   669    777
   659    778
