   598    700
   599    700
   595    701
   599    701
   595    702
   596    702
   599    702
   600    702
   596    703
   597    703
   600    703
   601    703
   597    704
   598    704
   601    704
   602    704
   598    705
   599    705
   602    705
   603    705
   599    706
   603    706
   604    706
   599    707
   600    707
   604    707
   605    707
   600    708
   601    708
   605    708
   601    709
   602    709
   605    709
   606    709
   602    710
   603    710
   606    710
   607    710
   603    711
   607    711
   608    711
   603    712
   604    712
   608    712
   609    712
   604    713
   605    713
   609    713
   610    713
   605    714
   606    714
   610    714
   611    714
   606    715
   607    715
   611    715
   612    715
   607    716
   612    716
   607    717
   608    717
   612    717
   613    717
   608    718
   609    718
   613    718
   614    718
   609    719
   610    719
   614    719
   615    719
   610    720
   611    720
   615    720
   616    720
   611    721
   616    721
   617    721
   611    722
   612    722
   617    722
   618    722
   612    723
   613    723
   618    723
   619    723
   613    724
   614    724
   619    724
   620    724
   614    725
   615    725
   620    725
   621    725
   615    726
   616    726
   621    726
   622    726
   616    727
   617    727
   622    727
   623    727
   617    728
   618    728
   623    728
   624    728
   618    729
   624    729
   625    729
   618    730
   619    730
   625    730
   626    730
   619    731
   620    731
   626    731
   627    731
   620    732
   621    732
   627    732
   621    733
   627    733
   628    733
   621    734
   622    734
   628    734
   629    734
   622    735
   623    735
   629    735
   630    735
   623    736
   630    736
   623    737
   624    737
   630    737
   631    737
   624    738
   631    738
   632    738
   624    739
   625    739
   632    739
   633    739
   625    740
   626    740
   633    740
   634    740
   626    741
   627    741
   634    741
   627    742
   628    742
   634    742
   635    742
   628    743
   635    743
   636    743
   628    744
   629    744
   636    744
   637    744
   629    745
   630    745
   637    745
   638    745
   630    746
   631    746
   638    746
   639    746
   631    747
   639    747
   640    747
   631    748
   632    748
   640    748
   632    749
   633    749
   640    749
   641    749
   633    750
   634    750
   641    750
   642    750
   634    751
   635    751
   642    751
   643    751
   635    752
   643    752
   644    752
   635    753
   636    753
   644    753
   645    753
   636    754
   637    754
   645    754
   646    754
   637    755
   638    755
   646    755
   647    755
   638    756
   639    756
   647    756
   648    756
   639    757
   648    757
   639    758
   640    758
   648    758
   649    758
   640    759
   641    759
   649    759
   650    759
   641    760
   642    760
   650    760
   651    760
   642    761
   651    761
   652    761
   642    762
   643    762
   652    762
   653    762
   643    763
   644    763
   653    763
   654    763
   644    764
   645    764
   654    764
   655    764
   645    765
   646    765
   655    765
   656    765
   646    766
   647    766
   656    766
   657    766
   647    767
   648    767
   657    767
   658    767
   648    768
   649    768
   658    768
   649    769
   650    769
   658    769
   659    769
   650    770
   659    770
   660    770
   650    771
   651    771
   660    771
   661    771
   651    772
   652    772
   661    772
   662    772
   652    773
   653    773
   662    773
   663    773
   653    774
   654    774
   663    774
   664    774
   654    775
   655    775
   664    775
   665    775
   655    776
   656    776
   665    776
   666    776
   656    777
   657    777
   666    777
   667    777
   657    778
   667    778
   668    778
   668    779
   669    779
   669    780
