   615    696
   616    696
   616    697
   616    698
   617    698
   613    699
   614    699
   617    699
   618    699
   614    700
   615    700
   618    700
   615    701
   618    701
   619    701
   615    702
   616    702
   619    702
   616    703
   619    703
   620    703
   616    704
   617    704
   620    704
   621    704
   617    705
   621    705
   617    706
   618    706
   621    706
   622    706
   618    707
   619    707
   622    707
   623    707
   619    708
   620    708
   623    708
   624    708
   620    709
   624    709
   625    709
   620    710
   621    710
   625    710
   621    711
   622    711
   625    711
   626    711
   622    712
   626    712
   627    712
   622    713
   623    713
   627    713
   628    713
   623    714
   624    714
   628    714
   624    715
   628    715
   629    715
   624    716
   625    716
   629    716
   630    716
   625    717
   626    717
   630    717
   631    717
   626    718
   631    718
   626    719
   627    719
   631    719
   632    719
   627    720
   628    720
   632    720
   633    720
   628    721
   633    721
   634    721
   628    722
   629    722
   634    722
   635    722
   629    723
   630    723
   635    723
   636    723
   630    724
   631    724
   636    724
   631    725
   636    725
   637    725
   631    726
   632    726
   637    726
   638    726
   632    727
   633    727
   638    727
   639    727
   633    728
   634    728
   639    728
   640    728
   634    729
   640    729
   641    729
   634    730
   635    730
   641    730
   642    730
   635    731
   636    731
   642    731
   636    732
   642    732
   643    732
   636    733
   637    733
   643    733
   644    733
   637    734
   638    734
   644    734
   645    734
   638    735
   639    735
   645    735
   646    735
   639    736
   646    736
   639    737
   640    737
   646    737
   647    737
   640    738
   647    738
   648    738
   640    739
   641    739
   648    739
   641    740
   648    740
   649    740
   641    741
   642    741
   649    741
   642    742
   649    742
   650    742
   642    743
   643    743
   650    743
   651    743
   643    744
   651    744
   652    744
   643    745
   644    745
   652    745
   644    746
   645    746
   652    746
   653    746
   645    747
   646    747
   653    747
   654    747
   646    748
   654    748
   655    748
   646    749
   647    749
   655    749
   647    750
   648    750
   655    750
   656    750
   648    751
   656    751
   657    751
   648    752
   649    752
   657    752
   649    753
   650    753
   657    753
   658    753
   650    754
   658    754
   659    754
   650    755
   651    755
   659    755
   660    755
   651    756
   652    756
   660    756
   652    757
   660    757
   661    757
   652    758
   653    758
   661    758
   662    758
   653    759
   654    759
   662    759
   663    759
   654    760
   663    760
   664    760
   655    761
   664    761
   665    761
   655    762
   656    762
   665    762
   656    763
   657    763
   665    763
   666    763
   657    764
   666    764
   657    765
   658    765
   666    765
   667    765
   658    766
   667    766
   668    766
   658    767
   659    767
   668    767
   669    767
   659    768
   660    768
   669    768
   670    768
   660    769
   670    769
   660    770
   661    770
   670    770
   671    770
   661    771
   662    771
   671    771
   672    771
   662    772
