   614    697
   615    697
   612    698
   615    698
   612    699
   613    699
   616    699
   613    700
   616    700
   617    700
   613    701
   614    701
   617    701
   614    702
   617    702
   618    702
   614    703
   615    703
   618    703
   619    703
   615    704
   619    704
   615    705
   616    705
   619    705
   620    705
   616    706
   617    706
   620    706
   621    706
   617    707
   618    707
   621    707
   622    707
   618    708
   622    708
   623    708
   618    709
   619    709
   623    709
   619    710
   620    710
   623    710
   624    710
   620    711
   624    711
   625    711
   620    712
   621    712
   625    712
   621    713
   622    713
   625    713
   626    713
   622    714
   626    714
   627    714
   622    715
   623    715
   627    715
   628    715
   623    716
   624    716
   628    716
   629    716
   624    717
   629    717
   630    717
   624    718
   625    718
   630    718
   625    719
   626    719
   630    719
   631    719
   626    720
   627    720
   631    720
   632    720
   627    721
   632    721
   633    721
   627    722
   628    722
   633    722
   628    723
   629    723
   633    723
   634    723
   629    724
   634    724
   635    724
   629    725
   630    725
   635    725
   636    725
   630    726
   631    726
   636    726
   637    726
   631    727
   632    727
   637    727
   638    727
   632    728
   633    728
   638    728
   639    728
   633    729
   639    729
   640    729
   633    730
   634    730
   640    730
   634    731
   635    731
   640    731
   641    731
   635    732
   641    732
   642    732
   635    733
   636    733
   642    733
   643    733
   636    734
   637    734
   643    734
   644    734
   637    735
   644    735
   637    736
   638    736
   644    736
   645    736
   638    737
   639    737
   645    737
   646    737
   639    738
   646    738
   639    739
   640    739
   646    739
   647    739
   640    740
   647    740
   648    740
   640    741
   641    741
   648    741
   641    742
   648    742
   649    742
   641    743
   642    743
   649    743
   650    743
   642    744
   650    744
   642    745
   643    745
   650    745
   651    745
   643    746
   644    746
   651    746
   652    746
   644    747
   645    747
   652    747
   653    747
   645    748
   653    748
   645    749
   646    749
   653    749
   654    749
   646    750
   647    750
   654    750
   655    750
   647    751
   655    751
   656    751
   647    752
   648    752
   656    752
   648    753
   649    753
   656    753
   657    753
   649    754
   657    754
   658    754
   649    755
   650    755
   658    755
   659    755
   650    756
   651    756
   659    756
   651    757
   659    757
   660    757
   651    758
   652    758
   660    758
   661    758
   652    759
   653    759
   661    759
   662    759
   653    760
   654    760
   662    760
   663    760
   654    761
   663    761
   654    762
   655    762
   663    762
   664    762
   655    763
   664    763
   665    763
   655    764
   656    764
   665    764
   666    764
   656    765
   657    765
   666    765
   667    765
   657    766
   667    766
   657    767
   658    767
   667    767
   668    767
   658    768
   659    768
   668    768
   669    768
   659    769
   669    769
   669    770
   670    770
   670    771
   671    771
   671    772
   672    772
