   610    700
   611    700
   608    701
   611    701
   612    701
   608    702
   609    702
   612    702
   609    703
   612    703
   613    703
   609    704
   610    704
   613    704
   614    704
   610    705
   611    705
   614    705
   615    705
   611    706
   612    706
   615    706
   616    706
   612    707
   616    707
   612    708
   613    708
   616    708
   617    708
   613    709
   614    709
   617    709
   618    709
   614    710
   618    710
   619    710
   614    711
   615    711
   619    711
   620    711
   615    712
   616    712
   620    712
   616    713
   620    713
   621    713
   616    714
   617    714
   621    714
   622    714
   617    715
   618    715
   622    715
   623    715
   618    716
   619    716
   623    716
   624    716
   619    717
   624    717
   619    718
   620    718
   624    718
   625    718
   620    719
   621    719
   625    719
   626    719
   621    720
   622    720
   626    720
   627    720
   622    721
   627    721
   628    721
   622    722
   623    722
   628    722
   629    722
   623    723
   624    723
   629    723
   624    724
   625    724
   629    724
   630    724
   625    725
   630    725
   631    725
   625    726
   626    726
   631    726
   632    726
   626    727
   627    727
   632    727
   633    727
   627    728
   628    728
   633    728
   634    728
   628    729
   629    729
   634    729
   635    729
   644    729
   629    730
   635    730
   636    730
   629    731
   630    731
   636    731
   637    731
   630    732
   631    732
   637    732
   638    732
   631    733
   638    733
   631    734
   632    734
   638    734
   639    734
   632    735
   633    735
   639    735
   640    735
   633    736
   640    736
   641    736
   633    737
   634    737
   641    737
   634    738
   641    738
   642    738
   634    739
   635    739
   642    739
   643    739
   635    740
   643    740
   635    741
   636    741
   643    741
   644    741
   636    742
   637    742
   644    742
   645    742
   637    743
   645    743
   646    743
   637    744
   638    744
   646    744
   638    745
   639    745
   646    745
   647    745
   639    746
   640    746
   647    746
   648    746
   640    747
   648    747
   649    747
   640    748
   641    748
   649    748
   641    749
   642    749
   649    749
   650    749
   642    750
   643    750
   650    750
   651    750
   643    751
   651    751
   652    751
   643    752
   644    752
   652    752
   644    753
   645    753
   652    753
   653    753
   645    754
   646    754
   653    754
   654    754
   646    755
   654    755
   655    755
   646    756
   647    756
   655    756
   656    756
   647    757
   648    757
   656    757
   657    757
   648    758
   657    758
   648    759
   649    759
   657    759
   658    759
   649    760
   650    760
   658    760
   659    760
   650    761
   651    761
   659    761
   660    761
   651    762
   652    762
   660    762
   652    763
   660    763
   661    763
   652    764
   653    764
   661    764
   662    764
   653    765
   662    765
   663    765
   653    766
   654    766
   663    766
   664    766
   654    767
   655    767
   664    767
   665    767
   655    768
   665    768
   666    768
   655    769
   656    769
   666    769
   656    770
   657    770
   666    770
   667    770
   657    771
   658    771
   667    771
   668    771
   658    772
   659    772
   668    772
   669    772
   659    773
   669    773
   670    773
   659    774
   670    774
