   610    694
   607    695
   610    695
   611    695
   607    696
   608    696
   611    696
   608    697
   609    697
   611    697
   612    697
   609    698
   612    698
   613    698
   609    699
   610    699
   613    699
   610    700
   613    700
   614    700
   610    701
   611    701
   614    701
   615    701
   611    702
   615    702
   612    703
   615    703
   616    703
   612    704
   613    704
   616    704
   617    704
   613    705
   617    705
   613    706
   614    706
   617    706
   618    706
   614    707
   615    707
   618    707
   619    707
   615    708
   616    708
   619    708
   620    708
   616    709
   620    709
   621    709
   616    710
   617    710
   621    710
   617    711
   618    711
   621    711
   622    711
   618    712
   622    712
   623    712
   618    713
   619    713
   623    713
   624    713
   619    714
   620    714
   624    714
   620    715
   624    715
   625    715
   620    716
   621    716
   625    716
   626    716
   621    717
   622    717
   626    717
   627    717
   622    718
   623    718
   627    718
   628    718
   623    719
   628    719
   629    719
   623    720
   624    720
   629    720
   624    721
   625    721
   629    721
   630    721
   625    722
   630    722
   631    722
   625    723
   626    723
   631    723
   632    723
   626    724
   627    724
   632    724
   633    724
   627    725
   628    725
   633    725
   628    726
   629    726
   633    726
   634    726
   629    727
   634    727
   635    727
   629    728
   630    728
   635    728
   636    728
   644    728
   630    729
   631    729
   636    729
   637    729
   631    730
   632    730
   637    730
   638    730
   632    731
   638    731
   639    731
   632    732
   633    732
   639    732
   640    732
   633    733
   634    733
   640    733
   641    733
   634    734
   641    734
   634    735
   635    735
   641    735
   642    735
   635    736
   636    736
   642    736
   643    736
   636    737
   643    737
   636    738
   637    738
   644    738
   637    739
   644    739
   645    739
   637    740
   638    740
   645    740
   638    741
   645    741
   646    741
   638    742
   639    742
   646    742
   647    742
   639    743
   647    743
   648    743
   639    744
   640    744
   648    744
   640    745
   641    745
   648    745
   649    745
   641    746
   642    746
   649    746
   650    746
   642    747
   643    747
   650    747
   643    748
   650    748
   651    748
   643    749
   644    749
   651    749
   652    749
   644    750
   645    750
   652    750
   653    750
   645    751
   653    751
   654    751
   645    752
   646    752
   654    752
   655    752
   646    753
   647    753
   655    753
   647    754
   655    754
   656    754
   647    755
   648    755
   656    755
   657    755
   648    756
   649    756
   657    756
   649    757
   650    757
   657    757
   658    757
   650    758
   658    758
   659    758
   650    759
   651    759
   659    759
   660    759
   651    760
   652    760
   660    760
   661    760
   652    761
   661    761
   662    761
   652    762
   653    762
   662    762
   653    763
   654    763
   663    763
   654    764
   663    764
   664    764
   654    765
   655    765
   664    765
   665    765
   655    766
   656    766
   665    766
   656    767
   665    767
   666    767
   656    768
   657    768
   666    768
   667    768
   657    769
   658    769
   667    769
   668    769
   658    770
   659    770
   668    770
   669    770
   659    771
   669    771
   670    771
   659    772
   660    772
   670    772
   671    772
   660    773
   661    773
   671    773
   672    773
   661    774
   672    774
