   617    695
   613    696
   614    696
   617    696
   614    697
   617    697
   618    697
   615    698
   618    698
   615    699
   618    699
   619    699
   615    700
   616    700
   619    700
   620    700
   616    701
   617    701
   620    701
   617    702
   620    702
   621    702
   617    703
   618    703
   621    703
   618    704
   621    704
   622    704
   618    705
   619    705
   622    705
   623    705
   619    706
   620    706
   623    706
   624    706
   620    707
   624    707
   620    708
   621    708
   624    708
   625    708
   621    709
   622    709
   625    709
   626    709
   622    710
   626    710
   627    710
   622    711
   623    711
   627    711
   623    712
   627    712
   628    712
   623    713
   624    713
   628    713
   629    713
   624    714
   625    714
   629    714
   630    714
   625    715
   626    715
   630    715
   626    716
   630    716
   631    716
   626    717
   627    717
   631    717
   632    717
   627    718
   628    718
   632    718
   633    718
   628    719
   633    719
   628    720
   629    720
   633    720
   634    720
   629    721
   630    721
   634    721
   635    721
   630    722
   635    722
   636    722
   630    723
   631    723
   636    723
   637    723
   631    724
   632    724
   637    724
   632    725
   637    725
   638    725
   632    726
   633    726
   638    726
   639    726
   633    727
   634    727
   639    727
   640    727
   634    728
   635    728
   640    728
   641    728
   635    729
   636    729
   641    729
   642    729
   636    730
   642    730
   643    730
   636    731
   637    731
   643    731
   637    732
   638    732
   643    732
   644    732
   638    733
   644    733
   645    733
   638    734
   639    734
   645    734
   646    734
   654    734
   639    735
   640    735
   646    735
   647    735
   640    736
   647    736
   640    737
   641    737
   647    737
   648    737
   641    738
   648    738
   649    738
   641    739
   642    739
   649    739
   642    740
   649    740
   650    740
   642    741
   643    741
   650    741
   643    742
   650    742
   651    742
   643    743
   644    743
   651    743
   652    743
   644    744
   652    744
   653    744
   644    745
   645    745
   653    745
   645    746
   646    746
   653    746
   654    746
   646    747
   647    747
   654    747
   655    747
   647    748
   648    748
   655    748
   648    749
   655    749
   656    749
   648    750
   649    750
   656    750
   657    750
   649    751
   657    751
   658    751
   649    752
   650    752
   658    752
   650    753
   658    753
   659    753
   650    754
   651    754
   659    754
   660    754
   651    755
   652    755
   660    755
   652    756
   660    756
   661    756
   652    757
   653    757
   661    757
   662    757
   653    758
   654    758
   662    758
   663    758
   654    759
   655    759
   663    759
   664    759
   655    760
   664    760
   655    761
   656    761
   664    761
   665    761
   656    762
   657    762
   665    762
   666    762
   657    763
   666    763
   667    763
   657    764
   658    764
   667    764
   658    765
   667    765
   668    765
   659    766
   668    766
   669    766
   669    767
   669    768
   670    768
   670    769
   671    769
   662    770
   671    770
   672    770
   662    771
   672    771
   673    771
   663    772
   663    773
