   602    694
   603    694
   600    695
   603    695
   600    696
   603    696
   604    696
   600    697
   601    697
   604    697
   601    698
   602    698
   604    698
   605    698
   602    699
   605    699
   606    699
   602    700
   603    700
   606    700
   603    701
   606    701
   607    701
   603    702
   604    702
   607    702
   608    702
   604    703
   605    703
   608    703
   609    703
   605    704
   606    704
   609    704
   610    704
   606    705
   610    705
   606    706
   607    706
   611    706
   607    707
   608    707
   611    707
   612    707
   608    708
   612    708
   613    708
   608    709
   609    709
   613    709
   614    709
   609    710
   610    710
   614    710
   610    711
   611    711
   614    711
   615    711
   611    712
   615    712
   616    712
   611    713
   612    713
   616    713
   617    713
   612    714
   613    714
   617    714
   618    714
   613    715
   614    715
   618    715
   619    715
   614    716
   619    716
   614    717
   615    717
   619    717
   620    717
   615    718
   616    718
   620    718
   621    718
   616    719
   617    719
   621    719
   622    719
   617    720
   618    720
   622    720
   623    720
   618    721
   623    721
   624    721
   618    722
   619    722
   624    722
   625    722
   619    723
   620    723
   625    723
   626    723
   620    724
   621    724
   626    724
   621    725
   626    725
   627    725
   628    725
   621    726
   622    726
   628    726
   629    726
   622    727
   623    727
   629    727
   623    728
   624    728
   629    728
   630    728
   624    729
   625    729
   630    729
   631    729
   625    730
   626    730
   631    730
   632    730
   626    731
   632    731
   633    731
   626    732
   627    732
   633    732
   634    732
   627    733
   628    733
   634    733
   635    733
   628    734
   635    734
   628    735
   629    735
   635    735
   636    735
   629    736
   630    736
   636    736
   637    736
   630    737
   637    737
   630    738
   631    738
   637    738
   638    738
   631    739
   638    739
   639    739
   631    740
   632    740
   639    740
   640    740
   632    741
   633    741
   640    741
   641    741
   633    742
   641    742
   633    743
   634    743
   641    743
   642    743
   634    744
   635    744
   642    744
   643    744
   635    745
   636    745
   643    745
   644    745
   636    746
   637    746
   644    746
   645    746
   637    747
   645    747
   637    748
   638    748
   645    748
   646    748
   638    749
   639    749
   646    749
   647    749
   639    750
   647    750
   648    750
   639    751
   640    751
   648    751
   649    751
   640    752
   641    752
   649    752
   641    753
   649    753
   650    753
   641    754
   642    754
   650    754
   651    754
   642    755
   643    755
   651    755
   652    755
   643    756
   644    756
   652    756
   653    756
   644    757
   645    757
   653    757
   654    757
   645    758
   654    758
   655    758
   646    759
   655    759
   655    760
   656    760
   656    761
   657    761
   657    762
   658    762
   658    763
   659    764
   659    765
   660    765
   660    766
   661    766
   661    767
   662    767
   662    768
   663    768
   663    769
   664    769
   664    770
   665    770
   665    771
   666    771
   666    772
   667    772
   667    773
   667    774
   668    774
   669    774
   669    775
   670    775
