   607    693
   610    693
   611    693
   607    694
   608    694
   611    694
   612    694
   606    695
   608    695
   609    695
   612    695
   609    696
   612    696
   613    696
   610    697
   613    697
   610    698
   611    698
   613    698
   614    698
   611    699
   614    699
   615    699
   611    700
   612    700
   615    700
   609    701
   612    701
   615    701
   616    701
   612    702
   613    702
   616    702
   617    702
   613    703
   617    703
   613    704
   614    704
   617    704
   618    704
   614    705
   615    705
   618    705
   619    705
   615    706
   616    706
   619    706
   620    706
   616    707
   620    707
   616    708
   617    708
   620    708
   621    708
   617    709
   618    709
   621    709
   622    709
   618    710
   622    710
   623    710
   618    711
   619    711
   623    711
   619    712
   620    712
   623    712
   624    712
   620    713
   624    713
   625    713
   620    714
   621    714
   625    714
   626    714
   621    715
   622    715
   626    715
   622    716
   627    716
   622    717
   623    717
   627    717
   628    717
   623    718
   624    718
   628    718
   629    718
   624    719
   625    719
   629    719
   630    719
   625    720
   630    720
   631    720
   625    721
   626    721
   631    721
   626    722
   627    722
   632    722
   627    723
   632    723
   633    723
   627    724
   628    724
   633    724
   634    724
   628    725
   629    725
   634    725
   635    725
   629    726
   630    726
   635    726
   636    726
   630    727
   631    727
   636    727
   637    727
   631    728
   637    728
   638    728
   631    729
   632    729
   638    729
   632    730
   633    730
   638    730
   639    730
   633    731
   639    731
   640    731
   633    732
   634    732
   640    732
   641    732
   634    733
   635    733
   641    733
   642    733
   635    734
   642    734
   643    734
   635    735
   636    735
   643    735
   636    736
   637    736
   643    736
   644    736
   637    737
   644    737
   645    737
   637    738
   638    738
   645    738
   638    739
   645    739
   646    739
   638    740
   639    740
   646    740
   647    740
   639    741
   647    741
   640    742
   647    742
   648    742
   640    743
   641    743
   648    743
   649    743
   641    744
   649    744
   641    745
   642    745
   642    746
   643    746
   643    747
   644    747
   644    748
   644    749
   645    749
   645    750
   646    750
   646    751
   646    752
   647    752
   647    753
   648    753
   648    754
   648    755
   649    755
   649    756
   649    757
