   603    694
   604    694
   601    695
   604    695
   605    695
   602    696
   605    696
   602    697
   605    697
   606    697
   602    698
   603    698
   606    698
   607    698
   603    699
   604    699
   607    699
   604    700
   607    700
   608    700
   604    701
   605    701
   608    701
   609    701
   605    702
   606    702
   609    702
   610    702
   606    703
   610    703
   606    704
   607    704
   610    704
   611    704
   607    705
   608    705
   611    705
   612    705
   608    706
   609    706
   612    706
   613    706
   609    707
   613    707
   614    707
   609    708
   610    708
   614    708
   610    709
   611    709
   614    709
   615    709
   611    710
   615    710
   616    710
   611    711
   612    711
   616    711
   617    711
   612    712
   613    712
   617    712
   618    712
   613    713
   614    713
   618    713
   614    714
   618    714
   619    714
   614    715
   615    715
   619    715
   620    715
   615    716
   616    716
   620    716
   621    716
   616    717
   617    717
   621    717
   622    717
   617    718
   622    718
   623    718
   617    719
   618    719
   623    719
   618    720
   619    720
   623    720
   624    720
   619    721
   620    721
   624    721
   625    721
   620    722
   625    722
   626    722
   620    723
   621    723
   626    723
   627    723
   621    724
   622    724
   627    724
   628    724
   622    725
   623    725
   628    725
   629    725
   623    726
   624    726
   629    726
   630    726
   624    727
   625    727
   630    727
   631    727
   625    728
   631    728
   632    728
   625    729
   626    729
   632    729
   626    730
   627    730
   632    730
   633    730
   627    731
   628    731
   633    731
   634    731
   628    732
   634    732
   635    732
   628    733
   629    733
   635    733
   636    733
   629    734
   630    734
   636    734
   637    734
   630    735
   637    735
   630    736
   631    736
   637    736
   638    736
   631    737
   638    737
   639    737
   631    738
   632    738
   639    738
   632    739
   633    739
   639    739
   640    739
   633    740
   640    740
   641    740
   633    741
   634    741
   641    741
   642    741
   634    742
   642    742
   634    743
   635    743
   642    743
   643    743
   635    744
   636    744
   643    744
   644    744
   636    745
   637    745
   644    745
   645    745
   637    746
   638    746
   645    746
   646    746
   638    747
   639    747
   646    747
   647    747
   639    748
   647    748
   639    749
   640    749
   647    749
   648    749
   640    750
   648    750
   649    750
   641    751
   649    751
   650    751
   641    752
   642    752
   650    752
   642    753
   643    753
   651    753
   643    754
   651    754
   652    754
   643    755
   644    755
   652    755
   653    755
   644    756
   645    756
   653    756
   654    756
   645    757
   646    757
   654    757
   655    757
   646    758
   647    758
   655    758
   656    758
   647    759
   656    759
   647    760
   648    760
   656    760
   657    760
   648    761
   649    761
   657    761
   658    761
   649    762
   658    762
   659    762
   649    763
   650    763
   659    763
   650    764
   651    764
   659    764
   660    764
   651    765
   660    765
   661    765
   651    766
   652    766
   661    766
   662    766
   652    767
   653    767
   662    767
   663    767
   653    768
   654    768
   663    768
   664    768
   654    769
   655    769
   664    769
   665    769
   655    770
   656    770
   665    770
   656    771
   665    771
   666    771
   656    772
   657    772
   666    772
   667    772
   657    773
   658    773
   667    773
   668    773
   658    774
   659    774
   668    774
   669    774
   659    775
   660    775
   669    775
   670    775
   660    776
   661    776
   661    777
