   617    697
   617    698
   623    698
   626    698
   623    699
   626    699
   627    699
   623    700
   624    700
   627    700
   624    701
   627    701
   628    701
   624    702
   625    702
   628    702
   629    702
   625    703
   629    703
   625    704
   626    704
   629    704
   630    704
   626    705
   627    705
   630    705
   627    706
   630    706
   631    706
   627    707
   628    707
   631    707
   632    707
   628    708
   629    708
   632    708
   633    708
   629    709
   633    709
   629    710
   630    710
   633    710
   634    710
   630    711
   634    711
   635    711
   630    712
   631    712
   635    712
   631    713
   635    713
   636    713
   631    714
   632    714
   636    714
   637    714
   632    715
   633    715
   637    715
   638    715
   633    716
   638    716
   633    717
   634    717
   638    717
   639    717
   634    718
   635    718
   639    718
   640    718
   635    719
   640    719
   635    720
   636    720
   640    720
   641    720
   636    721
   641    721
   642    721
   636    722
   637    722
   642    722
   643    722
   637    723
   638    723
   643    723
   638    724
   643    724
   644    724
   638    725
   639    725
   644    725
   645    725
   639    726
   640    726
   645    726
   640    727
   641    727
   646    727
   641    728
   646    728
   647    728
   641    729
   642    729
   647    729
   648    729
   642    730
   643    730
   648    730
   649    730
   643    731
   649    731
   650    731
   643    732
   644    732
   650    732
   644    733
   645    733
   650    733
   651    733
   645    734
   651    734
   652    734
   645    735
   646    735
   652    735
   653    735
   646    736
   647    736
   653    736
   647    737
   653    737
   654    737
   647    738
   648    738
   654    738
   655    738
   648    739
   655    739
   648    740
   655    740
   656    740
   649    741
   656    741
   657    741
   649    742
   657    742
   650    743
   657    743
   658    743
   650    744
   658    744
   650    745
   651    745
   658    745
   659    745
   651    746
   659    746
   660    746
   651    747
   652    747
   660    747
   652    748
   653    748
   660    748
   661    748
   653    749
   654    749
   661    749
   662    749
   654    750
   662    750
   654    751
   655    751
   662    751
   663    751
   655    752
   663    752
   664    752
   655    753
   656    753
   664    753
   656    754
   657    754
   664    754
   665    754
   657    755
   665    755
   666    755
   657    756
   658    756
   666    756
   658    757
   666    757
   667    757
   658    758
   659    758
   667    758
   668    758
   659    759
   668    759
   660    760
   668    760
   669    760
   660    761
   661    761
   669    761
   670    761
   661    762
   670    762
   671    762
   661    763
   662    763
   671    763
   672    763
   662    764
   663    764
   672    764
   663    765
   672    765
   673    765
   663    766
   664    766
   673    766
   674    766
   664    767
   665    767
   674    767
   665    768
   674    768
   675    768
   665    769
   666    769
   675    769
   676    769
   666    770
   676    770
   666    771
   667    771
   676    771
   677    771
   667    772
   668    772
   677    772
   678    772
   668    773
   678    773
   679    773
   668    774
   669    774
   679    774
   680    774
   669    775
