   622    699
   625    699
   626    699
   622    700
   626    700
   623    701
   626    701
   627    701
   623    702
   627    702
   624    703
   627    703
   628    703
   624    704
   625    704
   628    704
   625    705
   628    705
   629    705
   625    706
   626    706
   629    706
   630    706
   626    707
   627    707
   630    707
   631    707
   627    708
   631    708
   627    709
   628    709
   631    709
   632    709
   628    710
   632    710
   633    710
   628    711
   629    711
   633    711
   629    712
   630    712
   633    712
   634    712
   630    713
   634    713
   635    713
   630    714
   631    714
   635    714
   636    714
   631    715
   636    715
   632    716
   636    716
   637    716
   632    717
   633    717
   637    717
   638    717
   633    718
   638    718
   633    719
   634    719
   638    719
   639    719
   634    720
   635    720
   639    720
   640    720
   635    721
   640    721
   641    721
   635    722
   636    722
   641    722
   642    722
   636    723
   637    723
   642    723
   637    724
   642    724
   643    724
   637    725
   638    725
   643    725
   644    725
   638    726
   639    726
   644    726
   639    727
   644    727
   645    727
   639    728
   640    728
   645    728
   646    728
   640    729
   641    729
   646    729
   647    729
   641    730
   642    730
   647    730
   648    730
   656    730
   642    731
   648    731
   649    731
   642    732
   643    732
   649    732
   643    733
   644    733
   649    733
   650    733
   644    734
   650    734
   651    734
   644    735
   645    735
   651    735
   652    735
   645    736
   652    736
   653    736
   645    737
   646    737
   653    737
   646    738
   653    738
   654    738
   646    739
   647    739
   654    739
   647    740
   654    740
   655    740
   647    741
   648    741
   655    741
   648    742
   655    742
   656    742
   649    743
   656    743
   657    743
   649    744
   657    744
   650    745
   657    745
   658    745
   650    746
   658    746
   659    746
   650    747
   651    747
   659    747
   660    747
   651    748
   652    748
   660    748
   652    749
   653    749
   660    749
   661    749
   653    750
   661    750
   653    751
   654    751
   662    751
   654    752
   662    752
   663    752
   654    753
   655    753
   663    753
   655    754
   656    754
   664    754
   656    755
   664    755
   665    755
   656    756
   657    756
   665    756
   666    756
   657    757
   666    757
   657    758
   658    758
   666    758
   667    758
   658    759
   659    759
   667    759
   668    759
   659    760
   668    760
   659    761
   660    761
   668    761
   669    761
   660    762
   661    762
   669    762
   670    762
   661    763
   670    763
   671    763
   661    764
   662    764
   671    764
   662    765
   663    765
   672    765
   663    766
   672    766
   673    766
   663    767
   664    767
   673    767
   664    768
   673    768
   674    768
   664    769
   665    769
   674    769
   675    769
   665    770
   666    770
   675    770
   676    770
   666    771
   676    771
   666    772
   667    772
   676    772
   677    772
   667    773
   677    773
   678    773
   667    774
