   619    699
   620    699
   623    699
   620    700
   623    700
   624    700
   620    701
   621    701
   624    701
   621    702
   624    702
   625    702
   621    703
   625    703
   622    704
   625    704
   626    704
   622    705
   623    705
   626    705
   627    705
   623    706
   627    706
   623    707
   624    707
   627    707
   628    707
   624    708
   625    708
   628    708
   629    708
   625    709
   629    709
   630    709
   625    710
   626    710
   630    710
   626    711
   627    711
   630    711
   631    711
   627    712
   631    712
   632    712
   627    713
   628    713
   632    713
   633    713
   628    714
   629    714
   633    714
   629    715
   633    715
   634    715
   629    716
   630    716
   634    716
   635    716
   630    717
   635    717
   630    718
   631    718
   635    718
   636    718
   631    719
   632    719
   636    719
   637    719
   632    720
   637    720
   638    720
   632    721
   633    721
   638    721
   639    721
   633    722
   634    722
   639    722
   634    723
   639    723
   640    723
   634    724
   635    724
   640    724
   641    724
   635    725
   636    725
   641    725
   642    725
   636    726
   637    726
   642    726
   637    727
   642    727
   643    727
   637    728
   638    728
   643    728
   644    728
   638    729
   639    729
   644    729
   645    729
   653    729
   639    730
   640    730
   645    730
   646    730
   640    731
   646    731
   647    731
   640    732
   641    732
   647    732
   641    733
   642    733
   647    733
   648    733
   642    734
   648    734
   649    734
   642    735
   643    735
   649    735
   650    735
   643    736
   650    736
   651    736
   643    737
   644    737
   651    737
   644    738
   651    738
   652    738
   645    739
   652    739
   645    740
   652    740
   653    740
   645    741
   646    741
   653    741
   654    741
   646    742
   654    742
   647    743
   654    743
   655    743
   647    744
   655    744
   656    744
   647    745
   648    745
   656    745
   648    746
   649    746
   656    746
   657    746
   649    747
   650    747
   657    747
   658    747
   650    748
   658    748
   650    749
   651    749
   658    749
   659    749
   651    750
   659    750
   660    750
   651    751
   652    751
   660    751
   652    752
   653    752
   660    752
   661    752
   653    753
   661    753
   662    753
   653    754
   654    754
   662    754
   654    755
   655    755
   662    755
   663    755
   655    756
   663    756
   664    756
   655    757
   656    757
   664    757
   665    757
   656    758
   665    758
   656    759
   657    759
   665    759
   666    759
   657    760
   658    760
   666    760
   667    760
   658    761
   667    761
   668    761
   658    762
   659    762
   668    762
   659    763
   660    763
   668    763
   669    763
   660    764
   669    764
   670    764
   660    765
   661    765
   670    765
   671    765
   661    766
   662    766
   671    766
   662    767
   671    767
   672    767
   662    768
   663    768
   672    768
   663    769
   664    769
   672    769
   673    769
   664    770
   673    770
   674    770
   664    771
   665    771
   674    771
   675    771
   665    772
   675    772
   676    772
   665    773
   666    773
   676    773
   677    773
   666    774
   677    774
