   628    699
   625    700
   628    700
   629    700
   625    701
   629    701
   626    702
   629    702
   630    702
   626    703
   630    703
   627    704
   630    704
   631    704
   627    705
   628    705
   631    705
   632    705
   628    706
   632    706
   628    707
   629    707
   632    707
   633    707
   629    708
   630    708
   633    708
   634    708
   630    709
   634    709
   635    709
   630    710
   631    710
   635    710
   631    711
   632    711
   635    711
   636    711
   632    712
   636    712
   637    712
   632    713
   633    713
   637    713
   633    714
   637    714
   638    714
   633    715
   634    715
   638    715
   639    715
   634    716
   639    716
   635    717
   639    717
   640    717
   635    718
   636    718
   640    718
   641    718
   636    719
   641    719
   642    719
   636    720
   637    720
   642    720
   637    721
   638    721
   642    721
   643    721
   638    722
   643    722
   644    722
   638    723
   639    723
   644    723
   639    724
   645    724
   640    725
   645    725
   646    725
   640    726
   641    726
   646    726
   647    726
   641    727
   642    727
   647    727
   642    728
   647    728
   648    728
   642    729
   643    729
   648    729
   649    729
   643    730
   644    730
   649    730
   650    730
   644    731
   650    731
   651    731
   644    732
   645    732
   651    732
   645    733
   646    733
   652    733
   646    734
   652    734
   653    734
   646    735
   647    735
   653    735
   654    735
   662    735
   647    736
   648    736
   654    736
   648    737
   654    737
   655    737
   648    738
   649    738
   655    738
   656    738
   649    739
   656    739
   649    740
   650    740
   657    740
   650    741
   657    741
   658    741
   650    742
   658    742
   651    743
   658    743
   659    743
   651    744
   659    744
   652    745
   659    745
   660    745
   652    746
   660    746
   661    746
   652    747
   653    747
   661    747
   653    748
   654    748
   661    748
   662    748
   654    749
   655    749
   662    749
   663    749
   655    750
   663    750
   655    751
   656    751
   663    751
   664    751
   656    752
   664    752
   665    752
   656    753
   657    753
   665    753
   657    754
   665    754
   666    754
   657    755
   658    755
   666    755
   667    755
   658    756
   659    756
   667    756
   659    757
   667    757
   668    757
   659    758
   660    758
   668    758
   669    758
   660    759
   661    759
   669    759
   661    760
   669    760
   670    760
   661    761
   662    761
   670    761
   671    761
   662    762
   671    762
   672    762
   662    763
   663    763
   672    763
   673    763
   663    764
   664    764
   673    764
   664    765
   673    765
   674    765
   664    766
   665    766
   674    766
   675    766
   665    767
   675    767
   665    768
   666    768
   675    768
   676    768
   666    769
   667    769
   676    769
   667    770
   677    770
   667    771
   668    771
   677    771
   678    771
   668    772
   678    772
   679    772
   679    773
   680    773
