   616    697
   619    697
   616    698
   619    698
   620    698
   616    699
   617    699
   620    699
   617    700
   620    700
   621    700
   617    701
   618    701
   621    701
   618    702
   621    702
   622    702
   618    703
   619    703
   622    703
   623    703
   619    704
   620    704
   623    704
   620    705
   623    705
   624    705
   620    706
   621    706
   624    706
   625    706
   621    707
   622    707
   625    707
   626    707
   622    708
   626    708
   627    708
   622    709
   623    709
   627    709
   623    710
   627    710
   628    710
   624    711
   628    711
   624    712
   625    712
   628    712
   629    712
   625    713
   629    713
   630    713
   625    714
   626    714
   630    714
   631    714
   626    715
   627    715
   631    715
   632    715
   627    716
   632    716
   627    717
   628    717
   632    717
   633    717
   628    718
   629    718
   633    718
   634    718
   629    719
   634    719
   629    720
   630    720
   634    720
   635    720
   630    721
   631    721
   635    721
   636    721
   631    722
   636    722
   637    722
   631    723
   632    723
   637    723
   638    723
   632    724
   633    724
   638    724
   633    725
   634    725
   638    725
   639    725
   634    726
   639    726
   640    726
   634    727
   635    727
   640    727
   641    727
   635    728
   636    728
   641    728
   642    728
   636    729
   637    729
   642    729
   643    729
   651    729
   637    730
   643    730
   644    730
   637    731
   638    731
   644    731
   638    732
   639    732
   644    732
   645    732
   639    733
   645    733
   646    733
   639    734
   640    734
   646    734
   647    734
   640    735
   641    735
   647    735
   648    735
   641    736
   648    736
   641    737
   642    737
   648    737
   649    737
   642    738
   649    738
   650    738
   642    739
   643    739
   650    739
   643    740
   650    740
   651    740
   643    741
   644    741
   651    741
   652    741
   644    742
   652    742
   644    743
   645    743
   652    743
   653    743
   645    744
   653    744
   654    744
   645    745
   646    745
   654    745
   646    746
   647    746
   654    746
   655    746
   647    747
   648    747
   655    747
   656    747
   648    748
   649    748
   656    748
   649    749
   656    749
   657    749
   649    750
   650    750
   657    750
   658    750
   650    751
   658    751
   650    752
   651    752
   658    752
   659    752
   651    753
   652    753
   659    753
   660    753
   652    754
   660    754
   661    754
   652    755
   653    755
   661    755
   653    756
   661    756
   662    756
   653    757
   654    757
   662    757
   663    757
   654    758
   655    758
   663    758
   664    758
   655    759
   664    759
   655    760
   656    760
   664    760
   665    760
   656    761
   657    761
   665    761
   666    761
   657    762
   666    762
   667    762
   657    763
   658    763
   667    763
   658    764
   659    764
   668    764
   659    765
   668    765
   669    765
   659    766
   660    766
   669    766
   670    766
   660    767
   670    767
   661    768
   670    768
   671    768
   661    769
   662    769
   671    769
   672    769
   662    770
   663    770
   672    770
   673    770
   663    771
