   625    700
   621    701
   622    701
   625    701
   622    702
   625    702
   626    702
   622    703
   623    703
   626    703
   627    703
   623    704
   627    704
   623    705
   624    705
   627    705
   628    705
   624    706
   625    706
   628    706
   629    706
   625    707
   629    707
   625    708
   626    708
   629    708
   630    708
   626    709
   627    709
   630    709
   631    709
   627    710
   631    710
   632    710
   627    711
   628    711
   632    711
   628    712
   632    712
   633    712
   628    713
   629    713
   633    713
   634    713
   629    714
   630    714
   634    714
   630    715
   634    715
   635    715
   630    716
   631    716
   635    716
   636    716
   631    717
   632    717
   636    717
   637    717
   632    718
   637    718
   632    719
   633    719
   637    719
   638    719
   633    720
   634    720
   638    720
   639    720
   634    721
   639    721
   640    721
   634    722
   635    722
   640    722
   635    723
   640    723
   641    723
   636    724
   641    724
   642    724
   636    725
   637    725
   642    725
   643    725
   637    726
   638    726
   643    726
   638    727
   643    727
   644    727
   638    728
   639    728
   644    728
   645    728
   639    729
   640    729
   645    729
   646    729
   640    730
   641    730
   646    730
   647    730
   641    731
   647    731
   648    731
   641    732
   642    732
   648    732
   649    732
   656    732
   642    733
   643    733
   649    733
   643    734
   649    734
   650    734
   643    735
   644    735
   650    735
   651    735
   644    736
   651    736
   652    736
   644    737
   645    737
   652    737
   645    738
   652    738
   653    738
   645    739
   646    739
   653    739
   646    740
   647    740
   653    740
   654    740
   647    741
   654    741
   655    741
   647    742
   648    742
   655    742
   648    743
   655    743
   656    743
   648    744
   656    744
   657    744
   649    745
   657    745
   649    746
   657    746
   658    746
   649    747
   650    747
   658    747
   659    747
   650    748
   651    748
   659    748
   651    749
   652    749
   659    749
   660    749
   652    750
   660    750
   661    750
   652    751
   653    751
   661    751
   653    752
   654    752
   661    752
   662    752
   654    753
   662    753
   663    753
   654    754
   655    754
   663    754
   655    755
   663    755
   664    755
   655    756
   656    756
   664    756
   665    756
   656    757
   657    757
   665    757
   657    758
   665    758
   666    758
   657    759
   658    759
   666    759
   667    759
   667    760
   668    760
   668    761
   669    761
   660    762
   669    762
   660    763
   660    764
   661    764
   670    764
   671    764
   661    765
   662    765
   671    765
   662    766
   671    766
   672    766
   662    767
   663    767
   672    767
   673    767
   663    768
   664    768
   673    768
   664    769
   673    769
   674    769
   674    770
   675    770
   675    771
   676    771
   676    772
