   643    666
   644    666
   645    666
   640    667
   641    667
   642    667
   647    667
   648    667
   649    667
   650    667
   651    667
   652    667
   644    668
   645    668
   646    668
   647    668
   648    668
   649    668
   650    668
   654    668
   655    668
   663    669
   664    669
   665    669
   657    670
   658    670
   659    670
   660    670
   661    670
   662    670
   665    670
   666    670
   667    670
   668    670
   669    670
   670    670
   671    670
   662    671
   663    671
   664    671
   665    671
   666    671
   670    671
   671    671
   672    671
   673    671
   674    671
   675    671
   676    671
   676    672
   677    672
   678    672
   679    672
   680    672
   681    672
   682    672
   674    673
   675    673
   676    673
   677    673
   678    673
   679    673
   680    673
   681    673
   682    673
   683    673
   684    673
   685    673
   686    673
   687    673
   688    673
   689    673
   679    674
   680    674
   681    674
   682    674
   683    674
   684    674
   685    674
   686    674
   687    674
   688    674
   689    674
   690    674
   691    674
   692    674
   693    674
   684    675
   685    675
   686    675
   687    675
   688    675
   689    675
   690    675
   691    675
   692    675
   693    675
   694    675
   695    675
   696    675
   697    675
   698    675
   689    676
   690    676
   691    676
   692    676
   693    676
   694    676
   695    676
   696    676
   697    676
   698    676
   699    676
   700    676
   701    676
   702    676
   703    676
   704    676
   694    677
   695    677
   696    677
   697    677
   698    677
   699    677
   700    677
   701    677
   702    677
   703    677
   704    677
   705    677
   706    677
   707    677
   708    677
   699    678
   700    678
   701    678
   702    678
   703    678
   704    678
   705    678
   706    678
   707    678
   708    678
   709    678
   710    678
   711    678
   712    678
   704    679
   705    679
   706    679
   707    679
   708    679
   709    679
   710    679
   711    679
   712    679
   713    679
   714    679
   715    679
   716    679
   717    679
   718    679
   708    680
   709    680
   710    680
   711    680
   712    680
   713    680
   714    680
   715    680
   716    680
   717    680
   718    680
   719    680
   720    680
   721    680
   722    680
   723    680
   713    681
   714    681
   715    681
   716    681
   717    681
   718    681
   719    681
   720    681
   721    681
   722    681
   723    681
   724    681
   725    681
   726    681
   727    681
   728    681
   717    682
   718    682
   719    682
   720    682
   721    682
   722    682
   723    682
   724    682
   725    682
   726    682
   727    682
   728    682
   729    682
   730    682
   731    682
   732    682
   721    683
   722    683
   723    683
   724    683
   725    683
   726    683
   727    683
   728    683
   729    683
   730    683
   731    683
   732    683
   733    683
   734    683
   735    683
   736    683
   725    684
   726    684
   727    684
   728    684
   729    684
   730    684
   731    684
   732    684
   733    684
   734    684
   735    684
   736    684
   737    684
   738    684
   739    684
   729    685
   730    685
   731    685
   732    685
   733    685
   734    685
   735    685
   736    685
   737    685
   738    685
   739    685
   740    685
   741    685
   742    685
   743    685
   744    685
   733    686
   734    686
   735    686
   736    686
   737    686
   738    686
   739    686
   740    686
   741    686
   742    686
   743    686
   744    686
   745    686
   746    686
   747    686
   748    686
   737    687
   738    687
   739    687
   740    687
   741    687
   742    687
   743    687
   744    687
   745    687
   746    687
   747    687
   748    687
   749    687
   750    687
   751    687
   752    687
   740    688
   741    688
   742    688
   743    688
   744    688
   745    688
   746    688
   747    688
   748    688
   749    688
   750    688
   751    688
   752    688
   753    688
   754    688
   755    688
   744    689
   745    689
   746    689
   747    689
   748    689
   749    689
   750    689
   751    689
   752    689
   753    689
   754    689
   755    689
   756    689
   757    689
   758    689
   759    689
   747    690
   748    690
   749    690
   750    690
   751    690
   752    690
   753    690
   754    690
   755    690
   756    690
   757    690
   758    690
   759    690
   760    690
   761    690
   762    690
   751    691
   752    691
   753    691
   754    691
   755    691
   756    691
   757    691
   758    691
   759    691
   760    691
   761    691
   762    691
   763    691
   764    691
   765    691
   766    691
   755    692
   756    692
   757    692
   758    692
   759    692
   760    692
   761    692
   762    692
   763    692
   764    692
   765    692
   766    692
   767    692
   768    692
   769    692
   770    692
   757    693
   758    693
   759    693
   760    693
   761    693
   762    693
   763    693
   764    693
   765    693
   766    693
   767    693
   768    693
   769    693
   770    693
   771    693
   772    693
   761    694
   762    694
   763    694
   764    694
   765    694
   766    694
   767    694
   768    694
   769    694
   770    694
   771    694
   772    694
   773    694
   774    694
   775    694
   764    695
   765    695
   766    695
   767    695
   768    695
   769    695
   770    695
   771    695
   772    695
   773    695
   774    695
   775    695
   776    695
   777    695
   778    695
   779    695
   767    696
   768    696
   769    696
   770    696
   771    696
   772    696
   773    696
   774    696
   775    696
   776    696
   777    696
   778    696
   779    696
   780    696
   781    696
   782    696
   770    697
   771    697
   772    697
   773    697
   774    697
   775    697
   776    697
   777    697
   778    697
   779    697
   780    697
   781    697
   782    697
   783    697
   784    697
   785    697
   772    698
   773    698
   774    698
   775    698
   776    698
   777    698
   778    698
   779    698
   780    698
   781    698
   782    698
   783    698
   784    698
   785    698
   786    698
   787    698
   788    698
   775    699
   776    699
   777    699
   778    699
   779    699
   780    699
   781    699
   782    699
   783    699
   784    699
   785    699
   786    699
   787    699
   788    699
   789    699
   790    699
   777    700
   778    700
   779    700
   780    700
   781    700
   782    700
   783    700
   784    700
   785    700
   786    700
   787    700
   788    700
   789    700
   790    700
   791    700
   792    700
   793    700
   794    700
   780    701
   781    701
   782    701
   783    701
   784    701
   785    701
   786    701
   787    701
   788    701
   789    701
   790    701
   791    701
   792    701
   793    701
   794    701
   795    701
   796    701
   783    702
   784    702
   785    702
   786    702
   787    702
   788    702
   789    702
   790    702
   791    702
   792    702
   793    702
   794    702
   795    702
   796    702
   797    702
   798    702
   785    703
   786    703
   787    703
   788    703
   789    703
   790    703
   791    703
   792    703
   793    703
   794    703
   795    703
   796    703
   797    703
   798    703
   799    703
   800    703
   801    703
   789    704
   790    704
   791    704
   792    704
   793    704
   794    704
   795    704
   796    704
   797    704
   798    704
   799    704
   800    704
   801    704
   802    704
   803    704
   804    704
   791    705
   792    705
   793    705
   794    705
   795    705
   796    705
   797    705
   798    705
   799    705
   800    705
   801    705
   802    705
   803    705
   804    705
   805    705
   806    705
   793    706
   794    706
   795    706
   796    706
   797    706
   798    706
   799    706
   800    706
   801    706
   802    706
   803    706
   804    706
   805    706
   806    706
   807    706
   808    706
   809    706
   795    707
   796    707
   797    707
   798    707
   799    707
   800    707
   801    707
   802    707
   803    707
   804    707
   805    707
   806    707
   807    707
   808    707
   809    707
   810    707
   811    707
   798    708
   799    708
   800    708
   801    708
   802    708
   803    708
   804    708
   805    708
   806    708
   807    708
   808    708
   809    708
   810    708
   811    708
   812    708
   813    708
   814    708
   800    709
   801    709
   802    709
   803    709
   804    709
   805    709
   806    709
   807    709
   808    709
   809    709
   810    709
   811    709
   812    709
   813    709
   814    709
   815    709
   816    709
   801    710
   802    710
   803    710
   804    710
   805    710
   806    710
   807    710
   808    710
   809    710
   810    710
   811    710
   812    710
   813    710
   814    710
   815    710
   816    710
   817    710
   818    710
   804    711
   805    711
   806    711
   807    711
   808    711
   809    711
   810    711
   811    711
   812    711
   813    711
   814    711
   815    711
   816    711
   817    711
   818    711
   819    711
   806    712
   807    712
   808    712
   809    712
   810    712
   811    712
   812    712
   813    712
   814    712
   815    712
   816    712
   817    712
   818    712
   819    712
   820    712
   821    712
   822    712
   807    713
   808    713
   809    713
   810    713
   811    713
   812    713
   813    713
   814    713
   815    713
   816    713
   817    713
   818    713
   819    713
   820    713
   821    713
   822    713
   823    713
   809    714
   810    714
   811    714
   812    714
   813    714
   814    714
   815    714
   816    714
   817    714
   818    714
   819    714
   820    714
   821    714
   822    714
   823    714
   824    714
   825    714
   811    715
   812    715
   813    715
   814    715
   815    715
   816    715
   817    715
   818    715
   819    715
   820    715
   821    715
   822    715
   823    715
   824    715
   825    715
   826    715
   827    715
   812    716
   813    716
   814    716
   815    716
   816    716
   817    716
   818    716
   819    716
   820    716
   821    716
   822    716
   823    716
   824    716
   825    716
   826    716
   827    716
   828    716
   814    717
   815    717
   816    717
   817    717
   818    717
   819    717
   820    717
   821    717
   822    717
   823    717
   824    717
   825    717
   826    717
   827    717
   828    717
   829    717
   830    717
   815    718
   816    718
   817    718
   818    718
   819    718
   820    718
   821    718
   822    718
   823    718
   824    718
   825    718
   826    718
   827    718
   828    718
   829    718
   830    718
   831    718
   832    718
   817    719
   818    719
   819    719
   820    719
   821    719
   822    719
   823    719
   824    719
   825    719
   826    719
   827    719
   828    719
   829    719
   830    719
   831    719
   832    719
   833    719
   818    720
   819    720
   820    720
   821    720
   822    720
   823    720
   824    720
   825    720
   826    720
   827    720
   828    720
   829    720
   830    720
   831    720
   832    720
   833    720
   834    720
   835    720
   820    721
   821    721
   822    721
   823    721
   824    721
   825    721
   826    721
   827    721
   828    721
   829    721
   830    721
   831    721
   832    721
   833    721
   834    721
   835    721
   836    721
   821    722
   822    722
   823    722
   824    722
   825    722
   826    722
   827    722
   828    722
   829    722
   830    722
   831    722
   832    722
   833    722
   834    722
   835    722
   836    722
   837    722
   838    722
   822    723
   823    723
   824    723
   825    723
   826    723
   827    723
   828    723
   829    723
   830    723
   831    723
   832    723
   833    723
   834    723
   835    723
   836    723
   837    723
   838    723
   839    723
   824    724
   825    724
   826    724
   827    724
   828    724
   829    724
   830    724
   831    724
   832    724
   833    724
   834    724
   835    724
   836    724
   837    724
   838    724
   839    724
   840    724
   825    725
   826    725
   827    725
   828    725
   829    725
   830    725
   831    725
   832    725
   833    725
   834    725
   835    725
   836    725
   837    725
   838    725
   839    725
   840    725
   841    725
   826    726
   827    726
   828    726
   829    726
   830    726
   831    726
   832    726
   833    726
   834    726
   835    726
   836    726
   837    726
   838    726
   839    726
   840    726
   841    726
   842    726
   843    726
   826    727
   827    727
   828    727
   829    727
   830    727
   831    727
   832    727
   833    727
   834    727
   835    727
   836    727
   837    727
   838    727
   839    727
   840    727
   841    727
   842    727
   843    727
   828    728
   829    728
   830    728
   831    728
   832    728
   833    728
   834    728
   835    728
   836    728
   837    728
   838    728
   839    728
   840    728
   841    728
   842    728
   843    728
   844    728
   845    728
   829    729
   830    729
   831    729
   832    729
   833    729
   834    729
   835    729
   836    729
   837    729
   838    729
   839    729
   840    729
   841    729
   842    729
   843    729
   844    729
   845    729
   846    729
   830    730
   831    730
   832    730
   833    730
   834    730
   835    730
   836    730
   837    730
   838    730
   839    730
   840    730
   841    730
   842    730
   843    730
   844    730
   845    730
   846    730
   831    731
   832    731
   833    731
   834    731
   835    731
   836    731
   837    731
   838    731
   839    731
   840    731
   841    731
   842    731
   843    731
   844    731
   845    731
   846    731
   847    731
   848    731
   831    732
   832    732
   833    732
   834    732
   835    732
   836    732
   837    732
   838    732
   839    732
   840    732
   841    732
   842    732
   843    732
   844    732
   845    732
   846    732
   847    732
   848    732
   832    733
   833    733
   834    733
   835    733
   836    733
   837    733
   838    733
   839    733
   840    733
   841    733
   842    733
   843    733
   844    733
   845    733
   846    733
   847    733
   848    733
   849    733
   850    733
   833    734
   834    734
   835    734
   836    734
   837    734
   838    734
   839    734
   840    734
   841    734
   842    734
   843    734
   844    734
   845    734
   846    734
   847    734
   848    734
   849    734
   850    734
   835    735
   836    735
   837    735
   838    735
   839    735
   840    735
   841    735
   842    735
   843    735
   844    735
   845    735
   846    735
   847    735
   848    735
   849    735
   850    735
   851    735
   852    735
   835    736
   836    736
   837    736
   838    736
   839    736
   840    736
   841    736
   842    736
   843    736
   844    736
   845    736
   846    736
   847    736
   848    736
   849    736
   850    736
   851    736
   852    736
   835    737
   836    737
   837    737
   838    737
   839    737
   840    737
   841    737
   842    737
   843    737
   844    737
   845    737
   846    737
   847    737
   848    737
   849    737
   850    737
   851    737
   852    737
   853    737
   836    738
   837    738
   838    738
   839    738
   840    738
   841    738
   842    738
   843    738
   844    738
   845    738
   846    738
   847    738
   848    738
   849    738
   850    738
   851    738
   852    738
   853    738
   837    739
   838    739
   839    739
   840    739
   841    739
   842    739
   843    739
   844    739
   845    739
   846    739
   847    739
   848    739
   849    739
   850    739
   851    739
   852    739
   853    739
   854    739
   837    740
   838    740
   839    740
   840    740
   841    740
   842    740
   843    740
   844    740
   845    740
   846    740
   847    740
   848    740
   849    740
   850    740
   851    740
   852    740
   853    740
   854    740
   838    741
   839    741
   840    741
   841    741
   842    741
   843    741
   844    741
   845    741
   846    741
   847    741
   848    741
   849    741
   850    741
   851    741
   852    741
   853    741
   854    741
   855    741
   856    741
   839    742
   840    742
   841    742
   842    742
   843    742
   844    742
   845    742
   846    742
   847    742
   848    742
   849    742
   850    742
   851    742
   852    742
   853    742
   854    742
   855    742
   856    742
   857    742
   839    743
   840    743
   841    743
   842    743
   843    743
   844    743
   845    743
   846    743
   847    743
   848    743
   849    743
   850    743
   851    743
   852    743
   853    743
   854    743
   855    743
   856    743
   857    743
   858    743
   840    744
   841    744
   842    744
   843    744
   844    744
   845    744
   846    744
   847    744
   848    744
   849    744
   850    744
   851    744
   852    744
   853    744
   854    744
   855    744
   856    744
   857    744
   858    744
   859    744
   841    745
   842    745
   843    745
   844    745
   845    745
   846    745
   847    745
   848    745
   849    745
   850    745
   851    745
   852    745
   853    745
   854    745
   855    745
   856    745
   857    745
   858    745
   859    745
   860    745
   841    746
   842    746
   843    746
   844    746
   845    746
   846    746
   847    746
   848    746
   849    746
   850    746
   851    746
   852    746
   853    746
   854    746
   855    746
   856    746
   857    746
   858    746
   859    746
   860    746
   842    747
   843    747
   844    747
   845    747
   846    747
   847    747
   848    747
   849    747
   850    747
   851    747
   852    747
   853    747
   854    747
   855    747
   856    747
   857    747
   858    747
   859    747
   860    747
   843    748
   844    748
   845    748
   846    748
   847    748
   848    748
   849    748
   850    748
   851    748
   852    748
   853    748
   854    748
   855    748
   856    748
   857    748
   858    748
   859    748
   860    748
   861    748
   862    748
   844    749
   845    749
   846    749
   847    749
   848    749
   849    749
   850    749
   851    749
   852    749
   853    749
   854    749
   855    749
   856    749
   857    749
   858    749
   859    749
   860    749
   861    749
   862    749
   844    750
   845    750
   846    750
   847    750
   848    750
   849    750
   850    750
   851    750
   852    750
   853    750
   854    750
   855    750
   856    750
   857    750
   858    750
   859    750
   860    750
   861    750
   862    750
   863    750
   845    751
   846    751
   847    751
   848    751
   849    751
   850    751
   851    751
   852    751
   853    751
   854    751
   855    751
   856    751
   857    751
   858    751
   859    751
   860    751
   861    751
   862    751
   863    751
   846    752
   847    752
   848    752
   849    752
   850    752
   851    752
   852    752
   853    752
   854    752
   855    752
   856    752
   857    752
   858    752
   859    752
   860    752
   861    752
   862    752
   863    752
   864    752
   847    753
   848    753
   849    753
   850    753
   851    753
   852    753
   853    753
   854    753
   855    753
   856    753
   857    753
   858    753
   859    753
   860    753
   861    753
   862    753
   863    753
   864    753
   865    753
   847    754
   848    754
   849    754
   850    754
   851    754
   852    754
   853    754
   854    754
   855    754
   856    754
   857    754
   858    754
   859    754
   860    754
   861    754
   862    754
   863    754
   864    754
   865    754
   848    755
   849    755
   850    755
   851    755
   852    755
   853    755
   854    755
   855    755
   856    755
   857    755
   858    755
   859    755
   860    755
   861    755
   862    755
   863    755
   864    755
   865    755
   866    755
   849    756
   850    756
   851    756
   852    756
   853    756
   854    756
   855    756
   856    756
   857    756
   858    756
   859    756
   860    756
   861    756
   862    756
   863    756
   864    756
   865    756
   848    757
   849    757
   850    757
   851    757
   852    757
   853    757
   854    757
   855    757
   856    757
   857    757
   858    757
   859    757
   860    757
   861    757
   862    757
   863    757
   864    757
   865    757
   851    758
   852    758
   853    758
   854    758
   855    758
   856    758
   857    758
   858    758
   859    758
   860    758
   861    758
   862    758
   863    758
   864    758
   865    758
   856    759
   857    759
   858    759
   859    759
