   236    591
   237    591
   238    591
   239    591
   240    591
   241    591
   242    591
   243    591
   244    591
   245    591
   238    592
   239    592
   240    592
   241    592
   242    592
   243    592
   244    592
   245    592
   246    592
   239    593
   240    593
   241    593
   242    593
   243    593
   244    593
   245    593
   246    593
   247    593
   240    594
   241    594
   242    594
   243    594
   244    594
   245    594
   246    594
   247    594
   248    594
   241    595
   242    595
   243    595
   244    595
   245    595
   246    595
   247    595
   248    595
   249    595
   250    595
   242    596
   243    596
   244    596
   245    596
   246    596
   247    596
   248    596
   249    596
   250    596
   251    596
   244    597
   245    597
   246    597
   247    597
   248    597
   249    597
   250    597
   251    597
   252    597
   253    597
   245    598
   246    598
   247    598
   248    598
   249    598
   250    598
   251    598
   252    598
   253    598
   254    598
   246    599
   247    599
   248    599
   249    599
   250    599
   251    599
   252    599
   253    599
   254    599
   255    599
   247    600
   248    600
   249    600
   250    600
   251    600
   252    600
   253    600
   254    600
   255    600
   256    600
   257    600
   249    601
   250    601
   251    601
   252    601
   253    601
   254    601
   255    601
   256    601
   257    601
   258    601
   250    602
   251    602
   252    602
   253    602
   254    602
   255    602
   256    602
   257    602
   258    602
   259    602
   251    603
   252    603
   253    603
   254    603
   255    603
   256    603
   257    603
   258    603
   259    603
   260    603
   252    604
   253    604
   254    604
   255    604
   256    604
   257    604
   258    604
   259    604
   260    604
   261    604
   262    604
   253    605
   254    605
   255    605
   256    605
   257    605
   258    605
   259    605
   260    605
   261    605
   262    605
   263    605
   255    606
   256    606
   257    606
   258    606
   259    606
   260    606
   261    606
   262    606
   263    606
   264    606
   265    606
   256    607
   257    607
   258    607
   259    607
   260    607
   261    607
   262    607
   263    607
   264    607
   265    607
   266    607
   258    608
   259    608
   260    608
   261    608
   262    608
   263    608
   264    608
   265    608
   266    608
   267    608
   259    609
   260    609
   261    609
   262    609
   263    609
   264    609
   265    609
   266    609
   267    609
   268    609
   269    609
   260    610
   261    610
   262    610
   263    610
   264    610
   265    610
   266    610
   267    610
   268    610
   269    610
   270    610
   271    610
   262    611
   263    611
   264    611
   265    611
   266    611
   267    611
   268    611
   269    611
   270    611
   271    611
   272    611
   263    612
   264    612
   265    612
   266    612
   267    612
   268    612
   269    612
   270    612
   271    612
   272    612
   273    612
   265    613
   266    613
   267    613
   268    613
   269    613
   270    613
   271    613
   272    613
   273    613
   274    613
   275    613
   266    614
   267    614
   268    614
   269    614
   270    614
   271    614
   272    614
   273    614
   274    614
   275    614
   276    614
   267    615
   268    615
   269    615
   270    615
   271    615
   272    615
   273    615
   274    615
   275    615
   276    615
   277    615
   278    615
   269    616
   270    616
   271    616
   272    616
   273    616
   274    616
   275    616
   276    616
   277    616
   278    616
   279    616
   280    616
   270    617
   271    617
   272    617
   273    617
   274    617
   275    617
   276    617
   277    617
   278    617
   279    617
   280    617
   281    617
   271    618
   272    618
   273    618
   274    618
   275    618
   276    618
   277    618
   278    618
   279    618
   280    618
   281    618
   282    618
   272    619
   273    619
   274    619
   275    619
   276    619
   277    619
   278    619
   279    619
   280    619
   281    619
   282    619
   283    619
   284    619
   274    620
   275    620
   276    620
   277    620
   278    620
   279    620
   280    620
   281    620
   282    620
   283    620
   284    620
   285    620
   275    621
   276    621
   277    621
   278    621
   279    621
   280    621
   281    621
   282    621
   283    621
   284    621
   285    621
   286    621
   276    622
   277    622
   278    622
   279    622
   280    622
   281    622
   282    622
   283    622
   284    622
   285    622
   286    622
   287    622
   288    622
   277    623
   278    623
   279    623
   280    623
   281    623
   282    623
   283    623
   284    623
   285    623
   286    623
   287    623
   288    623
   289    623
   278    624
   279    624
   280    624
   281    624
   282    624
   283    624
   284    624
   285    624
   286    624
   287    624
   288    624
   289    624
   290    624
   280    625
   281    625
   282    625
   283    625
   284    625
   285    625
   286    625
   287    625
   288    625
   289    625
   290    625
   291    625
   292    625
   281    626
   282    626
   283    626
   284    626
   285    626
   286    626
   287    626
   288    626
   289    626
   290    626
   291    626
   292    626
   293    626
   282    627
   283    627
   284    627
   285    627
   286    627
   287    627
   288    627
   289    627
   290    627
   291    627
   292    627
   293    627
   294    627
   283    628
   284    628
   285    628
   286    628
   287    628
   288    628
   289    628
   290    628
   291    628
   292    628
   293    628
   294    628
   295    628
   296    628
   284    629
   285    629
   286    629
   287    629
   288    629
   289    629
   290    629
   291    629
   292    629
   293    629
   294    629
   295    629
   296    629
   297    629
   286    630
   287    630
   288    630
   289    630
   290    630
   291    630
   292    630
   293    630
   294    630
   295    630
   296    630
   297    630
   298    630
   299    630
   287    631
   288    631
   289    631
   290    631
   291    631
   292    631
   293    631
   294    631
   295    631
   296    631
   297    631
   298    631
   299    631
   300    631
   289    632
   290    632
   291    632
   292    632
   293    632
   294    632
   295    632
   296    632
   297    632
   298    632
   299    632
   300    632
   301    632
   290    633
   291    633
   292    633
   293    633
   294    633
   295    633
   296    633
   297    633
   298    633
   299    633
   300    633
   301    633
   302    633
   291    634
   292    634
   293    634
   294    634
   295    634
   296    634
   297    634
   298    634
   299    634
   300    634
   301    634
   302    634
   303    634
   304    634
   293    635
   294    635
   295    635
   296    635
   297    635
   298    635
   299    635
   300    635
   301    635
   302    635
   303    635
   304    635
   305    635
   294    636
   295    636
   296    636
   297    636
   298    636
   299    636
   300    636
   301    636
   302    636
   303    636
   304    636
   305    636
   306    636
   307    636
   296    637
   297    637
   298    637
   299    637
   300    637
   301    637
   302    637
   303    637
   304    637
   305    637
   306    637
   307    637
   308    637
   297    638
   298    638
   299    638
   300    638
   301    638
   302    638
   303    638
   304    638
   305    638
   306    638
   307    638
   308    638
   309    638
   310    638
   298    639
   299    639
   300    639
   301    639
   302    639
   303    639
   304    639
   305    639
   306    639
   307    639
   308    639
   309    639
   310    639
   311    639
   300    640
   301    640
   302    640
   303    640
   304    640
   305    640
   306    640
   307    640
   308    640
   309    640
   310    640
   311    640
   312    640
   301    641
   302    641
   303    641
   304    641
   305    641
   306    641
   307    641
   308    641
   309    641
   310    641
   311    641
   312    641
   313    641
   302    642
   303    642
   304    642
   305    642
   306    642
   307    642
   308    642
   309    642
   310    642
   311    642
   312    642
   313    642
   314    642
   315    642
   303    643
   304    643
   305    643
   306    643
   307    643
   308    643
   309    643
   310    643
   311    643
   312    643
   313    643
   314    643
   315    643
   316    643
   305    644
   306    644
   307    644
   308    644
   309    644
   310    644
   311    644
   312    644
   313    644
   314    644
   315    644
   316    644
   317    644
   318    644
   306    645
   307    645
   308    645
   309    645
   310    645
   311    645
   312    645
   313    645
   314    645
   315    645
   316    645
   317    645
   318    645
   319    645
   307    646
   308    646
   309    646
   310    646
   311    646
   312    646
   313    646
   314    646
   315    646
   316    646
   317    646
   318    646
   319    646
   320    646
   308    647
   309    647
   310    647
   311    647
   312    647
   313    647
   314    647
   315    647
   316    647
   317    647
   318    647
   319    647
   320    647
   321    647
   309    648
   310    648
   311    648
   312    648
   313    648
   314    648
   315    648
   316    648
   317    648
   318    648
   319    648
   320    648
   321    648
   322    648
   323    648
   311    649
   312    649
   313    649
   314    649
   315    649
   316    649
   317    649
   318    649
   319    649
   320    649
   321    649
   322    649
   323    649
   324    649
   313    650
   314    650
   315    650
   316    650
   317    650
   318    650
   319    650
   320    650
   321    650
   322    650
   323    650
   324    650
   325    650
   326    650
   314    651
   315    651
   316    651
   317    651
   318    651
   319    651
   320    651
   321    651
   322    651
   323    651
   324    651
   325    651
   326    651
   327    651
   315    652
   316    652
   317    652
   318    652
   319    652
   320    652
   321    652
   322    652
   323    652
   324    652
   325    652
   326    652
   327    652
   328    652
   316    653
   317    653
   318    653
   319    653
   320    653
   321    653
   322    653
   323    653
   324    653
   325    653
   326    653
   327    653
   328    653
   329    653
   330    653
   317    654
   318    654
   319    654
   320    654
   321    654
   322    654
   323    654
   324    654
   325    654
   326    654
   327    654
   328    654
   329    654
   330    654
   331    654
   319    655
   320    655
   321    655
   322    655
   323    655
   324    655
   325    655
   326    655
   327    655
   328    655
   329    655
   330    655
   331    655
   332    655
   333    655
   320    656
   321    656
   322    656
   323    656
   324    656
   325    656
   326    656
   327    656
   328    656
   329    656
   330    656
   331    656
   332    656
   333    656
   334    656
   321    657
   322    657
   323    657
   324    657
   325    657
   326    657
   327    657
   328    657
   329    657
   330    657
   331    657
   332    657
   333    657
   334    657
   335    657
   322    658
   323    658
   324    658
   325    658
   326    658
   327    658
   328    658
   329    658
   330    658
   331    658
   332    658
   333    658
   334    658
   335    658
   336    658
   337    658
   324    659
   325    659
   326    659
   327    659
   328    659
   329    659
   330    659
   331    659
   332    659
   333    659
   334    659
   335    659
   336    659
   337    659
   338    659
   325    660
   326    660
   327    660
   328    660
   329    660
   330    660
   331    660
   332    660
   333    660
   334    660
   335    660
   336    660
   337    660
   338    660
   339    660
   325    661
   326    661
   327    661
   328    661
   329    661
   330    661
   331    661
   332    661
   333    661
   334    661
   335    661
   336    661
   337    661
   338    661
   339    661
   340    661
   341    661
   327    662
   328    662
   329    662
   330    662
   331    662
   332    662
   333    662
   334    662
   335    662
   336    662
   337    662
   338    662
   339    662
   340    662
   341    662
   342    662
   328    663
   329    663
   330    663
   331    663
   332    663
   333    663
   334    663
   335    663
   336    663
   337    663
   338    663
   339    663
   340    663
   341    663
   342    663
   343    663
   329    664
   330    664
   331    664
   332    664
   333    664
   334    664
   335    664
   336    664
   337    664
   338    664
   339    664
   340    664
   341    664
   342    664
   343    664
   344    664
   330    665
   331    665
   332    665
   333    665
   334    665
   335    665
   336    665
   337    665
   338    665
   339    665
   340    665
   341    665
   342    665
   343    665
   344    665
   345    665
   346    665
   332    666
   333    666
   334    666
   335    666
   336    666
   337    666
   338    666
   339    666
   340    666
   341    666
   342    666
   343    666
   344    666
   345    666
   346    666
   347    666
   333    667
   334    667
   335    667
   336    667
   337    667
   338    667
   339    667
   340    667
   341    667
   342    667
   343    667
   344    667
   345    667
   346    667
   347    667
   348    667
   349    667
   334    668
   335    668
   336    668
   337    668
   338    668
   339    668
   340    668
   341    668
   342    668
   343    668
   344    668
   345    668
   346    668
   347    668
   348    668
   349    668
   335    669
   336    669
   337    669
   338    669
   339    669
   340    669
   341    669
   342    669
   343    669
   344    669
   345    669
   346    669
   347    669
   348    669
   349    669
   350    669
   351    669
   337    670
   338    670
   339    670
   340    670
   341    670
   342    670
   343    670
   344    670
   345    670
   346    670
   347    670
   348    670
   349    670
   350    670
   351    670
   352    670
   338    671
   339    671
   340    671
   341    671
   342    671
   343    671
   344    671
   345    671
   346    671
   347    671
   348    671
   349    671
   350    671
   351    671
   352    671
   353    671
   338    672
   339    672
   340    672
   341    672
   342    672
   343    672
   344    672
   345    672
   346    672
   347    672
   348    672
   349    672
   350    672
   351    672
   352    672
   353    672
   354    672
   355    672
   340    673
   341    673
   342    673
   343    673
   344    673
   345    673
   346    673
   347    673
   348    673
   349    673
   350    673
   351    673
   352    673
   353    673
   354    673
   355    673
   356    673
   341    674
   342    674
   343    674
   344    674
   345    674
   346    674
   347    674
   348    674
   349    674
   350    674
   351    674
   352    674
   353    674
   354    674
   355    674
   356    674
   357    674
   342    675
   343    675
   344    675
   345    675
   346    675
   347    675
   348    675
   349    675
   350    675
   351    675
   352    675
   353    675
   354    675
   355    675
   356    675
   357    675
   358    675
   359    675
   343    676
   344    676
   345    676
   346    676
   347    676
   348    676
   349    676
   350    676
   351    676
   352    676
   353    676
   354    676
   355    676
   356    676
   357    676
   358    676
   359    676
   360    676
   344    677
   345    677
   346    677
   347    677
   348    677
   349    677
   350    677
   351    677
   352    677
   353    677
   354    677
   355    677
   356    677
   357    677
   358    677
   359    677
   360    677
   361    677
   345    678
   346    678
   347    678
   348    678
   349    678
   350    678
   351    678
   352    678
   353    678
   354    678
   355    678
   356    678
   357    678
   358    678
   359    678
   360    678
   361    678
   362    678
   363    678
   347    679
   348    679
   349    679
   350    679
   351    679
   352    679
   353    679
   354    679
   355    679
   356    679
   357    679
   358    679
   359    679
   360    679
   361    679
   362    679
   363    679
   364    679
   348    680
   349    680
   350    680
   351    680
   352    680
   353    680
   354    680
   355    680
   356    680
   357    680
   358    680
   359    680
   360    680
   361    680
   362    680
   363    680
   364    680
   365    680
   349    681
   350    681
   351    681
   352    681
   353    681
   354    681
   355    681
   356    681
   357    681
   358    681
   359    681
   360    681
   361    681
   362    681
   363    681
   364    681
   365    681
   366    681
   351    682
   352    682
   353    682
   354    682
   355    682
   356    682
   357    682
   358    682
   359    682
   360    682
   361    682
   362    682
   363    682
   364    682
   365    682
   366    682
   367    682
   368    682
   351    683
   352    683
   353    683
   354    683
   355    683
   356    683
   357    683
   358    683
   359    683
   360    683
   361    683
   362    683
   363    683
   364    683
   365    683
   366    683
   367    683
   368    683
   369    683
   353    684
   354    684
   355    684
   356    684
   357    684
   358    684
   359    684
   360    684
   361    684
   362    684
   363    684
   364    684
   365    684
   366    684
   367    684
   368    684
   369    684
   370    684
   354    685
   355    685
   356    685
   357    685
   358    685
   359    685
   360    685
   361    685
   362    685
   363    685
   364    685
   365    685
   366    685
   367    685
   368    685
   369    685
   370    685
   371    685
   372    685
   356    686
   357    686
   358    686
   359    686
   360    686
   361    686
   362    686
   363    686
   364    686
   365    686
   366    686
   367    686
   368    686
   369    686
   370    686
   371    686
   372    686
   373    686
   357    687
   358    687
   359    687
   360    687
   361    687
   362    687
   363    687
   364    687
   365    687
   366    687
   367    687
   368    687
   369    687
   370    687
   371    687
   372    687
   373    687
   374    687
   375    687
   358    688
   359    688
   360    688
   361    688
   362    688
   363    688
   364    688
   365    688
   366    688
   367    688
   368    688
   369    688
   370    688
   371    688
   372    688
   373    688
   374    688
   375    688
   376    688
   359    689
   360    689
   361    689
   362    689
   363    689
   364    689
   365    689
   366    689
   367    689
   368    689
   369    689
   370    689
   371    689
   372    689
   373    689
   374    689
   375    689
   376    689
   377    689
   361    690
   362    690
   363    690
   364    690
   365    690
   366    690
   367    690
   368    690
   369    690
   370    690
   371    690
   372    690
   373    690
   374    690
   375    690
   376    690
   377    690
   378    690
   379    690
   362    691
   363    691
   364    691
   365    691
   366    691
   367    691
   368    691
   369    691
   370    691
   371    691
   372    691
   373    691
   374    691
   375    691
   376    691
   377    691
   378    691
   379    691
   380    691
   363    692
   364    692
   365    692
   366    692
   367    692
   368    692
   369    692
   370    692
   371    692
   372    692
   373    692
   374    692
   375    692
   376    692
   377    692
   378    692
   379    692
   380    692
   381    692
   382    692
   364    693
   365    693
   366    693
   367    693
   368    693
   369    693
   370    693
   371    693
   372    693
   373    693
   374    693
   375    693
   376    693
   377    693
   378    693
   379    693
   380    693
   381    693
   382    693
   383    693
   366    694
   367    694
   368    694
   369    694
   370    694
   371    694
   372    694
   373    694
   374    694
   375    694
   376    694
   377    694
   378    694
   379    694
   380    694
   381    694
   382    694
   383    694
   384    694
   367    695
   368    695
   369    695
   370    695
   371    695
   372    695
   373    695
   374    695
   375    695
   376    695
   377    695
   378    695
   379    695
   380    695
   381    695
   382    695
   383    695
   384    695
   385    695
   368    696
   369    696
   370    696
   371    696
   372    696
   373    696
   374    696
   375    696
   376    696
   377    696
   378    696
   379    696
   380    696
   381    696
   382    696
   383    696
   384    696
   385    696
   386    696
   387    696
   370    697
   371    697
   372    697
   373    697
   374    697
   375    697
   376    697
   377    697
   378    697
   379    697
   380    697
   381    697
   382    697
   383    697
   384    697
   385    697
   386    697
   387    697
   388    697
   371    698
   372    698
   373    698
   374    698
   375    698
   376    698
   377    698
   378    698
   379    698
   380    698
   381    698
   382    698
   383    698
   384    698
   385    698
   386    698
   387    698
   388    698
   389    698
   390    698
   372    699
   373    699
   374    699
   375    699
   376    699
   377    699
   378    699
   379    699
   380    699
   381    699
   382    699
   383    699
   384    699
   385    699
   386    699
   387    699
   388    699
   389    699
   390    699
   391    699
   373    700
   374    700
   375    700
   376    700
   377    700
   378    700
   379    700
   380    700
   381    700
   382    700
   383    700
   384    700
   385    700
   386    700
   387    700
   388    700
   389    700
   390    700
   391    700
   392    700
   375    701
   376    701
   377    701
   378    701
   379    701
   380    701
   381    701
   382    701
   383    701
   384    701
   385    701
   386    701
   387    701
   388    701
   389    701
   390    701
   391    701
   392    701
   393    701
   376    702
   377    702
   378    702
   379    702
   380    702
   381    702
   382    702
   383    702
   384    702
   385    702
   386    702
   387    702
   388    702
   389    702
   390    702
   391    702
   392    702
   393    702
   394    702
   395    702
   378    703
   379    703
   380    703
   381    703
   382    703
   383    703
   384    703
   385    703
   386    703
   387    703
   388    703
   389    703
   390    703
   391    703
   392    703
   393    703
   394    703
   395    703
   396    703
   378    704
   379    704
   380    704
   381    704
   382    704
   383    704
   384    704
   385    704
   386    704
   387    704
   388    704
   389    704
   390    704
   391    704
   392    704
   393    704
   394    704
   395    704
   396    704
   397    704
   380    705
   381    705
   382    705
   383    705
   384    705
   385    705
   386    705
   387    705
   388    705
   389    705
   390    705
   391    705
   392    705
   393    705
   394    705
   395    705
   396    705
   397    705
   398    705
   399    705
   381    706
   382    706
   383    706
   384    706
   385    706
   386    706
   387    706
   388    706
   389    706
   390    706
   391    706
   392    706
   393    706
   394    706
   395    706
   396    706
   397    706
   398    706
   399    706
   400    706
   382    707
   383    707
   384    707
   385    707
   386    707
   387    707
   388    707
   389    707
   390    707
   391    707
   392    707
   393    707
   394    707
   395    707
   396    707
   397    707
   398    707
   399    707
   400    707
   401    707
   402    707
   384    708
   385    708
   386    708
   387    708
   388    708
   389    708
   390    708
   391    708
   392    708
   393    708
   394    708
   395    708
   396    708
   397    708
   398    708
   399    708
   400    708
   401    708
   402    708
   403    708
   385    709
   386    709
   387    709
   388    709
   389    709
   390    709
   391    709
   392    709
   393    709
   394    709
   395    709
   396    709
   397    709
   398    709
   399    709
   400    709
   401    709
   402    709
   403    709
   404    709
   386    710
   387    710
   388    710
   389    710
   390    710
   391    710
   392    710
   393    710
   394    710
   395    710
   396    710
   397    710
   398    710
   399    710
   400    710
   401    710
   402    710
   403    710
   404    710
   405    710
   406    710
   388    711
   389    711
   390    711
   391    711
   392    711
   393    711
   394    711
   395    711
   396    711
   397    711
   398    711
   399    711
   400    711
   401    711
   402    711
   403    711
   404    711
   405    711
   406    711
   407    711
   389    712
   390    712
   391    712
   392    712
   393    712
   394    712
   395    712
   396    712
   397    712
   398    712
   399    712
   400    712
   401    712
   402    712
   403    712
   404    712
   405    712
   406    712
   407    712
   408    712
   409    712
   390    713
   391    713
   392    713
   393    713
   394    713
   395    713
   396    713
   397    713
   398    713
   399    713
   400    713
   401    713
   402    713
   403    713
   404    713
   405    713
   406    713
   407    713
   408    713
   409    713
   410    713
   391    714
   392    714
   393    714
   394    714
   395    714
   396    714
   397    714
   398    714
   399    714
   400    714
   401    714
   402    714
   403    714
   404    714
   405    714
   406    714
   407    714
   408    714
   409    714
   410    714
   411    714
   393    715
   394    715
   395    715
   396    715
   397    715
   398    715
   399    715
   400    715
   401    715
   402    715
   403    715
   404    715
   405    715
   406    715
   407    715
   408    715
   409    715
   410    715
   411    715
   412    715
   394    716
   395    716
   396    716
   397    716
   398    716
   399    716
   400    716
   401    716
   402    716
   403    716
   404    716
   405    716
   406    716
   407    716
   408    716
   409    716
   410    716
   411    716
   412    716
   413    716
   396    717
   397    717
   398    717
   399    717
   400    717
   401    717
   402    717
   403    717
   404    717
   405    717
   406    717
   407    717
   408    717
   409    717
   410    717
   411    717
   412    717
   413    717
   414    717
   415    717
   397    718
   398    718
   399    718
   400    718
   401    718
   402    718
   403    718
   404    718
   405    718
   406    718
   407    718
   408    718
   409    718
   410    718
   411    718
   412    718
   413    718
   414    718
   415    718
   416    718
   398    719
   399    719
   400    719
   401    719
   402    719
   403    719
   404    719
   405    719
   406    719
   407    719
   408    719
   409    719
   410    719
   411    719
   412    719
   413    719
   414    719
   415    719
   416    719
   417    719
   418    719
   399    720
   400    720
   401    720
   402    720
   403    720
   404    720
   405    720
   406    720
   407    720
   408    720
   409    720
   410    720
   411    720
   412    720
   413    720
   414    720
   415    720
   416    720
   417    720
   418    720
   419    720
   400    721
   401    721
   402    721
   403    721
   404    721
   405    721
   406    721
   407    721
   408    721
   409    721
   410    721
   411    721
   412    721
   413    721
   414    721
   415    721
   416    721
   417    721
   418    721
   419    721
   420    721
   421    721
   402    722
   403    722
   404    722
   405    722
   406    722
   407    722
   408    722
   409    722
   410    722
   411    722
   412    722
   413    722
   414    722
   415    722
   416    722
   417    722
   418    722
   419    722
   420    722
   421    722
   422    722
   403    723
   404    723
   405    723
   406    723
   407    723
   408    723
   409    723
   410    723
   411    723
   412    723
   413    723
   414    723
   415    723
   416    723
   417    723
   418    723
   419    723
   420    723
   421    723
   422    723
   423    723
   424    723
   404    724
   405    724
   406    724
   407    724
   408    724
   409    724
   410    724
   411    724
   412    724
   413    724
   414    724
   415    724
   416    724
   417    724
   418    724
   419    724
   420    724
   421    724
   422    724
   423    724
   424    724
   425    724
   406    725
   407    725
   408    725
   409    725
   410    725
   411    725
   412    725
   413    725
   414    725
   415    725
   416    725
   417    725
   418    725
   419    725
   420    725
   421    725
   422    725
   423    725
   424    725
   425    725
   426    725
   406    726
   407    726
   408    726
   409    726
   410    726
   411    726
   412    726
   413    726
   414    726
   415    726
   416    726
   417    726
   418    726
   419    726
   420    726
   421    726
   422    726
   423    726
   424    726
   425    726
   426    726
   427    726
   428    726
   408    727
   409    727
   410    727
   411    727
   412    727
   413    727
   414    727
   415    727
   416    727
   417    727
   418    727
   419    727
   420    727
   421    727
   422    727
   423    727
   424    727
   425    727
   426    727
   427    727
   428    727
   429    727
   409    728
   410    728
   411    728
   412    728
   413    728
   414    728
   415    728
   416    728
   417    728
   418    728
   419    728
   420    728
   421    728
   422    728
   423    728
   424    728
   425    728
   426    728
   427    728
   428    728
   429    728
   430    728
   410    729
   411    729
   412    729
   413    729
   414    729
   415    729
   416    729
   417    729
   418    729
   419    729
   420    729
   421    729
   422    729
   423    729
   424    729
   425    729
   426    729
   427    729
   428    729
   429    729
   430    729
   431    729
   432    729
   412    730
   413    730
   414    730
   415    730
   416    730
   417    730
   418    730
   419    730
   420    730
   421    730
   422    730
   423    730
   424    730
   425    730
   426    730
   427    730
   428    730
   429    730
   430    730
   431    730
   432    730
   433    730
   413    731
   414    731
   415    731
   416    731
   417    731
   418    731
   419    731
   420    731
   421    731
   422    731
   423    731
   424    731
   425    731
   426    731
   427    731
   428    731
   429    731
   430    731
   431    731
   432    731
   433    731
   434    731
   414    732
   415    732
   416    732
   417    732
   418    732
   419    732
   420    732
   421    732
   422    732
   423    732
   424    732
   425    732
   426    732
   427    732
   428    732
   429    732
   430    732
   431    732
   432    732
   433    732
   434    732
   435    732
   436    732
   416    733
   417    733
   418    733
   419    733
   420    733
   421    733
   422    733
   423    733
   424    733
   425    733
   426    733
   427    733
   428    733
   429    733
   430    733
   431    733
   432    733
   433    733
   434    733
   435    733
   436    733
   437    733
   417    734
   418    734
   419    734
   420    734
   421    734
   422    734
   423    734
   424    734
   425    734
   426    734
   427    734
   428    734
   429    734
   430    734
   431    734
   432    734
   433    734
   434    734
   435    734
   436    734
   437    734
   438    734
   439    734
   418    735
   419    735
   420    735
   421    735
   422    735
   423    735
   424    735
   425    735
   426    735
   427    735
   428    735
   429    735
   430    735
   431    735
   432    735
   433    735
   434    735
   435    735
   436    735
   437    735
   438    735
   419    736
   420    736
   421    736
   422    736
   423    736
   424    736
   425    736
   426    736
   427    736
   428    736
   429    736
   430    736
   431    736
   432    736
   433    736
   434    736
   435    736
   436    736
   437    736
   438    736
   421    737
   422    737
   423    737
   424    737
   425    737
   426    737
   427    737
   428    737
   429    737
   430    737
   431    737
   432    737
   433    737
   434    737
   435    737
   436    737
   437    737
   438    737
   422    738
   423    738
   424    738
   425    738
   426    738
   427    738
   428    738
   429    738
   430    738
   431    738
   432    738
   433    738
