   284    591
   285    591
   286    591
   287    591
   288    591
   289    591
   290    591
   291    591
   292    591
   293    591
   285    592
   286    592
   287    592
   288    592
   289    592
   290    592
   291    592
   292    592
   293    592
   286    593
   287    593
   288    593
   289    593
   290    593
   291    593
   292    593
   293    593
   294    593
   287    594
   288    594
   289    594
   290    594
   291    594
   292    594
   293    594
   294    594
   295    594
   288    595
   289    595
   290    595
   291    595
   292    595
   293    595
   294    595
   295    595
   296    595
   289    596
   290    596
   291    596
   292    596
   293    596
   294    596
   295    596
   296    596
   297    596
   298    596
   289    597
   290    597
   291    597
   292    597
   293    597
   294    597
   295    597
   296    597
   297    597
   298    597
   299    597
   290    598
   291    598
   292    598
   293    598
   294    598
   295    598
   296    598
   297    598
   298    598
   299    598
   300    598
   291    599
   292    599
   293    599
   294    599
   295    599
   296    599
   297    599
   298    599
   299    599
   300    599
   301    599
   293    600
   294    600
   295    600
   296    600
   297    600
   298    600
   299    600
   300    600
   301    600
   302    600
   294    601
   295    601
   296    601
   297    601
   298    601
   299    601
   300    601
   301    601
   302    601
   303    601
   295    602
   296    602
   297    602
   298    602
   299    602
   300    602
   301    602
   302    602
   303    602
   304    602
   296    603
   297    603
   298    603
   299    603
   300    603
   301    603
   302    603
   303    603
   304    603
   305    603
   297    604
   298    604
   299    604
   300    604
   301    604
   302    604
   303    604
   304    604
   305    604
   306    604
   298    605
   299    605
   300    605
   301    605
   302    605
   303    605
   304    605
   305    605
   306    605
   307    605
   308    605
   298    606
   299    606
   300    606
   301    606
   302    606
   303    606
   304    606
   305    606
   306    606
   307    606
   308    606
   309    606
   299    607
   300    607
   301    607
   302    607
   303    607
   304    607
   305    607
   306    607
   307    607
   308    607
   309    607
   310    607
   301    608
   302    608
   303    608
   304    608
   305    608
   306    608
   307    608
   308    608
   309    608
   310    608
   311    608
   302    609
   303    609
   304    609
   305    609
   306    609
   307    609
   308    609
   309    609
   310    609
   311    609
   312    609
   303    610
   304    610
   305    610
   306    610
   307    610
   308    610
   309    610
   310    610
   311    610
   312    610
   313    610
   304    611
   305    611
   306    611
   307    611
   308    611
   309    611
   310    611
   311    611
   312    611
   313    611
   314    611
   305    612
   306    612
   307    612
   308    612
   309    612
   310    612
   311    612
   312    612
   313    612
   314    612
   315    612
   316    612
   306    613
   307    613
   308    613
   309    613
   310    613
   311    613
   312    613
   313    613
   314    613
   315    613
   316    613
   317    613
   307    614
   308    614
   309    614
   310    614
   311    614
   312    614
   313    614
   314    614
   315    614
   316    614
   317    614
   318    614
   309    615
   310    615
   311    615
   312    615
   313    615
   314    615
   315    615
   316    615
   317    615
   318    615
   319    615
   310    616
   311    616
   312    616
   313    616
   314    616
   315    616
   316    616
   317    616
   318    616
   319    616
   320    616
   321    616
   311    617
   312    617
   313    617
   314    617
   315    617
   316    617
   317    617
   318    617
   319    617
   320    617
   321    617
   322    617
   312    618
   313    618
   314    618
   315    618
   316    618
   317    618
   318    618
   319    618
   320    618
   321    618
   322    618
   323    618
   313    619
   314    619
   315    619
   316    619
   317    619
   318    619
   319    619
   320    619
   321    619
   322    619
   323    619
   324    619
   314    620
   315    620
   316    620
   317    620
   318    620
   319    620
   320    620
   321    620
   322    620
   323    620
   324    620
   325    620
   315    621
   316    621
   317    621
   318    621
   319    621
   320    621
   321    621
   322    621
   323    621
   324    621
   325    621
   326    621
   316    622
   317    622
   318    622
   319    622
   320    622
   321    622
   322    622
   323    622
   324    622
   325    622
   326    622
   327    622
   317    623
   318    623
   319    623
   320    623
   321    623
   322    623
   323    623
   324    623
   325    623
   326    623
   327    623
   328    623
   329    623
   318    624
   319    624
   320    624
   321    624
   322    624
   323    624
   324    624
   325    624
   326    624
   327    624
   328    624
   329    624
   330    624
   319    625
   320    625
   321    625
   322    625
   323    625
   324    625
   325    625
   326    625
   327    625
   328    625
   329    625
   330    625
   331    625
   320    626
   321    626
   322    626
   323    626
   324    626
   325    626
   326    626
   327    626
   328    626
   329    626
   330    626
   331    626
   332    626
   321    627
   322    627
   323    627
   324    627
   325    627
   326    627
   327    627
   328    627
   329    627
   330    627
   331    627
   332    627
   333    627
   334    627
   322    628
   323    628
   324    628
   325    628
   326    628
   327    628
   328    628
   329    628
   330    628
   331    628
   332    628
   333    628
   334    628
   323    629
   324    629
   325    629
   326    629
   327    629
   328    629
   329    629
   330    629
   331    629
   332    629
   333    629
   334    629
   335    629
   324    630
   325    630
   326    630
   327    630
   328    630
   329    630
   330    630
   331    630
   332    630
   333    630
   334    630
   335    630
   336    630
   325    631
   326    631
   327    631
   328    631
   329    631
   330    631
   331    631
   332    631
   333    631
   334    631
   335    631
   336    631
   337    631
   326    632
   327    632
   328    632
   329    632
   330    632
   331    632
   332    632
   333    632
   334    632
   335    632
   336    632
   337    632
   338    632
   339    632
   327    633
   328    633
   329    633
   330    633
   331    633
   332    633
   333    633
   334    633
   335    633
   336    633
   337    633
   338    633
   339    633
   340    633
   328    634
   329    634
   330    634
   331    634
   332    634
   333    634
   334    634
   335    634
   336    634
   337    634
   338    634
   339    634
   340    634
   341    634
   329    635
   330    635
   331    635
   332    635
   333    635
   334    635
   335    635
   336    635
   337    635
   338    635
   339    635
   340    635
   341    635
   342    635
   330    636
   331    636
   332    636
   333    636
   334    636
   335    636
   336    636
   337    636
   338    636
   339    636
   340    636
   341    636
   342    636
   343    636
   331    637
   332    637
   333    637
   334    637
   335    637
   336    637
   337    637
   338    637
   339    637
   340    637
   341    637
   342    637
   343    637
   344    637
   332    638
   333    638
   334    638
   335    638
   336    638
   337    638
   338    638
   339    638
   340    638
   341    638
   342    638
   343    638
   344    638
   345    638
   346    638
   333    639
   334    639
   335    639
   336    639
   337    639
   338    639
   339    639
   340    639
   341    639
   342    639
   343    639
   344    639
   345    639
   346    639
   347    639
   335    640
   336    640
   337    640
   338    640
   339    640
   340    640
   341    640
   342    640
   343    640
   344    640
   345    640
   346    640
   347    640
   348    640
   335    641
   336    641
   337    641
   338    641
   339    641
   340    641
   341    641
   342    641
   343    641
   344    641
   345    641
   346    641
   347    641
   348    641
   349    641
   336    642
   337    642
   338    642
   339    642
   340    642
   341    642
   342    642
   343    642
   344    642
   345    642
   346    642
   347    642
   348    642
   349    642
   350    642
   338    643
   339    643
   340    643
   341    643
   342    643
   343    643
   344    643
   345    643
   346    643
   347    643
   348    643
   349    643
   350    643
   351    643
   352    643
   339    644
   340    644
   341    644
   342    644
   343    644
   344    644
   345    644
   346    644
   347    644
   348    644
   349    644
   350    644
   351    644
   352    644
   340    645
   341    645
   342    645
   343    645
   344    645
   345    645
   346    645
   347    645
   348    645
   349    645
   350    645
   351    645
   352    645
   353    645
   341    646
   342    646
   343    646
   344    646
   345    646
   346    646
   347    646
   348    646
   349    646
   350    646
   351    646
   352    646
   353    646
   354    646
   342    647
   343    647
   344    647
   345    647
   346    647
   347    647
   348    647
   349    647
   350    647
   351    647
   352    647
   353    647
   354    647
   355    647
   356    647
   343    648
   344    648
   345    648
   346    648
   347    648
   348    648
   349    648
   350    648
   351    648
   352    648
   353    648
   354    648
   355    648
   356    648
   357    648
   344    649
   345    649
   346    649
   347    649
   348    649
   349    649
   350    649
   351    649
   352    649
   353    649
   354    649
   355    649
   356    649
   357    649
   358    649
   345    650
   346    650
   347    650
   348    650
   349    650
   350    650
   351    650
   352    650
   353    650
   354    650
   355    650
   356    650
   357    650
   358    650
   359    650
   346    651
   347    651
   348    651
   349    651
   350    651
   351    651
   352    651
   353    651
   354    651
   355    651
   356    651
   357    651
   358    651
   359    651
   360    651
   347    652
   348    652
   349    652
   350    652
   351    652
   352    652
   353    652
   354    652
   355    652
   356    652
   357    652
   358    652
   359    652
   360    652
   361    652
   348    653
   349    653
   350    653
   351    653
   352    653
   353    653
   354    653
   355    653
   356    653
   357    653
   358    653
   359    653
   360    653
   361    653
   362    653
   363    653
   349    654
   350    654
   351    654
   352    654
   353    654
   354    654
   355    654
   356    654
   357    654
   358    654
   359    654
   360    654
   361    654
   362    654
   363    654
   350    655
   351    655
   352    655
   353    655
   354    655
   355    655
   356    655
   357    655
   358    655
   359    655
   360    655
   361    655
   362    655
   363    655
   364    655
   365    655
   351    656
   352    656
   353    656
   354    656
   355    656
   356    656
   357    656
   358    656
   359    656
   360    656
   361    656
   362    656
   363    656
   364    656
   365    656
   366    656
   352    657
   353    657
   354    657
   355    657
   356    657
   357    657
   358    657
   359    657
   360    657
   361    657
   362    657
   363    657
   364    657
   365    657
   366    657
   353    658
   354    658
   355    658
   356    658
   357    658
   358    658
   359    658
   360    658
   361    658
   362    658
   363    658
   364    658
   365    658
   366    658
   367    658
   368    658
   354    659
   355    659
   356    659
   357    659
   358    659
   359    659
   360    659
   361    659
   362    659
   363    659
   364    659
   365    659
   366    659
   367    659
   368    659
   369    659
   356    660
   357    660
   358    660
   359    660
   360    660
   361    660
   362    660
   363    660
   364    660
   365    660
   366    660
   367    660
   368    660
   369    660
   370    660
   356    661
   357    661
   358    661
   359    661
   360    661
   361    661
   362    661
   363    661
   364    661
   365    661
   366    661
   367    661
   368    661
   369    661
   370    661
   371    661
   357    662
   358    662
   359    662
   360    662
   361    662
   362    662
   363    662
   364    662
   365    662
   366    662
   367    662
   368    662
   369    662
   370    662
   371    662
   372    662
   358    663
   359    663
   360    663
   361    663
   362    663
   363    663
   364    663
   365    663
   366    663
   367    663
   368    663
   369    663
   370    663
   371    663
   372    663
   373    663
   360    664
   361    664
   362    664
   363    664
   364    664
   365    664
   366    664
   367    664
   368    664
   369    664
   370    664
   371    664
   372    664
   373    664
   374    664
   360    665
   361    665
   362    665
   363    665
   364    665
   365    665
   366    665
   367    665
   368    665
   369    665
   370    665
   371    665
   372    665
   373    665
   374    665
   375    665
   362    666
   363    666
   364    666
   365    666
   366    666
   367    666
   368    666
   369    666
   370    666
   371    666
   372    666
   373    666
   374    666
   375    666
   376    666
   362    667
   363    667
   364    667
   365    667
   366    667
   367    667
   368    667
   369    667
   370    667
   371    667
   372    667
   373    667
   374    667
   375    667
   376    667
   377    667
   378    667
   363    668
   364    668
   365    668
   366    668
   367    668
   368    668
   369    668
   370    668
   371    668
   372    668
   373    668
   374    668
   375    668
   376    668
   377    668
   378    668
   379    668
   364    669
   365    669
   366    669
   367    669
   368    669
   369    669
   370    669
   371    669
   372    669
   373    669
   374    669
   375    669
   376    669
   377    669
   378    669
   379    669
   380    669
   365    670
   366    670
   367    670
   368    670
   369    670
   370    670
   371    670
   372    670
   373    670
   374    670
   375    670
   376    670
   377    670
   378    670
   379    670
   380    670
   381    670
   366    671
   367    671
   368    671
   369    671
   370    671
   371    671
   372    671
   373    671
   374    671
   375    671
   376    671
   377    671
   378    671
   379    671
   380    671
   381    671
   382    671
   367    672
   368    672
   369    672
   370    672
   371    672
   372    672
   373    672
   374    672
   375    672
   376    672
   377    672
   378    672
   379    672
   380    672
   381    672
   382    672
   383    672
   368    673
   369    673
   370    673
   371    673
   372    673
   373    673
   374    673
   375    673
   376    673
   377    673
   378    673
   379    673
   380    673
   381    673
   382    673
   383    673
   384    673
   369    674
   370    674
   371    674
   372    674
   373    674
   374    674
   375    674
   376    674
   377    674
   378    674
   379    674
   380    674
   381    674
   382    674
   383    674
   384    674
   385    674
   370    675
   371    675
   372    675
   373    675
   374    675
   375    675
   376    675
   377    675
   378    675
   379    675
   380    675
   381    675
   382    675
   383    675
   384    675
   385    675
   386    675
   371    676
   372    676
   373    676
   374    676
   375    676
   376    676
   377    676
   378    676
   379    676
   380    676
   381    676
   382    676
   383    676
   384    676
   385    676
   386    676
   387    676
   372    677
   373    677
   374    677
   375    677
   376    677
   377    677
   378    677
   379    677
   380    677
   381    677
   382    677
   383    677
   384    677
   385    677
   386    677
   387    677
   388    677
   373    678
   374    678
   375    678
   376    678
   377    678
   378    678
   379    678
   380    678
   381    678
   382    678
   383    678
   384    678
   385    678
   386    678
   387    678
   388    678
   389    678
   374    679
   375    679
   376    679
   377    679
   378    679
   379    679
   380    679
   381    679
   382    679
   383    679
   384    679
   385    679
   386    679
   387    679
   388    679
   389    679
   390    679
   391    679
   375    680
   376    680
   377    680
   378    680
   379    680
   380    680
   381    680
   382    680
   383    680
   384    680
   385    680
   386    680
   387    680
   388    680
   389    680
   390    680
   391    680
   376    681
   377    681
   378    681
   379    681
   380    681
   381    681
   382    681
   383    681
   384    681
   385    681
   386    681
   387    681
   388    681
   389    681
   390    681
   391    681
   392    681
   376    682
   377    682
   378    682
   379    682
   380    682
   381    682
   382    682
   383    682
   384    682
   385    682
   386    682
   387    682
   388    682
   389    682
   390    682
   391    682
   392    682
   393    682
   394    682
   378    683
   379    683
   380    683
   381    683
   382    683
   383    683
   384    683
   385    683
   386    683
   387    683
   388    683
   389    683
   390    683
   391    683
   392    683
   393    683
   394    683
   395    683
   378    684
   379    684
   380    684
   381    684
   382    684
   383    684
   384    684
   385    684
   386    684
   387    684
   388    684
   389    684
   390    684
   391    684
   392    684
   393    684
   394    684
   395    684
   396    684
   379    685
   380    685
   381    685
   382    685
   383    685
   384    685
   385    685
   386    685
   387    685
   388    685
   389    685
   390    685
   391    685
   392    685
   393    685
   394    685
   395    685
   396    685
   397    685
   380    686
   381    686
   382    686
   383    686
   384    686
   385    686
   386    686
   387    686
   388    686
   389    686
   390    686
   391    686
   392    686
   393    686
   394    686
   395    686
   396    686
   397    686
   398    686
   381    687
   382    687
   383    687
   384    687
   385    687
   386    687
   387    687
   388    687
   389    687
   390    687
   391    687
   392    687
   393    687
   394    687
   395    687
   396    687
   397    687
   398    687
   399    687
   382    688
   383    688
   384    688
   385    688
   386    688
   387    688
   388    688
   389    688
   390    688
   391    688
   392    688
   393    688
   394    688
   395    688
   396    688
   397    688
   398    688
   399    688
   400    688
   383    689
   384    689
   385    689
   386    689
   387    689
   388    689
   389    689
   390    689
   391    689
   392    689
   393    689
   394    689
   395    689
   396    689
   397    689
   398    689
   399    689
   400    689
   401    689
   384    690
   385    690
   386    690
   387    690
   388    690
   389    690
   390    690
   391    690
   392    690
   393    690
   394    690
   395    690
   396    690
   397    690
   398    690
   399    690
   400    690
   401    690
   402    690
   385    691
   386    691
   387    691
   388    691
   389    691
   390    691
   391    691
   392    691
   393    691
   394    691
   395    691
   396    691
   397    691
   398    691
   399    691
   400    691
   401    691
   402    691
   403    691
   386    692
   387    692
   388    692
   389    692
   390    692
   391    692
   392    692
   393    692
   394    692
   395    692
   396    692
   397    692
   398    692
   399    692
   400    692
   401    692
   402    692
   403    692
   404    692
   387    693
   388    693
   389    693
   390    693
   391    693
   392    693
   393    693
   394    693
   395    693
   396    693
   397    693
   398    693
   399    693
   400    693
   401    693
   402    693
   403    693
   404    693
   405    693
   388    694
   389    694
   390    694
   391    694
   392    694
   393    694
   394    694
   395    694
   396    694
   397    694
   398    694
   399    694
   400    694
   401    694
   402    694
   403    694
   404    694
   405    694
   406    694
   389    695
   390    695
   391    695
   392    695
   393    695
   394    695
   395    695
   396    695
   397    695
   398    695
   399    695
   400    695
   401    695
   402    695
   403    695
   404    695
   405    695
   406    695
   407    695
   390    696
   391    696
   392    696
   393    696
   394    696
   395    696
   396    696
   397    696
   398    696
   399    696
   400    696
   401    696
   402    696
   403    696
   404    696
   405    696
   406    696
   407    696
   408    696
   391    697
   392    697
   393    697
   394    697
   395    697
   396    697
   397    697
   398    697
   399    697
   400    697
   401    697
   402    697
   403    697
   404    697
   405    697
   406    697
   407    697
   408    697
   409    697
   392    698
   393    698
   394    698
   395    698
   396    698
   397    698
   398    698
   399    698
   400    698
   401    698
   402    698
   403    698
   404    698
   405    698
   406    698
   407    698
   408    698
   409    698
   410    698
   393    699
   394    699
   395    699
   396    699
   397    699
   398    699
   399    699
   400    699
   401    699
   402    699
   403    699
   404    699
   405    699
   406    699
   407    699
   408    699
   409    699
   410    699
   411    699
   412    699
   394    700
   395    700
   396    700
   397    700
   398    700
   399    700
   400    700
   401    700
   402    700
   403    700
   404    700
   405    700
   406    700
   407    700
   408    700
   409    700
   410    700
   411    700
   412    700
   413    700
   395    701
   396    701
   397    701
   398    701
   399    701
   400    701
   401    701
   402    701
   403    701
   404    701
   405    701
   406    701
   407    701
   408    701
   409    701
   410    701
   411    701
   412    701
   413    701
   414    701
   396    702
   397    702
   398    702
   399    702
   400    702
   401    702
   402    702
   403    702
   404    702
   405    702
   406    702
   407    702
   408    702
   409    702
   410    702
   411    702
   412    702
   413    702
   414    702
   415    702
   397    703
   398    703
   399    703
   400    703
   401    703
   402    703
   403    703
   404    703
   405    703
   406    703
   407    703
   408    703
   409    703
   410    703
   411    703
   412    703
   413    703
   414    703
   415    703
   416    703
   398    704
   399    704
   400    704
   401    704
   402    704
   403    704
   404    704
   405    704
   406    704
   407    704
   408    704
   409    704
   410    704
   411    704
   412    704
   413    704
   414    704
   415    704
   416    704
   417    704
   399    705
   400    705
   401    705
   402    705
   403    705
   404    705
   405    705
   406    705
   407    705
   408    705
   409    705
   410    705
   411    705
   412    705
   413    705
   414    705
   415    705
   416    705
   417    705
   418    705
   400    706
   401    706
   402    706
   403    706
   404    706
   405    706
   406    706
   407    706
   408    706
   409    706
   410    706
   411    706
   412    706
   413    706
   414    706
   415    706
   416    706
   417    706
   418    706
   419    706
   420    706
   401    707
   402    707
   403    707
   404    707
   405    707
   406    707
   407    707
   408    707
   409    707
   410    707
   411    707
   412    707
   413    707
   414    707
   415    707
   416    707
   417    707
   418    707
   419    707
   420    707
   421    707
   402    708
   403    708
   404    708
   405    708
   406    708
   407    708
   408    708
   409    708
   410    708
   411    708
   412    708
   413    708
   414    708
   415    708
   416    708
   417    708
   418    708
   419    708
   420    708
   421    708
   422    708
   403    709
   404    709
   405    709
   406    709
   407    709
   408    709
   409    709
   410    709
   411    709
   412    709
   413    709
   414    709
   415    709
   416    709
   417    709
   418    709
   419    709
   420    709
   421    709
   422    709
   423    709
   404    710
   405    710
   406    710
   407    710
   408    710
   409    710
   410    710
   411    710
   412    710
   413    710
   414    710
   415    710
   416    710
   417    710
   418    710
   419    710
   420    710
   421    710
   422    710
   423    710
   405    711
   406    711
   407    711
   408    711
   409    711
   410    711
   411    711
   412    711
   413    711
   414    711
   415    711
   416    711
   417    711
   418    711
   419    711
   420    711
   421    711
   422    711
   423    711
   424    711
   425    711
   407    712
   408    712
   409    712
   410    712
   411    712
   412    712
   413    712
   414    712
   415    712
   416    712
   417    712
   418    712
   419    712
   420    712
   421    712
   422    712
   423    712
   424    712
   425    712
   426    712
   427    712
   407    713
   408    713
   409    713
   410    713
   411    713
   412    713
   413    713
   414    713
   415    713
   416    713
   417    713
   418    713
   419    713
   420    713
   421    713
   422    713
   423    713
   424    713
   425    713
   426    713
   427    713
   408    714
   409    714
   410    714
   411    714
   412    714
   413    714
   414    714
   415    714
   416    714
   417    714
   418    714
   419    714
   420    714
   421    714
   422    714
   423    714
   424    714
   425    714
   426    714
   427    714
   428    714
   429    714
   410    715
   411    715
   412    715
   413    715
   414    715
   415    715
   416    715
   417    715
   418    715
   419    715
   420    715
   421    715
   422    715
   423    715
   424    715
   425    715
   426    715
   427    715
   428    715
   429    715
   430    715
   410    716
   411    716
   412    716
   413    716
   414    716
   415    716
   416    716
   417    716
   418    716
   419    716
   420    716
   421    716
   422    716
   423    716
   424    716
   425    716
   426    716
   427    716
   428    716
   429    716
   430    716
   431    716
   411    717
   412    717
   413    717
   414    717
   415    717
   416    717
   417    717
   418    717
   419    717
   420    717
   421    717
   422    717
   423    717
   424    717
   425    717
   426    717
   427    717
   428    717
   429    717
   430    717
   431    717
   432    717
   412    718
   413    718
   414    718
   415    718
   416    718
   417    718
   418    718
   419    718
   420    718
   421    718
   422    718
   423    718
   424    718
   425    718
   426    718
   427    718
   428    718
   429    718
   430    718
   431    718
   432    718
   433    718
   414    719
   415    719
   416    719
   417    719
   418    719
   419    719
   420    719
   421    719
   422    719
   423    719
   424    719
   425    719
   426    719
   427    719
   428    719
   429    719
   430    719
   431    719
   432    719
   433    719
   434    719
   414    720
   415    720
   416    720
   417    720
   418    720
   419    720
   420    720
   421    720
   422    720
   423    720
   424    720
   425    720
   426    720
   427    720
   428    720
   429    720
   430    720
   431    720
   432    720
   433    720
   434    720
   435    720
   415    721
   416    721
   417    721
   418    721
   419    721
   420    721
   421    721
   422    721
   423    721
   424    721
   425    721
   426    721
   427    721
   428    721
   429    721
   430    721
   431    721
   432    721
   433    721
   434    721
   435    721
   436    721
   416    722
   417    722
   418    722
   419    722
   420    722
   421    722
   422    722
   423    722
   424    722
   425    722
   426    722
   427    722
   428    722
   429    722
   430    722
   431    722
   432    722
   433    722
   434    722
   435    722
   436    722
   437    722
   417    723
   418    723
   419    723
   420    723
   421    723
   422    723
   423    723
   424    723
   425    723
   426    723
   427    723
   428    723
   429    723
   430    723
   431    723
   432    723
   433    723
   434    723
   435    723
   436    723
   437    723
   438    723
   419    724
   420    724
   421    724
   422    724
   423    724
   424    724
   425    724
   426    724
   427    724
   428    724
   429    724
   430    724
   431    724
   432    724
   433    724
   434    724
   435    724
   436    724
   437    724
   438    724
   439    724
   440    724
   419    725
   420    725
   421    725
   422    725
   423    725
   424    725
   425    725
   426    725
   427    725
   428    725
   429    725
   430    725
   431    725
   432    725
   433    725
   434    725
   435    725
   436    725
   437    725
   438    725
   439    725
   440    725
   441    725
   420    726
   421    726
   422    726
   423    726
   424    726
   425    726
   426    726
   427    726
   428    726
   429    726
   430    726
   431    726
   432    726
   433    726
   434    726
   435    726
   436    726
   437    726
   438    726
   439    726
   440    726
   441    726
   442    726
   421    727
   422    727
   423    727
   424    727
   425    727
   426    727
   427    727
   428    727
   429    727
   430    727
   431    727
   432    727
   433    727
   434    727
   435    727
   436    727
   437    727
   438    727
   439    727
   440    727
   441    727
   442    727
   422    728
   423    728
   424    728
   425    728
   426    728
   427    728
   428    728
   429    728
   430    728
   431    728
   432    728
   433    728
   434    728
   435    728
   436    728
   437    728
   438    728
   439    728
   440    728
   441    728
   442    728
   423    729
   424    729
   425    729
   426    729
   427    729
   428    729
   429    729
   430    729
   431    729
   432    729
   433    729
   434    729
   435    729
   436    729
   437    729
   438    729
   439    729
