   960    555
   961    555
   962    555
   963    555
   964    555
   965    555
   966    555
   967    555
   968    555
   969    555
   960    556
   961    556
   962    556
   963    556
   964    556
   965    556
   966    556
   967    556
   968    556
   969    556
   960    557
   961    557
   962    557
   963    557
   964    557
   965    557
   966    557
   967    557
   968    557
   969    557
   960    558
   961    558
   962    558
   963    558
   964    558
   965    558
   966    558
   967    558
   968    558
   969    558
   960    559
   961    559
   962    559
   963    559
   964    559
   965    559
   966    559
   967    559
   968    559
   969    559
   960    560
   961    560
   962    560
   963    560
   964    560
   965    560
   966    560
   967    560
   968    560
   969    560
   960    561
   961    561
   962    561
   963    561
   964    561
   965    561
   966    561
   967    561
   968    561
   969    561
   960    562
   961    562
   962    562
   963    562
   964    562
   965    562
   966    562
   967    562
   968    562
   969    562
   960    563
   961    563
   962    563
   963    563
   964    563
   965    563
   966    563
   967    563
   968    563
   959    564
   960    564
   961    564
   962    564
   963    564
   964    564
   965    564
   966    564
   967    564
   968    564
   969    564
   959    565
   960    565
   961    565
   962    565
   963    565
   964    565
   965    565
   966    565
   967    565
   968    565
   969    565
   959    566
   960    566
   961    566
   962    566
   963    566
   964    566
   965    566
   966    566
   967    566
   968    566
   969    566
   959    567
   960    567
   961    567
   962    567
   963    567
   964    567
   965    567
   966    567
   967    567
   968    567
   969    567
   979    567
   980    567
   981    567
   982    567
   983    567
   984    567
   985    567
   959    568
   960    568
   961    568
   962    568
   963    568
   964    568
   965    568
   966    568
   967    568
   968    568
   977    568
   978    568
   979    568
   980    568
   981    568
   982    568
   983    568
   984    568
   985    568
   986    568
   940    569
   941    569
   942    569
   943    569
   944    569
   945    569
   946    569
   947    569
   958    569
   959    569
   960    569
   961    569
   962    569
   963    569
   964    569
   965    569
   966    569
   967    569
   968    569
   977    569
   978    569
   979    569
   980    569
   981    569
   982    569
   983    569
   984    569
   985    569
   986    569
   939    570
   940    570
   941    570
   942    570
   943    570
   944    570
   945    570
   946    570
   947    570
   958    570
   959    570
   960    570
   961    570
   962    570
   963    570
   964    570
   965    570
   966    570
   967    570
   977    570
   978    570
   979    570
   980    570
   981    570
   982    570
   983    570
   984    570
   985    570
   986    570
   939    571
   940    571
   941    571
   942    571
   943    571
   944    571
   945    571
   946    571
   947    571
   958    571
   959    571
   960    571
   961    571
   962    571
   963    571
   964    571
   965    571
   966    571
   967    571
   977    571
   978    571
   979    571
   980    571
   981    571
   982    571
   983    571
   984    571
   985    571
   986    571
   938    572
   939    572
   940    572
   941    572
   942    572
   943    572
   944    572
   945    572
   946    572
   947    572
   958    572
   959    572
   960    572
   961    572
   962    572
   963    572
   964    572
   965    572
   966    572
   967    572
   977    572
   978    572
   979    572
   980    572
   981    572
   982    572
   983    572
   984    572
   985    572
   986    572
   987    572
   938    573
   939    573
   940    573
   941    573
   942    573
   943    573
   944    573
   945    573
   946    573
   947    573
   958    573
   959    573
   960    573
   961    573
   962    573
   963    573
   964    573
   965    573
   966    573
   967    573
   977    573
   978    573
   979    573
   980    573
   981    573
   982    573
   983    573
   984    573
   985    573
   986    573
   987    573
   938    574
   939    574
   940    574
   941    574
   942    574
   943    574
   944    574
   945    574
   946    574
   957    574
   958    574
   959    574
   960    574
   961    574
   962    574
   963    574
   964    574
   965    574
   966    574
   967    574
   977    574
   978    574
   979    574
   980    574
   981    574
   982    574
   983    574
   984    574
   985    574
   986    574
   987    574
   937    575
   938    575
   939    575
   940    575
   941    575
   942    575
   943    575
   944    575
   945    575
   946    575
   957    575
   958    575
   959    575
   960    575
   961    575
   962    575
   963    575
   964    575
   965    575
   966    575
   967    575
   978    575
   979    575
   980    575
   981    575
   982    575
   983    575
   984    575
   985    575
   986    575
   987    575
   937    576
   938    576
   939    576
   940    576
   941    576
   942    576
   943    576
   944    576
   945    576
   946    576
   957    576
   958    576
   959    576
   960    576
   961    576
   962    576
   963    576
   964    576
   965    576
   966    576
   967    576
   977    576
   978    576
   979    576
   980    576
   981    576
   982    576
   983    576
   984    576
   985    576
   986    576
   987    576
   937    577
   938    577
   939    577
   940    577
   941    577
   942    577
   943    577
   944    577
   945    577
   946    577
   957    577
   958    577
   959    577
   960    577
   961    577
   962    577
   963    577
   964    577
   965    577
   966    577
   967    577
   977    577
   978    577
   979    577
   980    577
   981    577
   982    577
   983    577
   984    577
   985    577
   986    577
   987    577
   937    578
   938    578
   939    578
   940    578
   941    578
   942    578
   943    578
   944    578
   945    578
   957    578
   958    578
   959    578
   960    578
   961    578
   962    578
   963    578
   964    578
   965    578
   966    578
   967    578
   977    578
   978    578
   979    578
   980    578
   981    578
   982    578
   983    578
   984    578
   985    578
   986    578
   987    578
   988    578
   936    579
   937    579
   938    579
   939    579
   940    579
   941    579
   942    579
   943    579
   944    579
   945    579
   957    579
   958    579
   959    579
   960    579
   961    579
   962    579
   963    579
   964    579
   965    579
   966    579
   967    579
   978    579
   979    579
   980    579
   981    579
   982    579
   983    579
   984    579
   985    579
   986    579
   987    579
   936    580
   937    580
   938    580
   939    580
   940    580
   941    580
   942    580
   943    580
   944    580
   945    580
   957    580
   958    580
   959    580
   960    580
   961    580
   962    580
   963    580
   964    580
   965    580
   966    580
   977    580
   978    580
   979    580
   980    580
   981    580
   982    580
   983    580
   984    580
   985    580
   986    580
   987    580
   988    580
   936    581
   937    581
   938    581
   939    581
   940    581
   941    581
   942    581
   943    581
   944    581
   945    581
   956    581
   957    581
   958    581
   959    581
   960    581
   961    581
   962    581
   963    581
   964    581
   965    581
   966    581
   978    581
   979    581
   980    581
   981    581
   982    581
   983    581
   984    581
   985    581
   986    581
   987    581
   935    582
   936    582
   937    582
   938    582
   939    582
   940    582
   941    582
   942    582
   943    582
   944    582
   956    582
   957    582
   958    582
   959    582
   960    582
   961    582
   962    582
   963    582
   964    582
   965    582
   966    582
   978    582
   979    582
   980    582
   981    582
   982    582
   983    582
   984    582
   985    582
   986    582
   987    582
   988    582
   935    583
   936    583
   937    583
   938    583
   939    583
   940    583
   941    583
   942    583
   943    583
   944    583
   956    583
   957    583
   958    583
   959    583
   960    583
   961    583
   962    583
   963    583
   964    583
   965    583
   966    583
   978    583
   979    583
   980    583
   981    583
   982    583
   983    583
   984    583
   985    583
   986    583
   934    584
   935    584
   936    584
   937    584
   938    584
   939    584
   940    584
   941    584
   942    584
   943    584
   944    584
   956    584
   957    584
   958    584
   959    584
   960    584
   961    584
   962    584
   963    584
   964    584
   965    584
   966    584
   934    585
   935    585
   936    585
   937    585
   938    585
   939    585
   940    585
   941    585
   956    585
   957    585
   958    585
   959    585
   960    585
   961    585
   962    585
   963    585
   964    585
   965    585
   966    585
   955    586
   956    586
   957    586
   958    586
   959    586
   960    586
   961    586
   962    586
   963    586
   964    586
   965    586
   955    587
   956    587
   957    587
   958    587
   959    587
   960    587
   961    587
   962    587
   963    587
   964    587
   965    587
   955    588
   956    588
   957    588
   958    588
   959    588
   960    588
   961    588
   962    588
   963    588
   964    588
   965    588
   955    589
   956    589
   957    589
   958    589
   959    589
   960    589
   961    589
   962    589
   963    589
   964    589
   965    589
   954    590
   955    590
   956    590
   957    590
   958    590
   959    590
   960    590
   961    590
   962    590
   963    590
   964    590
   965    590
   977    590
   978    590
   979    590
   980    590
   981    590
   982    590
   983    590
   984    590
   985    590
   986    590
   987    590
   988    590
   955    591
   956    591
   957    591
   958    591
   959    591
   960    591
   961    591
   962    591
   963    591
   964    591
   965    591
   977    591
   978    591
   979    591
   980    591
   981    591
   982    591
   983    591
   984    591
   985    591
   986    591
   987    591
   988    591
   932    592
   933    592
   934    592
   935    592
   936    592
   937    592
   938    592
   939    592
   940    592
   941    592
   942    592
   954    592
   955    592
   956    592
   957    592
   958    592
   959    592
   960    592
   961    592
   962    592
   963    592
   964    592
   965    592
   976    592
   977    592
   978    592
   979    592
   980    592
   981    592
   982    592
   983    592
   984    592
   985    592
   986    592
   987    592
   988    592
   931    593
   932    593
   933    593
   934    593
   935    593
   936    593
   937    593
   938    593
   939    593
   940    593
   941    593
   942    593
   954    593
   955    593
   956    593
   957    593
   958    593
   959    593
   960    593
   961    593
   962    593
   963    593
   964    593
   965    593
   977    593
   978    593
   979    593
   980    593
   981    593
   982    593
   983    593
   984    593
   985    593
   986    593
   987    593
   988    593
   930    594
   931    594
   932    594
   933    594
   934    594
   935    594
   936    594
   937    594
   938    594
   939    594
   940    594
   941    594
   953    594
   954    594
   955    594
   956    594
   957    594
   958    594
   959    594
   960    594
   961    594
   962    594
   963    594
   964    594
   965    594
   977    594
   978    594
   979    594
   980    594
   981    594
   982    594
   983    594
   984    594
   985    594
   986    594
   987    594
   988    594
   930    595
   931    595
   932    595
   933    595
   934    595
   935    595
   936    595
   937    595
   938    595
   939    595
   940    595
   941    595
   954    595
   955    595
   956    595
   957    595
   958    595
   959    595
   960    595
   961    595
   962    595
   963    595
   964    595
   965    595
   977    595
   978    595
   979    595
   980    595
   981    595
   982    595
   983    595
   984    595
   985    595
   986    595
   987    595
   988    595
   989    595
   930    596
   931    596
   932    596
   933    596
   934    596
   935    596
   936    596
   937    596
   938    596
   939    596
   940    596
   953    596
   954    596
   955    596
   956    596
   957    596
   958    596
   959    596
   960    596
   961    596
   962    596
   963    596
   964    596
   965    596
   977    596
   978    596
   979    596
   980    596
   981    596
   982    596
   983    596
   984    596
   985    596
   986    596
   987    596
   988    596
   930    597
   931    597
   932    597
   933    597
   934    597
   935    597
   936    597
   937    597
   938    597
   939    597
   940    597
   953    597
   954    597
   955    597
   956    597
   957    597
   958    597
   959    597
   960    597
   961    597
   962    597
   963    597
   964    597
   965    597
   977    597
   978    597
   979    597
   980    597
   981    597
   982    597
   983    597
   984    597
   985    597
   986    597
   987    597
   988    597
   989    597
   930    598
   931    598
   932    598
   933    598
   934    598
   935    598
   936    598
   937    598
   938    598
   939    598
   940    598
   953    598
   954    598
   955    598
   956    598
   957    598
   958    598
   959    598
   960    598
   961    598
   962    598
   963    598
   964    598
   965    598
   977    598
   978    598
   979    598
   980    598
   981    598
   982    598
   983    598
   984    598
   985    598
   986    598
   987    598
   988    598
   989    598
   929    599
   930    599
   931    599
   932    599
   933    599
   934    599
   935    599
   936    599
   937    599
   938    599
   939    599
   940    599
   953    599
   954    599
   955    599
   956    599
   957    599
   958    599
   959    599
   960    599
   961    599
   962    599
   963    599
   964    599
   965    599
   977    599
   978    599
   979    599
   980    599
   981    599
   982    599
   983    599
   984    599
   985    599
   986    599
   987    599
   988    599
   989    599
   929    600
   930    600
   931    600
   932    600
   933    600
   934    600
   935    600
   936    600
   937    600
   938    600
   939    600
   940    600
   952    600
   953    600
   954    600
   955    600
   956    600
   957    600
   958    600
   959    600
   960    600
   961    600
   962    600
   963    600
   964    600
   977    600
   978    600
   979    600
   980    600
   981    600
   982    600
   983    600
   984    600
   985    600
   986    600
   987    600
   988    600
   989    600
   990    600
   928    601
   929    601
   930    601
   931    601
   932    601
   933    601
   934    601
   935    601
   936    601
   937    601
   938    601
   939    601
   952    601
   953    601
   954    601
   955    601
   956    601
   957    601
   958    601
   959    601
   960    601
   961    601
   962    601
   963    601
   964    601
   978    601
   979    601
   980    601
   981    601
   982    601
   983    601
   984    601
   985    601
   986    601
   987    601
   988    601
   989    601
   928    602
   929    602
   930    602
   931    602
   932    602
   933    602
   934    602
   935    602
   936    602
   937    602
   938    602
   939    602
   952    602
   953    602
   954    602
   955    602
   956    602
   957    602
   958    602
   959    602
   960    602
   961    602
   962    602
   963    602
   964    602
   977    602
   978    602
   979    602
   980    602
   981    602
   982    602
   983    602
   984    602
   985    602
   986    602
   987    602
   988    602
   989    602
   990    602
   927    603
   928    603
   929    603
   930    603
   931    603
   932    603
   933    603
   934    603
   935    603
   936    603
   937    603
   938    603
   939    603
   952    603
   953    603
   954    603
   955    603
   956    603
   957    603
   958    603
   959    603
   960    603
   961    603
   962    603
   963    603
   964    603
   977    603
   978    603
   979    603
   980    603
   981    603
   982    603
   983    603
   984    603
   985    603
   986    603
   987    603
   988    603
   989    603
   990    603
   927    604
   928    604
   929    604
   930    604
   931    604
   932    604
   933    604
   934    604
   935    604
   936    604
   937    604
   938    604
   939    604
   951    604
   952    604
   953    604
   954    604
   955    604
   956    604
   957    604
   958    604
   959    604
   960    604
   961    604
   962    604
   963    604
   964    604
   978    604
   979    604
   980    604
   981    604
   982    604
   983    604
   984    604
   985    604
   986    604
   987    604
   988    604
   989    604
   990    604
   991    604
   926    605
   927    605
   928    605
   929    605
   930    605
   931    605
   932    605
   933    605
   934    605
   935    605
   936    605
   937    605
   938    605
   951    605
   952    605
   953    605
   954    605
   955    605
   956    605
   957    605
   958    605
   959    605
   960    605
   961    605
   962    605
   963    605
   964    605
   978    605
   979    605
   980    605
   981    605
   982    605
   983    605
   984    605
   985    605
   986    605
   987    605
   988    605
   989    605
   990    605
   926    606
   927    606
   928    606
   929    606
   930    606
   931    606
   932    606
   933    606
   934    606
   935    606
   936    606
   937    606
   938    606
   951    606
   952    606
   953    606
   954    606
   955    606
   956    606
   957    606
   958    606
   959    606
   960    606
   961    606
   962    606
   963    606
   964    606
   978    606
   979    606
   980    606
   981    606
   982    606
   983    606
   984    606
   985    606
   986    606
   987    606
   988    606
   989    606
   990    606
   926    607
   927    607
   928    607
   929    607
   930    607
   931    607
   932    607
   933    607
   934    607
   935    607
   936    607
   937    607
   938    607
   951    607
   952    607
   953    607
   954    607
   955    607
   956    607
   957    607
   958    607
   959    607
   960    607
   961    607
   962    607
   963    607
   964    607
   978    607
   979    607
   980    607
   981    607
   982    607
   983    607
   984    607
   985    607
   986    607
   987    607
   988    607
   989    607
   990    607
   991    607
   926    608
   927    608
   928    608
   929    608
   930    608
   931    608
   932    608
   933    608
   934    608
   935    608
   936    608
   937    608
   938    608
   951    608
   952    608
   953    608
   954    608
   955    608
   956    608
   957    608
   958    608
   959    608
   960    608
   961    608
   962    608
   963    608
   964    608
   978    608
   979    608
   980    608
   981    608
   982    608
   983    608
   984    608
   985    608
   986    608
   987    608
   988    608
   989    608
   990    608
   991    608
   926    609
   927    609
   928    609
   929    609
   930    609
   931    609
   932    609
   933    609
   934    609
   935    609
   936    609
   937    609
   951    609
   952    609
   953    609
   954    609
   955    609
   956    609
   957    609
   958    609
   959    609
   960    609
   961    609
   962    609
   963    609
   978    609
   979    609
   980    609
   981    609
   982    609
   983    609
   984    609
   985    609
   986    609
   987    609
   988    609
   989    609
   990    609
   925    610
   926    610
   927    610
   928    610
   929    610
   930    610
   931    610
   932    610
   933    610
   934    610
   935    610
   936    610
   937    610
   951    610
   952    610
   953    610
   954    610
   955    610
   956    610
   957    610
   958    610
   959    610
   960    610
   961    610
   962    610
   963    610
   964    610
   978    610
   979    610
   980    610
   981    610
   982    610
   983    610
   984    610
   985    610
   986    610
   987    610
   988    610
   989    610
   990    610
   991    610
   925    611
   926    611
   927    611
   928    611
   929    611
   930    611
   931    611
   932    611
   933    611
   934    611
   935    611
   936    611
   937    611
   951    611
   952    611
   953    611
   954    611
   955    611
   956    611
   957    611
   958    611
   959    611
   960    611
   961    611
   962    611
   963    611
   978    611
   979    611
   980    611
   981    611
   982    611
   983    611
   984    611
   985    611
   986    611
   987    611
   988    611
   989    611
   990    611
   991    611
   924    612
   925    612
   926    612
   927    612
   928    612
   929    612
   930    612
   931    612
   932    612
   933    612
   934    612
   935    612
   936    612
   937    612
   951    612
   952    612
   953    612
   954    612
   955    612
   956    612
   957    612
   958    612
   959    612
   960    612
   961    612
   962    612
   963    612
   964    612
   978    612
   979    612
   980    612
   981    612
   982    612
   983    612
   984    612
   985    612
   986    612
   987    612
   988    612
   989    612
   990    612
   924    613
   925    613
   926    613
   927    613
   928    613
   929    613
   930    613
   931    613
   932    613
   933    613
   934    613
   935    613
   936    613
   951    613
   952    613
   953    613
   954    613
   955    613
   956    613
   957    613
   958    613
   959    613
   960    613
   961    613
   962    613
   963    613
   964    613
   924    614
   925    614
   926    614
   927    614
   928    614
   929    614
   930    614
   931    614
   932    614
   933    614
   934    614
   935    614
   936    614
   950    614
   951    614
   952    614
   953    614
   954    614
   955    614
   956    614
   957    614
   958    614
   959    614
   960    614
   961    614
   962    614
   963    614
   925    615
   926    615
   927    615
   928    615
   951    615
   952    615
   953    615
   954    615
   955    615
   956    615
   957    615
   958    615
   959    615
   960    615
   961    615
   962    615
   963    615
   964    615
   950    616
   951    616
   952    616
   953    616
   954    616
   955    616
   956    616
   957    616
   958    616
   959    616
   960    616
   961    616
   962    616
   963    616
   964    616
   950    617
   951    617
   952    617
   953    617
   954    617
   955    617
   956    617
   957    617
   958    617
   959    617
   960    617
   961    617
   962    617
   963    617
   964    617
   950    618
   951    618
   952    618
   953    618
   954    618
   955    618
   956    618
   957    618
   958    618
   959    618
   960    618
   961    618
   962    618
   963    618
   964    618
   949    619
   950    619
   951    619
   952    619
   953    619
   954    619
   955    619
   956    619
   957    619
   958    619
   959    619
   960    619
   961    619
   962    619
   963    619
   950    620
   951    620
   952    620
   953    620
   954    620
   955    620
   956    620
   957    620
   958    620
   959    620
   960    620
   961    620
   962    620
   963    620
   964    620
   949    621
   950    621
   951    621
   952    621
   953    621
   954    621
   955    621
   956    621
   957    621
   958    621
   959    621
   960    621
   961    621
   962    621
   963    621
   949    622
   950    622
   951    622
   952    622
   953    622
   954    622
   955    622
   956    622
   957    622
   958    622
   959    622
   960    622
   961    622
   962    622
   963    622
   949    623
   950    623
   951    623
   952    623
   953    623
   954    623
   955    623
   956    623
   957    623
   958    623
   959    623
   960    623
   961    623
   962    623
   963    623
   979    623
   980    623
   981    623
   982    623
   983    623
   984    623
   985    623
   986    623
   987    623
   988    623
   989    623
   990    623
   991    623
   949    624
   950    624
   951    624
   952    624
   953    624
   954    624
   955    624
   956    624
   957    624
   958    624
   959    624
   960    624
   961    624
   962    624
   963    624
   978    624
   979    624
   980    624
   981    624
   982    624
   983    624
   984    624
   985    624
   986    624
   987    624
   988    624
   989    624
   990    624
   991    624
   992    624
   920    625
   921    625
   922    625
   923    625
   924    625
   925    625
   926    625
   927    625
   928    625
   929    625
   930    625
   931    625
   932    625
   933    625
   949    625
   950    625
   951    625
   952    625
   953    625
   954    625
   955    625
   956    625
   957    625
   958    625
   959    625
   960    625
   961    625
   962    625
   963    625
   978    625
   979    625
   980    625
   981    625
   982    625
   983    625
   984    625
   985    625
   986    625
   987    625
   988    625
   989    625
   990    625
   991    625
   992    625
   919    626
   920    626
   921    626
   922    626
   923    626
   924    626
   925    626
   926    626
   927    626
   928    626
   929    626
   930    626
   931    626
   932    626
   949    626
   950    626
   951    626
   952    626
   953    626
   954    626
   955    626
   956    626
   957    626
   958    626
   959    626
   960    626
   961    626
   962    626
   963    626
   978    626
   979    626
   980    626
   981    626
   982    626
   983    626
   984    626
   985    626
   986    626
   987    626
   988    626
   989    626
   990    626
   991    626
   992    626
   919    627
   920    627
   921    627
   922    627
   923    627
   924    627
   925    627
   926    627
   927    627
   928    627
   929    627
   930    627
   931    627
   932    627
   933    627
   949    627
   950    627
   951    627
   952    627
   953    627
   954    627
   955    627
   956    627
   957    627
   958    627
   959    627
   960    627
   961    627
   962    627
   978    627
   979    627
   980    627
   981    627
   982    627
   983    627
   984    627
   985    627
   986    627
   987    627
   988    627
   989    627
   990    627
   991    627
   992    627
   918    628
   919    628
   920    628
   921    628
   922    628
   923    628
   924    628
   925    628
   926    628
   927    628
   928    628
   929    628
   930    628
   931    628
   932    628
   935    628
   948    628
   949    628
   950    628
   951    628
   952    628
   953    628
   954    628
   955    628
   956    628
   957    628
   958    628
   959    628
   960    628
   961    628
   962    628
   963    628
   978    628
   979    628
   980    628
   981    628
   982    628
   983    628
   984    628
   985    628
   986    628
   987    628
   988    628
   989    628
   990    628
   991    628
   992    628
   918    629
   919    629
   920    629
   921    629
   922    629
   923    629
   924    629
   925    629
   926    629
   927    629
   928    629
   929    629
   930    629
   931    629
   932    629
   948    629
   949    629
   950    629
   951    629
   952    629
   953    629
   954    629
   955    629
   956    629
   957    629
   958    629
   959    629
   960    629
   961    629
   962    629
   978    629
   979    629
   980    629
   981    629
   982    629
   983    629
   984    629
   985    629
   986    629
   987    629
   988    629
   989    629
   990    629
   991    629
   992    629
   918    630
   919    630
   920    630
   921    630
   922    630
   923    630
   924    630
   925    630
   926    630
   927    630
   928    630
   929    630
   930    630
   931    630
   932    630
   948    630
   949    630
   950    630
   951    630
   952    630
   953    630
   954    630
   955    630
   956    630
   957    630
   958    630
   959    630
   960    630
   961    630
   962    630
   978    630
   979    630
   980    630
   981    630
   982    630
   983    630
   984    630
   985    630
   986    630
   987    630
   988    630
   989    630
   990    630
   991    630
   992    630
   917    631
   918    631
   919    631
   920    631
   921    631
   922    631
   923    631
   924    631
   925    631
   926    631
   927    631
   928    631
   929    631
   930    631
   931    631
   947    631
   948    631
   949    631
   950    631
   951    631
   952    631
   953    631
   954    631
   955    631
   956    631
   957    631
   958    631
   959    631
   960    631
   961    631
   962    631
   978    631
   979    631
   980    631
   981    631
   982    631
   983    631
   984    631
   985    631
   986    631
   987    631
   988    631
   989    631
   990    631
   991    631
   992    631
   993    631
   917    632
   918    632
   919    632
   920    632
   921    632
   922    632
   923    632
   924    632
   925    632
   926    632
   927    632
   928    632
   929    632
   930    632
   931    632
   947    632
   948    632
   949    632
   950    632
   951    632
   952    632
   953    632
   954    632
   955    632
   956    632
   957    632
   958    632
   959    632
   960    632
   961    632
   962    632
   978    632
   979    632
   980    632
   981    632
   982    632
   983    632
   984    632
   985    632
   986    632
   987    632
   988    632
   989    632
   990    632
   991    632
   992    632
   993    632
   917    633
   918    633
   919    633
   920    633
   921    633
   922    633
   923    633
   924    633
   925    633
   926    633
   927    633
   928    633
   929    633
   930    633
   931    633
   947    633
   948    633
   949    633
   950    633
   951    633
   952    633
   953    633
   954    633
   955    633
   956    633
   957    633
   958    633
   959    633
   960    633
   961    633
   962    633
   978    633
   979    633
   980    633
   981    633
   982    633
   983    633
   984    633
   985    633
   986    633
   987    633
   988    633
   989    633
   990    633
   991    633
   992    633
   993    633
   916    634
   917    634
   918    634
   919    634
   920    634
   921    634
   922    634
   923    634
   924    634
   925    634
   926    634
   927    634
   928    634
   929    634
   930    634
   931    634
   947    634
   948    634
   949    634
   950    634
   951    634
   952    634
   953    634
   954    634
   955    634
   956    634
   957    634
   958    634
   959    634
   960    634
   961    634
   962    634
   978    634
   979    634
   980    634
   981    634
   982    634
   983    634
   984    634
   985    634
   986    634
   987    634
   988    634
   989    634
   990    634
   991    634
   992    634
   993    634
   916    635
   917    635
   918    635
   919    635
   920    635
   921    635
   922    635
   923    635
   924    635
   925    635
   926    635
   927    635
   928    635
   929    635
   930    635
   931    635
   947    635
   948    635
   949    635
   950    635
   951    635
   952    635
   953    635
   954    635
   955    635
   956    635
   957    635
   958    635
   959    635
   960    635
   961    635
   962    635
   978    635
   979    635
   980    635
   981    635
   982    635
   983    635
   984    635
   985    635
   986    635
   987    635
   988    635
   989    635
   990    635
   991    635
   992    635
   993    635
   915    636
   916    636
   917    636
   918    636
   919    636
   920    636
   921    636
   922    636
   923    636
   924    636
   925    636
   926    636
   927    636
   928    636
   929    636
   930    636
   931    636
   947    636
   948    636
   949    636
   950    636
   951    636
   952    636
   953    636
   954    636
   955    636
   956    636
   957    636
   958    636
   959    636
   960    636
   961    636
   962    636
   978    636
   979    636
   980    636
   981    636
   982    636
   983    636
   984    636
   985    636
   986    636
   987    636
   988    636
   989    636
   990    636
   991    636
   992    636
   993    636
   994    636
   916    637
   917    637
   918    637
   919    637
   920    637
   921    637
   922    637
   923    637
   924    637
   925    637
   926    637
   927    637
   928    637
   929    637
   930    637
   946    637
   947    637
   948    637
   949    637
   950    637
   951    637
   952    637
   953    637
   954    637
   955    637
   956    637
   957    637
   958    637
   959    637
   960    637
   961    637
   962    637
   979    637
   980    637
   981    637
   982    637
   983    637
   984    637
   985    637
   986    637
   987    637
   988    637
   989    637
   990    637
   991    637
   992    637
   993    637
   994    637
   915    638
   916    638
   917    638
   918    638
   919    638
   920    638
   921    638
   922    638
   923    638
   924    638
   925    638
   926    638
   927    638
   928    638
   929    638
   930    638
   946    638
   947    638
   948    638
   949    638
   950    638
   951    638
   952    638
   953    638
   954    638
   955    638
   956    638
   957    638
   958    638
   959    638
   960    638
   961    638
   962    638
   978    638
   979    638
   980    638
   981    638
   982    638
   983    638
   984    638
   985    638
   986    638
   987    638
   988    638
   989    638
   990    638
   991    638
   992    638
   993    638
   994    638
   915    639
   916    639
   917    639
   918    639
   919    639
   920    639
   921    639
   922    639
   923    639
   924    639
   925    639
   926    639
   927    639
   928    639
   929    639
   930    639
   946    639
   947    639
   948    639
   949    639
   950    639
   951    639
   952    639
   953    639
   954    639
   955    639
   956    639
   957    639
   958    639
   959    639
   960    639
   961    639
   962    639
   978    639
   979    639
   980    639
   981    639
   982    639
   983    639
   984    639
   985    639
   986    639
   987    639
   988    639
   989    639
   990    639
   991    639
   992    639
   993    639
   994    639
   914    640
   915    640
   916    640
   917    640
   918    640
   919    640
   920    640
   921    640
   922    640
   923    640
   924    640
   925    640
   926    640
   927    640
   928    640
   929    640
   946    640
   947    640
   948    640
   949    640
   950    640
   951    640
   952    640
   953    640
   954    640
   955    640
   956    640
   957    640
   958    640
   959    640
   960    640
   961    640
   979    640
   980    640
   981    640
   982    640
   983    640
   984    640
   985    640
   986    640
   987    640
   988    640
   989    640
   990    640
   991    640
   992    640
   993    640
   994    640
   914    641
   915    641
   916    641
   917    641
   918    641
   919    641
   920    641
   921    641
   922    641
   923    641
   924    641
   925    641
   926    641
   927    641
   928    641
   929    641
   946    641
   947    641
   948    641
   949    641
   950    641
   951    641
   952    641
   953    641
   954    641
   955    641
   956    641
   957    641
   958    641
   959    641
   960    641
   961    641
   978    641
   979    641
   980    641
   981    641
   982    641
   983    641
   984    641
   985    641
   986    641
   987    641
   988    641
   989    641
   990    641
   991    641
   992    641
   993    641
   994    641
   914    642
   915    642
   916    642
   917    642
   918    642
   919    642
   920    642
   921    642
   922    642
   923    642
   924    642
   925    642
   926    642
   927    642
   928    642
   929    642
   946    642
   947    642
   948    642
   949    642
   950    642
   951    642
   952    642
   953    642
   954    642
   955    642
   956    642
   957    642
   958    642
   959    642
   960    642
   961    642
   962    642
   979    642
   980    642
   981    642
   982    642
   983    642
   984    642
   985    642
   986    642
   987    642
   988    642
   989    642
   990    642
   991    642
   992    642
   993    642
   994    642
   914    643
   915    643
   916    643
   917    643
   918    643
   919    643
   920    643
   921    643
   922    643
   923    643
   924    643
   925    643
   926    643
   927    643
   928    643
   945    643
   946    643
   947    643
   948    643
   949    643
   950    643
   951    643
   952    643
   953    643
   954    643
   955    643
   956    643
   957    643
   958    643
   959    643
   960    643
   961    643
   979    643
   980    643
   981    643
   982    643
   983    643
   984    643
   985    643
   986    643
   987    643
   988    643
   989    643
   990    643
   991    643
   992    643
   993    643
   994    643
   995    643
   913    644
   914    644
   915    644
   916    644
   917    644
   918    644
   919    644
   920    644
   921    644
   922    644
   923    644
   924    644
   925    644
   926    644
   927    644
   928    644
   945    644
   946    644
   947    644
   948    644
   949    644
   950    644
   951    644
   952    644
   953    644
   954    644
   955    644
   956    644
   957    644
   958    644
   959    644
   960    644
   961    644
   979    644
   980    644
   981    644
   982    644
   983    644
   984    644
   985    644
   986    644
   987    644
   988    644
   989    644
   990    644
   991    644
   992    644
   993    644
   994    644
   995    644
   913    645
   914    645
   915    645
   916    645
   917    645
   918    645
   919    645
   920    645
   921    645
   922    645
   923    645
   924    645
   925    645
   926    645
   927    645
   928    645
   945    645
   946    645
   947    645
   948    645
   949    645
   950    645
   951    645
   952    645
   953    645
   954    645
   955    645
   956    645
   957    645
   958    645
   959    645
   960    645
   961    645
   979    645
   980    645
   981    645
   982    645
   983    645
   984    645
   985    645
   986    645
   987    645
   988    645
   989    645
   990    645
   991    645
   992    645
   993    645
   994    645
   995    645
   913    646
   914    646
   915    646
   916    646
   917    646
   918    646
   919    646
   920    646
   921    646
   922    646
   923    646
   924    646
   925    646
   926    646
   927    646
   928    646
   945    646
   946    646
   947    646
   948    646
   949    646
   950    646
   951    646
   952    646
   953    646
   954    646
   955    646
   956    646
   957    646
   958    646
   959    646
   960    646
   961    646
   979    646
   980    646
   981    646
   982    646
   983    646
   984    646
   985    646
   986    646
   987    646
   988    646
   989    646
   990    646
   991    646
   992    646
   993    646
   994    646
   995    646
   912    647
   913    647
   914    647
   915    647
   916    647
   917    647
   918    647
   919    647
   920    647
   921    647
   922    647
   923    647
   924    647
   925    647
   926    647
   927    647
   945    647
   946    647
   947    647
   948    647
   949    647
   950    647
   951    647
   952    647
   953    647
   954    647
   955    647
   956    647
   957    647
   958    647
   959    647
   960    647
   961    647
   979    647
   980    647
   981    647
   982    647
   983    647
   984    647
   985    647
   986    647
   987    647
   988    647
   989    647
   990    647
   991    647
   992    647
   993    647
   994    647
   995    647
   912    648
   913    648
   914    648
   915    648
   916    648
   917    648
   918    648
   919    648
   920    648
   921    648
   922    648
   923    648
   924    648
   925    648
   926    648
   927    648
   944    648
   945    648
   946    648
   947    648
   948    648
   949    648
   950    648
   951    648
   952    648
   953    648
   954    648
   955    648
   956    648
   957    648
   958    648
   959    648
   960    648
   961    648
   979    648
   980    648
   981    648
   982    648
   983    648
   984    648
   985    648
   986    648
   987    648
   988    648
   989    648
   990    648
   991    648
   992    648
   993    648
   994    648
   995    648
   912    649
   913    649
   914    649
   915    649
   916    649
   917    649
   918    649
   919    649
   920    649
   921    649
   922    649
   923    649
   924    649
   925    649
   926    649
   927    649
   944    649
   945    649
   946    649
   947    649
   948    649
   949    649
   950    649
   951    649
   952    649
   953    649
   954    649
   955    649
   956    649
   957    649
   958    649
   959    649
   960    649
   961    649
   979    649
   980    649
   981    649
   982    649
   983    649
   984    649
   985    649
   986    649
   987    649
   988    649
   989    649
   990    649
   991    649
   992    649
   993    649
   994    649
   995    649
   996    649
   912    650
   913    650
   914    650
   915    650
   916    650
   917    650
   918    650
   919    650
   920    650
   921    650
   922    650
   923    650
   924    650
   925    650
   926    650
   927    650
   944    650
   945    650
   946    650
   947    650
   948    650
   949    650
   950    650
   951    650
   952    650
   953    650
   954    650
   955    650
   956    650
   957    650
   958    650
   959    650
   960    650
   961    650
   980    650
   981    650
   982    650
   983    650
   984    650
   985    650
   986    650
   987    650
   988    650
   989    650
   990    650
   991    650
   992    650
   993    650
   994    650
   995    650
   996    650
   911    651
   912    651
   913    651
   914    651
   915    651
   916    651
   917    651
   918    651
   919    651
   920    651
   921    651
   922    651
   923    651
   924    651
   925    651
   926    651
   944    651
   945    651
   946    651
   947    651
   948    651
   949    651
   950    651
   951    651
   952    651
   953    651
   954    651
   955    651
   956    651
   957    651
   958    651
   959    651
   960    651
   961    651
   980    651
   981    651
   982    651
   983    651
   984    651
   985    651
   986    651
   987    651
   988    651
   989    651
   990    651
   991    651
   992    651
   993    651
   994    651
   995    651
   996    651
   911    652
   912    652
   913    652
   914    652
   915    652
   916    652
   917    652
   918    652
   919    652
   920    652
   921    652
   922    652
   923    652
   924    652
   925    652
   926    652
   927    652
   944    652
   945    652
   946    652
   947    652
   948    652
   949    652
   950    652
   951    652
   952    652
   953    652
   954    652
   955    652
   956    652
   957    652
   958    652
   959    652
   960    652
   961    652
   980    652
   981    652
   982    652
   983    652
   984    652
   985    652
   986    652
   987    652
   988    652
   989    652
   990    652
   991    652
   992    652
   993    652
   994    652
   995    652
   911    653
   912    653
   913    653
   914    653
   915    653
   916    653
   917    653
   918    653
   919    653
   920    653
   921    653
   922    653
   923    653
   924    653
   925    653
   926    653
   943    653
   944    653
   945    653
   946    653
   947    653
   948    653
   949    653
   950    653
   951    653
   952    653
   953    653
   954    653
   955    653
   956    653
   957    653
   958    653
   959    653
   960    653
   961    653
   980    653
   981    653
   982    653
   983    653
   984    653
   985    653
   986    653
   987    653
   988    653
   989    653
   990    653
   991    653
   992    653
   993    653
   994    653
   995    653
   996    653
   910    654
   911    654
   912    654
   913    654
   914    654
   915    654
   916    654
   917    654
   918    654
   919    654
   920    654
   921    654
   922    654
   923    654
   924    654
   925    654
   926    654
   944    654
   945    654
   946    654
   947    654
   948    654
   949    654
   950    654
   951    654
   952    654
   953    654
   954    654
   955    654
   956    654
   957    654
   958    654
   959    654
   960    654
   980    654
   981    654
   982    654
   983    654
   984    654
   985    654
   986    654
   987    654
   988    654
   989    654
   990    654
   991    654
   992    654
   993    654
   994    654
   995    654
   996    654
   910    655
   911    655
   912    655
   913    655
   914    655
   915    655
   916    655
   917    655
   918    655
   919    655
   920    655
   921    655
   922    655
   923    655
   924    655
   925    655
   926    655
   943    655
   944    655
   945    655
   946    655
   947    655
   948    655
   949    655
   950    655
   951    655
   952    655
   953    655
   954    655
   955    655
   956    655
   957    655
   958    655
   959    655
   960    655
   961    655
   980    655
   981    655
   982    655
   983    655
   984    655
   985    655
   986    655
   987    655
   988    655
   989    655
   990    655
   991    655
   992    655
   993    655
   994    655
   995    655
   996    655
   909    656
   910    656
   911    656
   912    656
   913    656
   914    656
   915    656
   916    656
   917    656
   918    656
   919    656
   920    656
   921    656
   922    656
   923    656
   924    656
   925    656
   943    656
   944    656
   945    656
   946    656
   947    656
   948    656
   949    656
   950    656
   951    656
   952    656
   953    656
   954    656
   955    656
   956    656
   957    656
   958    656
   959    656
   960    656
   961    656
   980    656
   981    656
   982    656
   983    656
   984    656
   985    656
   986    656
   987    656
   988    656
   989    656
   990    656
   991    656
   992    656
   993    656
   994    656
   995    656
   996    656
   909    657
   910    657
   911    657
   912    657
   913    657
   914    657
   915    657
   916    657
   917    657
   918    657
   919    657
   920    657
   921    657
   922    657
   923    657
   924    657
   925    657
   943    657
   944    657
   945    657
   946    657
   947    657
   948    657
   949    657
   950    657
   951    657
   952    657
   953    657
   954    657
   955    657
   956    657
   957    657
   958    657
   959    657
   960    657
   961    657
   980    657
   981    657
   982    657
   983    657
   984    657
   985    657
   986    657
   987    657
   988    657
   989    657
   990    657
   991    657
   992    657
   993    657
   994    657
   995    657
   996    657
   909    658
   910    658
   911    658
   912    658
   913    658
   914    658
   915    658
   916    658
   917    658
   918    658
   919    658
   920    658
   921    658
   922    658
   923    658
   924    658
   925    658
   943    658
   944    658
   945    658
   946    658
   947    658
   948    658
   949    658
   950    658
   951    658
   952    658
   953    658
   954    658
   955    658
   956    658
   957    658
   958    658
   959    658
   960    658
   980    658
   981    658
   982    658
   983    658
   984    658
   985    658
   986    658
   987    658
   988    658
   989    658
   990    658
   991    658
   992    658
   993    658
   994    658
   995    658
   996    658
   908    659
   909    659
   910    659
   911    659
   912    659
   913    659
   914    659
   915    659
   916    659
   917    659
   918    659
   919    659
   920    659
   921    659
   922    659
   923    659
   924    659
   943    659
   944    659
   945    659
   946    659
   947    659
   948    659
   949    659
   950    659
   951    659
   952    659
   953    659
   954    659
   955    659
   956    659
   957    659
   958    659
   959    659
   960    659
   980    659
   981    659
   982    659
   983    659
   984    659
   985    659
   986    659
   987    659
   988    659
   989    659
   990    659
   991    659
   992    659
   993    659
   994    659
   995    659
   996    659
   908    660
   909    660
   910    660
   911    660
   912    660
   913    660
   914    660
   915    660
   916    660
   917    660
   918    660
   919    660
   920    660
   921    660
   922    660
   923    660
   924    660
   943    660
   944    660
   945    660
   946    660
   947    660
   948    660
   949    660
   950    660
   951    660
   952    660
   953    660
   954    660
   955    660
   956    660
   957    660
   958    660
   959    660
   960    660
   980    660
   981    660
   982    660
   983    660
   984    660
   985    660
   986    660
   987    660
   988    660
   989    660
   990    660
   991    660
   992    660
   993    660
   994    660
   995    660
   996    660
   908    661
   909    661
   910    661
   911    661
   912    661
   913    661
   914    661
   915    661
   916    661
   917    661
   918    661
   919    661
   920    661
   921    661
   922    661
   923    661
   924    661
   942    661
   943    661
   944    661
   945    661
   946    661
   947    661
   948    661
   949    661
   950    661
   951    661
   952    661
   953    661
   954    661
   955    661
   956    661
   957    661
   958    661
   959    661
   960    661
   980    661
   981    661
   982    661
   983    661
   984    661
   985    661
   986    661
   987    661
   988    661
   989    661
   990    661
   991    661
   992    661
   993    661
   994    661
   995    661
   996    661
   907    662
   908    662
   909    662
   910    662
   911    662
   912    662
   913    662
   914    662
   915    662
   916    662
   917    662
   918    662
   919    662
   920    662
   921    662
   922    662
   923    662
   942    662
   943    662
   944    662
   945    662
   946    662
   947    662
   948    662
   949    662
   950    662
   951    662
   952    662
   953    662
   954    662
   955    662
   956    662
   957    662
   958    662
   959    662
   960    662
   980    662
   981    662
   982    662
   983    662
   984    662
   985    662
   986    662
   987    662
   988    662
   989    662
   990    662
   907    663
   908    663
   909    663
   910    663
   911    663
   912    663
   913    663
   914    663
   915    663
   916    663
   917    663
   918    663
   919    663
   920    663
   921    663
   922    663
   923    663
   942    663
   943    663
   944    663
   945    663
   946    663
   947    663
   948    663
   949    663
   950    663
   951    663
   952    663
   953    663
   954    663
   955    663
   956    663
   957    663
   958    663
   959    663
   960    663
   907    664
   908    664
   909    664
   910    664
   911    664
   912    664
   913    664
   914    664
   915    664
   916    664
   917    664
   918    664
   919    664
   920    664
   921    664
   922    664
   923    664
   942    664
   943    664
   944    664
   945    664
   946    664
   947    664
   948    664
   949    664
   950    664
   951    664
   952    664
   953    664
   954    664
   955    664
   956    664
   957    664
   958    664
   959    664
   960    664
   906    665
   907    665
   908    665
   909    665
   910    665
   911    665
   912    665
   913    665
   914    665
   915    665
   916    665
   917    665
   918    665
   919    665
   920    665
   921    665
   922    665
   942    665
   943    665
   944    665
   945    665
   946    665
   947    665
   948    665
   949    665
   950    665
   951    665
   952    665
   953    665
   954    665
   955    665
   956    665
   957    665
   958    665
   959    665
   960    665
   907    666
   908    666
   909    666
   910    666
   911    666
   912    666
   913    666
   942    666
   943    666
   944    666
   945    666
   946    666
   947    666
   948    666
   949    666
   950    666
   951    666
   952    666
   953    666
   954    666
   955    666
   956    666
   957    666
   958    666
   959    666
   960    666
   942    667
   943    667
   944    667
   945    667
   946    667
   947    667
   948    667
   949    667
   950    667
   951    667
   952    667
   953    667
   954    667
   955    667
   956    667
   957    667
   958    667
   959    667
   960    667
   942    668
   943    668
   944    668
   945    668
   946    668
   947    668
   948    668
   949    668
   950    668
   951    668
   952    668
   953    668
   954    668
   955    668
   956    668
   957    668
   958    668
   959    668
   960    668
   941    669
   942    669
   943    669
   944    669
   945    669
   946    669
   947    669
   948    669
   949    669
   950    669
   951    669
   952    669
   953    669
   954    669
   955    669
   956    669
   957    669
   958    669
   959    669
   960    669
   941    670
   942    670
   943    670
   944    670
   945    670
   946    670
   947    670
   948    670
   949    670
   950    670
   951    670
   952    670
   953    670
   954    670
   955    670
   956    670
   957    670
   958    670
   959    670
   960    670
   941    671
   942    671
   943    671
   944    671
   945    671
   946    671
   947    671
   948    671
   949    671
   950    671
   951    671
   952    671
   953    671
   954    671
   955    671
   956    671
   957    671
   958    671
   959    671
   960    671
   941    672
   942    672
   943    672
   944    672
   945    672
   946    672
   947    672
   948    672
   949    672
   950    672
   951    672
   952    672
   953    672
   954    672
   955    672
   956    672
   957    672
   958    672
   959    672
   960    672
   941    673
   942    673
   943    673
   944    673
   945    673
   946    673
   947    673
   948    673
   949    673
   950    673
   951    673
   952    673
   953    673
   954    673
   955    673
   956    673
   957    673
   958    673
   959    673
   941    674
   942    674
   943    674
   944    674
   945    674
   946    674
   947    674
   948    674
   949    674
   950    674
   951    674
   952    674
   953    674
   954    674
   955    674
   956    674
   957    674
   958    674
   959    674
   940    675
   941    675
   942    675
   943    675
   944    675
   945    675
   946    675
   947    675
   948    675
   949    675
   950    675
   951    675
   952    675
   953    675
   954    675
   955    675
   956    675
   957    675
   958    675
   959    675
   940    676
   941    676
   942    676
   943    676
   944    676
   945    676
   946    676
   947    676
   948    676
   949    676
   950    676
   951    676
   952    676
   953    676
   954    676
   955    676
   956    676
   957    676
   958    676
   959    676
   940    677
   941    677
   942    677
   943    677
   944    677
   945    677
   946    677
   947    677
   948    677
   949    677
   950    677
   951    677
   952    677
   953    677
   954    677
   955    677
   956    677
   957    677
   958    677
   959    677
   940    678
   941    678
   942    678
   943    678
   944    678
   945    678
   946    678
   947    678
   948    678
   949    678
   950    678
   951    678
   952    678
   953    678
   954    678
   955    678
   956    678
   957    678
   958    678
   959    678
   940    679
   941    679
   942    679
   943    679
   944    679
   945    679
   946    679
   947    679
   948    679
   949    679
   950    679
   951    679
   952    679
   953    679
   954    679
   955    679
   956    679
   957    679
   958    679
   959    679
   940    680
   941    680
   942    680
   943    680
   944    680
   945    680
   946    680
   947    680
   948    680
   949    680
   950    680
   951    680
   952    680
   953    680
   954    680
   955    680
   956    680
   957    680
   958    680
   959    680
   940    681
   941    681
   942    681
   943    681
   944    681
   945    681
   946    681
   947    681
   948    681
   949    681
   950    681
   951    681
   952    681
   953    681
   954    681
   955    681
   956    681
   957    681
   958    681
   939    682
   940    682
   941    682
   942    682
   943    682
   944    682
   945    682
   946    682
   947    682
   948    682
   949    682
   950    682
   951    682
   952    682
   953    682
   954    682
   955    682
   956    682
   957    682
   958    682
   939    683
   940    683
   941    683
   942    683
   943    683
   944    683
   945    683
   946    683
   947    683
   948    683
   949    683
   950    683
   951    683
   952    683
   953    683
   954    683
   955    683
   956    683
   957    683
   958    683
   939    684
   940    684
   941    684
   942    684
   943    684
   944    684
   945    684
   946    684
   947    684
   948    684
   949    684
   950    684
   951    684
   952    684
   953    684
   954    684
   955    684
   956    684
   957    684
   958    684
   939    685
   940    685
   941    685
   942    685
   943    685
   944    685
   945    685
   946    685
   947    685
   948    685
   949    685
   950    685
   951    685
   952    685
   953    685
   954    685
   955    685
   956    685
   957    685
   958    685
   939    686
   940    686
   941    686
   942    686
   943    686
   944    686
   945    686
   946    686
   947    686
   948    686
   949    686
   950    686
   951    686
   952    686
   953    686
   954    686
   955    686
   956    686
   957    686
   958    686
   938    687
   939    687
   940    687
   941    687
   942    687
   943    687
   944    687
   945    687
   946    687
   947    687
   948    687
   949    687
   950    687
   951    687
   952    687
   953    687
   954    687
   955    687
   956    687
   957    687
   958    687
   939    688
   940    688
   941    688
   942    688
   943    688
   944    688
   945    688
   946    688
   947    688
   948    688
   949    688
   950    688
   951    688
   952    688
   953    688
   954    688
   955    688
   956    688
   957    688
   958    688
   938    689
   939    689
   940    689
   941    689
   942    689
   943    689
   944    689
   945    689
   946    689
   947    689
   948    689
   949    689
   950    689
   951    689
   952    689
   953    689
   954    689
   955    689
   956    689
   957    689
   958    689
   938    690
   939    690
   940    690
   941    690
   942    690
   943    690
   944    690
   945    690
   946    690
   947    690
   948    690
   949    690
   950    690
   951    690
   952    690
   953    690
   954    690
   955    690
   956    690
   957    690
   958    690
   938    691
   939    691
   940    691
   941    691
   942    691
   943    691
   944    691
   945    691
   946    691
   947    691
   948    691
   949    691
   950    691
   951    691
   952    691
   953    691
   954    691
   955    691
   956    691
   957    691
   958    691
   937    692
   938    692
   939    692
   940    692
   941    692
   942    692
   943    692
   944    692
   945    692
   946    692
   947    692
   948    692
   949    692
   950    692
   951    692
   952    692
   953    692
   954    692
   955    692
   956    692
   957    692
   958    692
   938    693
   939    693
   940    693
   941    693
   942    693
   943    693
   944    693
   945    693
   946    693
   947    693
   948    693
   949    693
   950    693
   951    693
   952    693
   953    693
   954    693
   955    693
   956    693
   957    693
   958    693
   938    694
   939    694
   940    694
   941    694
   942    694
   943    694
   944    694
   945    694
   946    694
   947    694
   948    694
   949    694
   950    694
   951    694
   952    694
   953    694
   954    694
   955    694
   956    694
