    47    611
    48    611
    50    611
    51    611
    52    611
    53    611
    54    611
    55    611
    82    611
    83    611
    84    611
    85    611
    86    611
    87    611
    88    611
    89    611
    90    611
    91    611
    92    611
    93    611
    94    611
    50    612
    51    612
    52    612
    53    612
    54    612
    55    612
    56    612
    57    612
    58    612
    59    612
    60    612
    61    612
    62    612
    63    612
    64    612
    65    612
    66    612
    67    612
    89    612
    90    612
    91    612
    92    612
    93    612
    94    612
    95    612
    96    612
    97    612
    98    612
    99    612
   100    612
   101    612
   102    612
   103    612
    58    613
    59    613
    60    613
    61    613
    62    613
    63    613
    64    613
    65    613
    66    613
    67    613
    68    613
    69    613
    70    613
    71    613
    72    613
    73    613
    74    613
    75    613
   100    613
   101    613
   102    613
   103    613
   104    613
   105    613
   106    613
   107    613
   108    613
   109    613
   110    613
   111    613
   112    613
   113    613
    70    614
    71    614
    72    614
    73    614
    74    614
    75    614
    76    614
    77    614
    78    614
    79    614
    80    614
    81    614
    82    614
    83    614
    84    614
    85    614
   110    614
   111    614
   112    614
   113    614
   114    614
   115    614
   116    614
   117    614
   118    614
   119    614
   120    614
   121    614
   122    614
    48    615
    49    615
    50    615
    51    615
    52    615
    53    615
    54    615
    55    615
    79    615
    80    615
    81    615
    82    615
    83    615
    84    615
    85    615
    86    615
    87    615
    88    615
    89    615
    90    615
    91    615
    92    615
    93    615
   116    615
   117    615
   118    615
   119    615
   120    615
   121    615
   122    615
   123    615
   124    615
   125    615
   126    615
   127    615
   128    615
   129    615
   130    615
    52    616
    53    616
    54    616
    55    616
    56    616
    57    616
    58    616
    59    616
    60    616
    61    616
    62    616
    63    616
    64    616
    65    616
    87    616
    88    616
    89    616
    90    616
    91    616
    92    616
    93    616
    94    616
    95    616
    96    616
    97    616
    98    616
    99    616
   100    616
   101    616
   124    616
   125    616
   126    616
   127    616
   128    616
   129    616
   130    616
   131    616
   132    616
   133    616
   134    616
   135    616
   136    616
   137    616
   138    616
   139    616
    58    617
    59    617
    60    617
    61    617
    62    617
    63    617
    64    617
    65    617
    66    617
    67    617
    68    617
    69    617
    70    617
    71    617
    72    617
    95    617
    96    617
    97    617
    98    617
    99    617
   100    617
   101    617
   102    617
   103    617
   104    617
   105    617
   106    617
   107    617
   108    617
   109    617
   131    617
   132    617
   133    617
   134    617
   135    617
   136    617
   137    617
   138    617
   139    617
   140    617
   141    617
   142    617
   143    617
   144    617
   145    617
   146    617
    66    618
    67    618
    68    618
    69    618
    70    618
    71    618
    72    618
    73    618
    74    618
    75    618
    76    618
    77    618
    78    618
    79    618
    80    618
   102    618
   103    618
   104    618
   105    618
   106    618
   107    618
   108    618
   109    618
   110    618
   111    618
   112    618
   113    618
   114    618
   115    618
   116    618
   117    618
   140    618
   141    618
   142    618
   143    618
   144    618
   145    618
   146    618
   147    618
   148    618
   149    618
   150    618
   151    618
    74    619
    75    619
    76    619
    77    619
    78    619
    79    619
    80    619
    81    619
    82    619
    83    619
    84    619
    85    619
    86    619
    87    619
    88    619
   111    619
   112    619
   113    619
   114    619
   115    619
   116    619
   117    619
   118    619
   119    619
   120    619
   121    619
   122    619
   123    619
   124    619
   125    619
   126    619
    82    620
    83    620
    84    620
    85    620
    86    620
    87    620
    88    620
    89    620
    90    620
    91    620
    92    620
    93    620
    94    620
    95    620
   120    620
   121    620
   122    620
   123    620
   124    620
   125    620
   126    620
   127    620
   128    620
   129    620
   130    620
   131    620
   132    620
   133    620
   134    620
   135    620
    88    621
    89    621
    90    621
    91    621
    92    621
    93    621
    94    621
    95    621
    96    621
    97    621
    98    621
    99    621
   100    621
   101    621
   102    621
   127    621
   128    621
   129    621
   130    621
   131    621
   132    621
   133    621
   134    621
   135    621
   136    621
   137    621
   138    621
   139    621
   140    621
   141    621
    96    622
    97    622
    98    622
    99    622
   100    622
   101    622
   102    622
   103    622
   104    622
   105    622
   106    622
   107    622
   133    622
   134    622
   135    622
   136    622
   137    622
   138    622
   139    622
   140    622
   141    622
   142    622
   143    622
   144    622
   145    622
   146    622
   147    622
   148    622
   149    622
   102    623
   103    623
   104    623
   105    623
   106    623
   107    623
   108    623
   109    623
   110    623
   111    623
   139    623
   140    623
   141    623
   142    623
   143    623
   144    623
   145    623
   146    623
   147    623
   148    623
   149    623
   150    623
   151    623
   152    623
   153    623
   154    623
   176    623
   177    623
   178    623
   179    623
   180    623
   181    623
   182    623
   183    623
   184    623
   185    623
   186    623
   187    623
   188    623
   144    624
   145    624
   146    624
   147    624
   148    624
   149    624
   150    624
   151    624
   152    624
   153    624
   154    624
   155    624
   156    624
   157    624
   158    624
   159    624
   160    624
   161    624
   179    624
   180    624
   181    624
   182    624
   183    624
   184    624
   185    624
   186    624
   187    624
   188    624
   189    624
   190    624
   191    624
   192    624
   193    624
   194    624
   150    625
   151    625
   152    625
   153    625
   154    625
   155    625
   156    625
   157    625
   158    625
   159    625
   160    625
   161    625
   162    625
   163    625
   164    625
   165    625
   166    625
   184    625
   185    625
   186    625
   187    625
   188    625
   189    625
   190    625
   191    625
   192    625
   193    625
   194    625
   195    625
   196    625
   197    625
   198    625
   199    625
   155    626
   156    626
   157    626
   158    626
   159    626
   160    626
   161    626
   162    626
   163    626
   164    626
   165    626
   166    626
   167    626
   168    626
   169    626
   188    626
   189    626
   190    626
   191    626
   192    626
   193    626
   194    626
   195    626
   196    626
   197    626
   198    626
   199    626
   200    626
   201    626
   202    626
   203    626
   204    626
   205    626
   161    627
   162    627
   163    627
   164    627
   165    627
   166    627
   167    627
   168    627
   169    627
   170    627
   171    627
   172    627
   173    627
   174    627
   175    627
   194    627
   195    627
   196    627
   197    627
   198    627
   199    627
   200    627
   201    627
   202    627
   203    627
   204    627
   205    627
   206    627
   207    627
   208    627
   209    627
   138    628
   139    628
   140    628
   141    628
   142    628
   143    628
   144    628
   145    628
   166    628
   167    628
   168    628
   169    628
   170    628
   171    628
   172    628
   173    628
   174    628
   175    628
   176    628
   177    628
   178    628
   179    628
   180    628
   198    628
   199    628
   200    628
   201    628
   202    628
   203    628
   204    628
   205    628
   206    628
   207    628
   208    628
   209    628
   210    628
   211    628
   212    628
   213    628
   138    629
   139    629
   140    629
   141    629
   142    629
   143    629
   144    629
   145    629
   146    629
   147    629
   148    629
   149    629
   150    629
   151    629
   172    629
   173    629
   174    629
   175    629
   176    629
   177    629
   178    629
   179    629
   180    629
   181    629
   182    629
   183    629
   184    629
   185    629
   186    629
   202    629
   203    629
   204    629
   205    629
   206    629
   207    629
   208    629
   209    629
   210    629
   211    629
   212    629
   213    629
   214    629
   215    629
   216    629
   217    629
   218    629
   219    629
   142    630
   143    630
   144    630
   145    630
   146    630
   147    630
   148    630
   149    630
   150    630
   151    630
   152    630
   153    630
   154    630
   155    630
   156    630
   176    630
   177    630
   178    630
   179    630
   180    630
   181    630
   182    630
   183    630
   184    630
   185    630
   186    630
   187    630
   188    630
   189    630
   190    630
   191    630
   208    630
   209    630
   210    630
   211    630
   212    630
   213    630
   214    630
   215    630
   216    630
   217    630
   218    630
   219    630
   220    630
   221    630
   222    630
   223    630
   224    630
   145    631
   146    631
   147    631
   148    631
   149    631
   150    631
   151    631
   152    631
   153    631
   154    631
   155    631
   156    631
   157    631
   158    631
   159    631
   181    631
   182    631
   183    631
   184    631
   185    631
   186    631
   187    631
   188    631
   189    631
   190    631
   191    631
   192    631
   193    631
   194    631
   195    631
   212    631
   213    631
   214    631
   215    631
   216    631
   217    631
   218    631
   219    631
   220    631
   221    631
   222    631
   223    631
   224    631
   225    631
   226    631
   227    631
   228    631
   151    632
   152    632
   153    632
   154    632
   155    632
   156    632
   157    632
   158    632
   159    632
   160    632
   161    632
   162    632
   163    632
   164    632
   184    632
   185    632
   186    632
   187    632
   188    632
   189    632
   190    632
   191    632
   192    632
   193    632
   194    632
   195    632
   196    632
   197    632
   198    632
   199    632
   200    632
   217    632
   218    632
   219    632
   220    632
   221    632
   222    632
   223    632
   224    632
   225    632
   226    632
   227    632
   228    632
   229    632
   230    632
   231    632
   232    632
   233    632
   155    633
   156    633
   157    633
   158    633
   159    633
   160    633
   161    633
   162    633
   163    633
   164    633
   165    633
   166    633
   167    633
   188    633
   189    633
   190    633
   191    633
   192    633
   193    633
   194    633
   195    633
   196    633
   197    633
   198    633
   199    633
   200    633
   201    633
   202    633
   203    633
   204    633
   221    633
   222    633
   223    633
   224    633
   225    633
   226    633
   227    633
   228    633
   229    633
   230    633
   231    633
   232    633
   233    633
   234    633
   235    633
   236    633
   237    633
   238    633
   158    634
   159    634
   160    634
   161    634
   162    634
   163    634
   164    634
   165    634
   166    634
   167    634
   168    634
   169    634
   170    634
   171    634
   172    634
   191    634
   192    634
   193    634
   194    634
   195    634
   196    634
   197    634
   198    634
   199    634
   200    634
   201    634
   202    634
   203    634
   204    634
   205    634
   206    634
   207    634
   208    634
   224    634
   225    634
   226    634
   227    634
   228    634
   229    634
   230    634
   231    634
   232    634
   233    634
   234    634
   235    634
   236    634
   237    634
   238    634
   239    634
   240    634
   241    634
   242    634
   162    635
   163    635
   164    635
   165    635
   166    635
   167    635
   168    635
   169    635
   170    635
   171    635
   172    635
   173    635
   174    635
   175    635
   196    635
   197    635
   198    635
   199    635
   200    635
   201    635
   202    635
   203    635
   204    635
   205    635
   206    635
   207    635
   208    635
   209    635
   210    635
   211    635
   212    635
   230    635
   231    635
   232    635
   233    635
   234    635
   235    635
   236    635
   237    635
   238    635
   239    635
   240    635
   241    635
   242    635
   243    635
   244    635
   245    635
   246    635
   166    636
   167    636
   168    636
   169    636
   170    636
   171    636
   172    636
   173    636
   174    636
   175    636
   176    636
   177    636
   178    636
   179    636
   200    636
   201    636
   202    636
   203    636
   204    636
   205    636
   206    636
   207    636
   208    636
   209    636
   210    636
   211    636
   212    636
   213    636
   214    636
   215    636
   216    636
   233    636
   234    636
   235    636
   236    636
   237    636
   238    636
   239    636
   240    636
   241    636
   242    636
   243    636
   244    636
   245    636
   246    636
   247    636
   248    636
   249    636
   250    636
   170    637
   171    637
   172    637
   173    637
   174    637
   175    637
   176    637
   177    637
   178    637
   179    637
   180    637
   181    637
   182    637
   183    637
   205    637
   206    637
   207    637
   208    637
   209    637
   210    637
   211    637
   212    637
   213    637
   214    637
   215    637
   216    637
   217    637
   218    637
   219    637
   238    637
   239    637
   240    637
   241    637
   242    637
   243    637
   244    637
   245    637
   246    637
   247    637
   248    637
   249    637
   250    637
   251    637
   173    638
   174    638
   175    638
   176    638
   177    638
   178    638
   179    638
   180    638
   181    638
   182    638
   183    638
   184    638
   185    638
   186    638
   187    638
   188    638
   209    638
   210    638
   211    638
   212    638
   213    638
   214    638
   215    638
   216    638
   217    638
   218    638
   219    638
   220    638
   221    638
   222    638
   223    638
   243    638
   244    638
   245    638
   246    638
   178    639
   179    639
   180    639
   181    639
   182    639
   183    639
   184    639
   185    639
   186    639
   187    639
   188    639
   189    639
   190    639
   191    639
   192    639
   213    639
   214    639
   215    639
   216    639
   217    639
   218    639
   219    639
   220    639
   221    639
   222    639
   223    639
   224    639
   225    639
   226    639
   183    640
   184    640
   185    640
   186    640
   187    640
   188    640
   189    640
   190    640
   191    640
   192    640
   193    640
   194    640
   195    640
   196    640
   197    640
   216    640
   217    640
   218    640
   219    640
   220    640
   221    640
   222    640
   223    640
   224    640
   225    640
   226    640
   227    640
   228    640
   229    640
   230    640
   231    640
   186    641
   187    641
   188    641
   189    641
   190    641
   191    641
   192    641
   193    641
   194    641
   195    641
   196    641
   197    641
   198    641
   199    641
   200    641
   221    641
   222    641
   223    641
   224    641
   225    641
   226    641
   227    641
   228    641
   229    641
   230    641
   231    641
   232    641
   233    641
   234    641
   235    641
   190    642
   191    642
   192    642
   193    642
   194    642
   195    642
   196    642
   197    642
   198    642
   199    642
   200    642
   201    642
   202    642
   203    642
   224    642
   225    642
   226    642
   227    642
   228    642
   229    642
   230    642
   231    642
   232    642
   233    642
   234    642
   235    642
   236    642
   237    642
   193    643
   194    643
   195    643
   196    643
   197    643
   198    643
   199    643
   200    643
   201    643
   202    643
   203    643
   204    643
   205    643
   206    643
   228    643
   229    643
   230    643
   231    643
   232    643
   233    643
   234    643
   235    643
   236    643
   237    643
   238    643
   239    643
   240    643
   241    643
   277    643
   278    643
   279    643
   280    643
   281    643
   196    644
   197    644
   198    644
   199    644
   200    644
   201    644
   202    644
   231    644
   232    644
   233    644
   234    644
   235    644
   236    644
   237    644
   238    644
   239    644
   240    644
   241    644
   242    644
   243    644
   244    644
   245    644
   246    644
   273    644
   274    644
   275    644
   276    644
   277    644
   278    644
   279    644
   280    644
   281    644
   282    644
   283    644
   284    644
   285    644
   235    645
   236    645
   237    645
   238    645
   239    645
   240    645
   241    645
   242    645
   243    645
   244    645
   245    645
   246    645
   247    645
   248    645
   249    645
   273    645
   274    645
   275    645
   276    645
   277    645
   278    645
   279    645
   280    645
   281    645
   282    645
   283    645
   284    645
   285    645
   286    645
   287    645
   288    645
   289    645
   239    646
   240    646
   241    646
   242    646
   243    646
   244    646
   245    646
   246    646
   247    646
   248    646
   249    646
   250    646
   251    646
   252    646
   253    646
   254    646
   255    646
   275    646
   276    646
   277    646
   278    646
   279    646
   280    646
   281    646
   282    646
   283    646
   284    646
   285    646
   286    646
   287    646
   288    646
   289    646
   290    646
   291    646
   292    646
   293    646
   243    647
   244    647
   245    647
   246    647
   247    647
   248    647
   249    647
   250    647
   251    647
   252    647
   253    647
   254    647
   255    647
   256    647
   257    647
   258    647
   279    647
   280    647
   281    647
   282    647
   283    647
   284    647
   285    647
   286    647
   287    647
   288    647
   289    647
   290    647
   291    647
   292    647
   293    647
   294    647
   295    647
   296    647
   297    647
   298    647
   247    648
   248    648
   249    648
   250    648
   251    648
   252    648
   253    648
   254    648
   255    648
   256    648
   257    648
   258    648
   259    648
   260    648
   261    648
   262    648
   283    648
   284    648
   285    648
   286    648
   287    648
   288    648
   289    648
   290    648
   291    648
   292    648
   293    648
   294    648
   295    648
   296    648
   297    648
   298    648
   299    648
   300    648
   301    648
   302    648
   250    649
   251    649
   252    649
   253    649
   254    649
   255    649
   256    649
   257    649
   258    649
   259    649
   260    649
   261    649
   262    649
   263    649
   264    649
   265    649
   266    649
   267    649
   268    649
   288    649
   289    649
   290    649
   291    649
   292    649
   293    649
   294    649
   295    649
   296    649
   297    649
   298    649
   299    649
   300    649
   301    649
   302    649
   303    649
   304    649
   305    649
   226    650
   227    650
   228    650
   229    650
   230    650
   231    650
   232    650
   254    650
   255    650
   256    650
   257    650
   258    650
   259    650
   260    650
   261    650
   262    650
   263    650
   264    650
   265    650
   266    650
   267    650
   268    650
   269    650
   270    650
   271    650
   272    650
   292    650
   293    650
   294    650
   295    650
   296    650
   297    650
   298    650
   299    650
   300    650
   301    650
   302    650
   303    650
   304    650
   305    650
   306    650
   307    650
   308    650
   309    650
   223    651
   224    651
   225    651
   226    651
   227    651
   228    651
   229    651
   230    651
   231    651
   232    651
   233    651
   234    651
   235    651
   259    651
   260    651
   261    651
   262    651
   263    651
   264    651
   265    651
   266    651
   267    651
   268    651
   269    651
   270    651
   271    651
   272    651
   273    651
   274    651
   275    651
   295    651
   296    651
   297    651
   298    651
   299    651
   300    651
   301    651
   302    651
   303    651
   304    651
   305    651
   306    651
   307    651
   308    651
   309    651
   310    651
   311    651
   312    651
   313    651
   225    652
   226    652
   227    652
   228    652
   229    652
   230    652
   231    652
   232    652
   233    652
   234    652
   235    652
   236    652
   237    652
   238    652
   262    652
   263    652
   264    652
   265    652
   266    652
   267    652
   268    652
   269    652
   270    652
   271    652
   272    652
   273    652
   274    652
   275    652
   276    652
   277    652
   278    652
   299    652
   300    652
   301    652
   302    652
   303    652
   304    652
   305    652
   306    652
   307    652
   308    652
   309    652
   310    652
   311    652
   312    652
   313    652
   314    652
   315    652
   316    652
   317    652
   318    652
   227    653
   228    653
   229    653
   230    653
   231    653
   232    653
   233    653
   234    653
   235    653
   236    653
   237    653
   238    653
   239    653
   240    653
   241    653
   242    653
   265    653
   266    653
   267    653
   268    653
   269    653
   270    653
   271    653
   272    653
   273    653
   274    653
   275    653
   276    653
   277    653
   278    653
   279    653
   280    653
   281    653
   303    653
   304    653
   305    653
   306    653
   307    653
   308    653
   309    653
   310    653
   311    653
   312    653
   313    653
   314    653
   315    653
   316    653
   317    653
   318    653
   319    653
   320    653
   321    653
   231    654
   232    654
   233    654
   234    654
   235    654
   236    654
   237    654
   238    654
   239    654
   240    654
   241    654
   242    654
   243    654
   244    654
   245    654
   269    654
   270    654
   271    654
   272    654
   273    654
   274    654
   275    654
   276    654
   277    654
   278    654
   279    654
   280    654
   281    654
   282    654
   283    654
   284    654
   285    654
   307    654
   308    654
   309    654
   310    654
   311    654
   312    654
   313    654
   314    654
   315    654
   316    654
   317    654
   318    654
   319    654
   320    654
   321    654
   322    654
   323    654
   324    654
   325    654
   233    655
   234    655
   235    655
   236    655
   237    655
   238    655
   239    655
   240    655
   241    655
   242    655
   243    655
   244    655
   245    655
   246    655
   247    655
   248    655
   272    655
   273    655
   274    655
   275    655
   276    655
   277    655
   278    655
   279    655
   280    655
   281    655
   282    655
   283    655
   284    655
   285    655
   286    655
   287    655
   288    655
   310    655
   311    655
   312    655
   313    655
   314    655
   315    655
   316    655
   317    655
   318    655
   319    655
   320    655
   321    655
   322    655
   323    655
   324    655
   325    655
   326    655
   327    655
   328    655
   236    656
   237    656
   238    656
   239    656
   240    656
   241    656
   242    656
   243    656
   244    656
   245    656
   246    656
   247    656
   248    656
   249    656
   250    656
   251    656
   275    656
   276    656
   277    656
   278    656
   279    656
   280    656
   281    656
   282    656
   283    656
   284    656
   285    656
   286    656
   287    656
   288    656
   289    656
   290    656
   291    656
   314    656
   315    656
   316    656
   317    656
   318    656
   319    656
   320    656
   321    656
   322    656
   323    656
   324    656
   325    656
   326    656
   327    656
   328    656
   329    656
   330    656
   331    656
   239    657
   240    657
   241    657
   242    657
   243    657
   244    657
   245    657
   246    657
   247    657
   248    657
   249    657
   250    657
   251    657
   252    657
   253    657
   254    657
   278    657
   279    657
   280    657
   281    657
   282    657
   283    657
   284    657
   285    657
   286    657
   287    657
   288    657
   289    657
   290    657
   291    657
   292    657
   293    657
   317    657
   318    657
   319    657
   320    657
   321    657
   322    657
   323    657
   324    657
   325    657
   326    657
   327    657
   328    657
   329    657
   330    657
   331    657
   332    657
   333    657
   334    657
   335    657
   241    658
   242    658
   243    658
   244    658
   245    658
   246    658
   247    658
   248    658
   249    658
   250    658
   251    658
   252    658
   253    658
   254    658
   255    658
   256    658
   257    658
   282    658
   283    658
   284    658
   285    658
   286    658
   287    658
   288    658
   289    658
   290    658
   291    658
   292    658
   293    658
   294    658
   295    658
   296    658
   320    658
   321    658
   322    658
   323    658
   324    658
   325    658
   326    658
   327    658
   328    658
   329    658
   330    658
   331    658
   332    658
   333    658
   334    658
   335    658
   336    658
   337    658
   338    658
   244    659
   245    659
   246    659
   247    659
   248    659
   249    659
   250    659
   251    659
   252    659
   253    659
   254    659
   255    659
   256    659
   257    659
   258    659
   259    659
   260    659
   285    659
   286    659
   287    659
   288    659
   289    659
   290    659
   291    659
   292    659
   293    659
   294    659
   295    659
   296    659
   297    659
   298    659
   299    659
   323    659
   324    659
   325    659
   326    659
   327    659
   328    659
   329    659
   330    659
   331    659
   332    659
   333    659
   334    659
   335    659
   336    659
   337    659
   338    659
   339    659
   340    659
   341    659
   246    660
   247    660
   248    660
   249    660
   250    660
   251    660
   252    660
   253    660
   254    660
   255    660
   256    660
   257    660
   258    660
   259    660
   260    660
   261    660
   262    660
   288    660
   289    660
   290    660
   291    660
   292    660
   293    660
   294    660
   295    660
   296    660
   297    660
   298    660
   299    660
   300    660
   301    660
   325    660
   326    660
   327    660
   328    660
   329    660
   330    660
   331    660
   332    660
   333    660
   334    660
   335    660
   336    660
   337    660
   338    660
   339    660
   340    660
   341    660
   342    660
   343    660
   344    660
   249    661
   250    661
   251    661
   252    661
   253    661
   254    661
   255    661
   256    661
   257    661
   258    661
   259    661
   260    661
   261    661
   262    661
   263    661
   264    661
   265    661
   290    661
   291    661
   292    661
   293    661
   294    661
   295    661
   296    661
   297    661
   298    661
   299    661
   300    661
   301    661
   302    661
   303    661
   304    661
   305    661
   306    661
   328    661
   329    661
   330    661
   331    661
   332    661
   333    661
   334    661
   335    661
   336    661
   337    661
   338    661
   339    661
   340    661
   341    661
   342    661
   343    661
   344    661
   345    661
   346    661
   252    662
   253    662
   254    662
   255    662
   256    662
   257    662
   258    662
   259    662
   260    662
   261    662
   262    662
   263    662
   264    662
   265    662
   266    662
   267    662
   268    662
   293    662
   294    662
   295    662
   296    662
   297    662
   298    662
   299    662
   300    662
   301    662
   302    662
   303    662
   304    662
   305    662
   306    662
   307    662
   308    662
   309    662
   330    662
   331    662
   332    662
   333    662
   334    662
   335    662
   336    662
   337    662
   338    662
   339    662
   340    662
   341    662
   342    662
   343    662
   344    662
   345    662
   346    662
   347    662
   348    662
   349    662
   254    663
   255    663
   256    663
   257    663
   258    663
   259    663
   260    663
   261    663
   262    663
   263    663
   264    663
   265    663
   266    663
   267    663
   268    663
   269    663
   270    663
   271    663
   296    663
   297    663
   298    663
   299    663
   300    663
   301    663
   302    663
   303    663
   304    663
   305    663
   306    663
   307    663
   308    663
   309    663
   310    663
   311    663
   312    663
   333    663
   334    663
   335    663
   336    663
   337    663
   338    663
   339    663
   340    663
   341    663
   342    663
   343    663
   344    663
   345    663
   346    663
   347    663
   348    663
   349    663
   350    663
   351    663
   352    663
   256    664
   257    664
   258    664
   259    664
   260    664
   261    664
   262    664
   263    664
   264    664
   265    664
   266    664
   267    664
   268    664
   269    664
   270    664
   271    664
   272    664
   273    664
   298    664
   299    664
   300    664
   301    664
   302    664
   303    664
   304    664
   305    664
   306    664
   307    664
   308    664
   309    664
   310    664
   311    664
   312    664
   313    664
   314    664
   315    664
   335    664
   336    664
   337    664
   338    664
   339    664
   340    664
   341    664
   342    664
   343    664
   344    664
   345    664
   346    664
   347    664
   348    664
   349    664
   350    664
   351    664
   352    664
   259    665
   260    665
   261    665
   262    665
   263    665
   264    665
   265    665
   266    665
   267    665
   268    665
   269    665
   270    665
   271    665
   272    665
   273    665
   274    665
   275    665
   276    665
   300    665
   301    665
   302    665
   303    665
   304    665
   305    665
   306    665
   307    665
   308    665
   309    665
   310    665
   311    665
   312    665
   313    665
   314    665
   315    665
   316    665
   317    665
   338    665
   339    665
   340    665
   341    665
   342    665
   343    665
   344    665
   345    665
   346    665
   347    665
   348    665
   349    665
   350    665
   351    665
   262    666
   263    666
   264    666
   265    666
   266    666
   267    666
   268    666
   269    666
   270    666
   271    666
   272    666
   273    666
   274    666
   275    666
   276    666
   277    666
   278    666
   279    666
   303    666
   304    666
   305    666
   306    666
   307    666
   308    666
   309    666
   310    666
   311    666
   312    666
   313    666
   314    666
   315    666
   316    666
   317    666
   318    666
   319    666
   320    666
   342    666
   265    667
   266    667
   267    667
   268    667
   269    667
   270    667
   271    667
   272    667
   273    667
   274    667
   275    667
   276    667
   277    667
   278    667
   279    667
   280    667
   281    667
   282    667
   306    667
   307    667
   308    667
   309    667
   310    667
   311    667
   312    667
   313    667
   314    667
   315    667
   316    667
   317    667
   318    667
   319    667
   320    667
   321    667
   322    667
   323    667
   267    668
   268    668
   269    668
   270    668
   271    668
   272    668
   273    668
   274    668
   275    668
   276    668
   277    668
   278    668
   279    668
   280    668
   281    668
   282    668
   283    668
   284    668
   308    668
   309    668
   310    668
   311    668
   312    668
   313    668
   314    668
   315    668
   316    668
   317    668
   318    668
   319    668
   320    668
   321    668
   322    668
   323    668
   324    668
   325    668
   270    669
   271    669
   272    669
   273    669
   274    669
   275    669
   276    669
   277    669
   278    669
   279    669
   280    669
   281    669
   282    669
   283    669
   284    669
   285    669
   286    669
   287    669
   311    669
   312    669
   313    669
   314    669
   315    669
   316    669
   317    669
   318    669
   319    669
   320    669
   321    669
   322    669
   323    669
   324    669
   325    669
   326    669
   327    669
   328    669
   272    670
   273    670
   274    670
   275    670
   276    670
   277    670
   278    670
   279    670
   280    670
   281    670
   282    670
   283    670
   284    670
   285    670
   286    670
   287    670
   288    670
   289    670
   290    670
   313    670
   314    670
   315    670
   316    670
   317    670
   318    670
   319    670
   320    670
   321    670
   322    670
   323    670
   324    670
   325    670
   326    670
   327    670
   328    670
   329    670
   330    670
   331    670
   275    671
   276    671
   277    671
   278    671
   279    671
   280    671
   281    671
   282    671
   283    671
   284    671
   285    671
   286    671
   287    671
   288    671
   289    671
   290    671
   291    671
   316    671
   317    671
   318    671
   319    671
   320    671
   321    671
   322    671
   323    671
   324    671
   325    671
   326    671
   327    671
   328    671
   329    671
   330    671
   331    671
   332    671
   333    671
   334    671
   278    672
   279    672
   280    672
   281    672
   282    672
   283    672
   284    672
   285    672
   286    672
   287    672
   288    672
   289    672
   290    672
   291    672
   292    672
   319    672
   320    672
   321    672
   322    672
   323    672
   324    672
   325    672
   326    672
   327    672
   328    672
   329    672
   330    672
   331    672
   332    672
   333    672
   334    672
   335    672
   336    672
   337    672
   281    673
   282    673
   283    673
   284    673
   285    673
   286    673
   287    673
   288    673
   321    673
   322    673
   323    673
   324    673
   325    673
   326    673
   327    673
   328    673
   329    673
   330    673
   331    673
   332    673
   333    673
   334    673
   335    673
   336    673
   337    673
   338    673
   339    673
   324    674
   325    674
   326    674
   327    674
   328    674
   329    674
   330    674
   331    674
   332    674
   333    674
   334    674
   335    674
   336    674
   337    674
   338    674
   339    674
   340    674
   341    674
   326    675
   327    675
   328    675
   329    675
   330    675
   331    675
   332    675
   333    675
   334    675
   335    675
   336    675
   337    675
   338    675
   339    675
   340    675
   341    675
   342    675
   343    675
   328    676
   329    676
   330    676
   331    676
   332    676
   333    676
   334    676
   335    676
   336    676
   337    676
   338    676
   339    676
   340    676
   341    676
   342    676
   343    676
   344    676
   345    676
   346    676
   375    676
   376    676
   377    676
   378    676
   379    676
   380    676
   381    676
   382    676
   383    676
   330    677
   331    677
   332    677
   333    677
   334    677
   335    677
   336    677
   337    677
   338    677
   339    677
   340    677
   341    677
   342    677
   343    677
   344    677
   345    677
   346    677
   347    677
   370    677
   371    677
   372    677
   373    677
   374    677
   375    677
   376    677
   377    677
   378    677
   379    677
   380    677
   381    677
   382    677
   383    677
   384    677
   385    677
   386    677
   332    678
   333    678
   334    678
   335    678
   336    678
   337    678
   338    678
   339    678
   340    678
   341    678
   342    678
   343    678
   344    678
   345    678
   346    678
   347    678
   348    678
   349    678
   369    678
   370    678
   371    678
   372    678
   373    678
   374    678
   375    678
   376    678
   377    678
   378    678
   379    678
   380    678
   381    678
   382    678
   383    678
   384    678
   385    678
   386    678
   387    678
   388    678
   334    679
   335    679
   336    679
   337    679
   338    679
   339    679
   340    679
   341    679
   342    679
   343    679
   344    679
   345    679
   346    679
   347    679
   348    679
   349    679
   350    679
   351    679
   352    679
   371    679
   372    679
   373    679
   374    679
   375    679
   376    679
   377    679
   378    679
   379    679
   380    679
   381    679
   382    679
   383    679
   384    679
   385    679
   386    679
   387    679
   388    679
   389    679
   390    679
   391    679
   336    680
   337    680
   338    680
   339    680
   340    680
   341    680
   342    680
   343    680
   344    680
   345    680
   346    680
   347    680
   348    680
   349    680
   350    680
   351    680
   352    680
   353    680
   354    680
   373    680
   374    680
   375    680
   376    680
   377    680
   378    680
   379    680
   380    680
   381    680
   382    680
   383    680
   384    680
   385    680
   386    680
   387    680
   388    680
   389    680
   390    680
   391    680
   392    680
   393    680
   338    681
   339    681
   340    681
   341    681
   342    681
   343    681
   344    681
   345    681
   346    681
   347    681
   348    681
   349    681
   350    681
   351    681
   352    681
   353    681
   354    681
   355    681
   356    681
   375    681
   376    681
   377    681
   378    681
   379    681
   380    681
   381    681
   382    681
   383    681
   384    681
   385    681
   386    681
   387    681
   388    681
   389    681
   390    681
   391    681
   392    681
   393    681
   394    681
   395    681
   396    681
   340    682
   341    682
   342    682
   343    682
   344    682
   345    682
   346    682
   347    682
   348    682
   349    682
   350    682
   351    682
   352    682
   353    682
   354    682
   355    682
   356    682
   357    682
   378    682
   379    682
   380    682
   381    682
   382    682
   383    682
   384    682
   385    682
   386    682
   387    682
   388    682
   389    682
   390    682
   391    682
   392    682
   393    682
   394    682
   395    682
   396    682
   397    682
   398    682
   342    683
   343    683
   344    683
   345    683
   346    683
   347    683
   348    683
   349    683
   350    683
   351    683
   352    683
   353    683
   354    683
   355    683
   356    683
   357    683
   358    683
   359    683
   380    683
   381    683
   382    683
   383    683
   384    683
   385    683
   386    683
   387    683
   388    683
   389    683
   390    683
   391    683
   392    683
   393    683
   394    683
   395    683
   396    683
   397    683
   398    683
   399    683
   400    683
   311    684
   312    684
   313    684
   314    684
   315    684
   316    684
   317    684
   318    684
   319    684
   345    684
   346    684
   347    684
   348    684
   349    684
   350    684
   351    684
   352    684
   353    684
   354    684
   355    684
   356    684
   357    684
   358    684
   359    684
   360    684
   361    684
   362    684
   382    684
   383    684
   384    684
   385    684
   386    684
   387    684
   388    684
   389    684
   390    684
   391    684
   392    684
   393    684
   394    684
   395    684
   396    684
   397    684
   398    684
   399    684
   400    684
   401    684
   402    684
   306    685
   307    685
   308    685
   309    685
   310    685
   311    685
   312    685
   313    685
   314    685
   315    685
   316    685
   317    685
   318    685
   319    685
   320    685
   346    685
   347    685
   348    685
   349    685
   350    685
   351    685
   352    685
   353    685
   354    685
   355    685
   356    685
   357    685
   358    685
   359    685
   360    685
   361    685
   362    685
   363    685
   364    685
   384    685
   385    685
   386    685
   387    685
   388    685
   389    685
   390    685
   391    685
   392    685
   393    685
   394    685
   395    685
   396    685
   397    685
   398    685
   399    685
   400    685
   401    685
   402    685
   403    685
   404    685
   306    686
   307    686
   308    686
   309    686
   310    686
   311    686
   312    686
   313    686
   314    686
   315    686
   316    686
   317    686
   318    686
   319    686
   320    686
   321    686
   322    686
   323    686
   349    686
   350    686
   351    686
   352    686
   353    686
   354    686
   355    686
   356    686
   357    686
   358    686
   359    686
   360    686
   361    686
   362    686
   363    686
   364    686
   365    686
   366    686
   386    686
   387    686
   388    686
   389    686
   390    686
   391    686
   392    686
   393    686
   394    686
   395    686
   396    686
   397    686
   398    686
   399    686
   400    686
   401    686
   402    686
   403    686
   404    686
   405    686
   406    686
   407    686
   308    687
   309    687
   310    687
   311    687
   312    687
   313    687
   314    687
   315    687
   316    687
   317    687
   318    687
   319    687
   320    687
   321    687
   322    687
   323    687
   324    687
   351    687
   352    687
   353    687
   354    687
   355    687
   356    687
   357    687
   358    687
   359    687
   360    687
   361    687
   362    687
   363    687
   364    687
   365    687
   366    687
   367    687
   368    687
   388    687
   389    687
   390    687
   391    687
   392    687
   393    687
   394    687
   395    687
   396    687
   397    687
   398    687
   399    687
   400    687
   401    687
   402    687
   403    687
   404    687
   405    687
   406    687
   407    687
   408    687
   409    687
   309    688
   310    688
   311    688
   312    688
   313    688
   314    688
   315    688
   316    688
   317    688
   318    688
   319    688
   320    688
   321    688
   322    688
   323    688
   324    688
   325    688
   326    688
   352    688
   353    688
   354    688
   355    688
   356    688
   357    688
   358    688
   359    688
   360    688
   361    688
   362    688
   363    688
   364    688
   365    688
   366    688
   367    688
   368    688
   369    688
   390    688
   391    688
   392    688
   393    688
   394    688
   395    688
   396    688
   397    688
   398    688
   399    688
   400    688
   401    688
   402    688
   403    688
   404    688
   405    688
   406    688
   407    688
   408    688
   409    688
   410    688
   411    688
   310    689
   311    689
   312    689
   313    689
   314    689
   315    689
   316    689
   317    689
   318    689
   319    689
   320    689
   321    689
   322    689
   323    689
   324    689
   325    689
   326    689
   327    689
   328    689
   340    689
   353    689
   354    689
   355    689
   356    689
   357    689
   358    689
   359    689
   360    689
   361    689
   362    689
   363    689
   364    689
   365    689
   366    689
   367    689
   368    689
   369    689
   370    689
   371    689
   392    689
   393    689
   394    689
   395    689
   396    689
   397    689
   398    689
   399    689
   400    689
   401    689
   402    689
   403    689
   404    689
   405    689
   406    689
   407    689
   408    689
   409    689
   410    689
   411    689
   412    689
   413    689
   414    689
   312    690
   313    690
   314    690
   315    690
   316    690
   317    690
   318    690
   319    690
   320    690
   321    690
   322    690
   323    690
   324    690
   325    690
   326    690
   327    690
   328    690
   329    690
   330    690
   356    690
   357    690
   358    690
   359    690
   360    690
   361    690
   362    690
   363    690
   364    690
   365    690
   366    690
   367    690
   368    690
   369    690
   370    690
   371    690
   372    690
   373    690
   394    690
   395    690
   396    690
   397    690
   398    690
   399    690
   400    690
   401    690
   402    690
   403    690
   404    690
   405    690
   406    690
   407    690
   408    690
   409    690
   410    690
   411    690
   412    690
   413    690
   414    690
   415    690
   314    691
   315    691
   316    691
   317    691
   318    691
   319    691
   320    691
   321    691
   322    691
   323    691
   324    691
   325    691
   326    691
   327    691
   328    691
   329    691
   330    691
   331    691
   332    691
   357    691
   358    691
   359    691
   360    691
   361    691
   362    691
   363    691
   364    691
   365    691
   366    691
   367    691
   368    691
   369    691
   370    691
   371    691
   372    691
   373    691
   374    691
   375    691
   396    691
   397    691
   398    691
   399    691
   400    691
   401    691
   402    691
   403    691
   404    691
   405    691
   406    691
   407    691
   408    691
   409    691
   410    691
   411    691
   412    691
   413    691
   414    691
   415    691
   416    691
   417    691
   315    692
   316    692
   317    692
   318    692
   319    692
   320    692
   321    692
   322    692
   323    692
   324    692
   325    692
   326    692
   327    692
   328    692
   329    692
   330    692
   331    692
   332    692
   333    692
   358    692
   359    692
   360    692
   361    692
   362    692
   363    692
   364    692
   365    692
   366    692
   367    692
   368    692
   369    692
   370    692
   371    692
   372    692
   373    692
   374    692
   375    692
   376    692
   377    692
   398    692
   399    692
   400    692
   401    692
   402    692
   403    692
   404    692
   405    692
   406    692
   407    692
   408    692
   409    692
   410    692
   411    692
   412    692
   413    692
   414    692
   415    692
   416    692
   417    692
   418    692
   419    692
   317    693
   318    693
   319    693
   320    693
   321    693
   322    693
   323    693
   324    693
   325    693
   326    693
   327    693
   328    693
   329    693
   330    693
   331    693
   332    693
   333    693
   334    693
   335    693
   359    693
   360    693
   361    693
   362    693
   363    693
   364    693
   365    693
   366    693
   367    693
   368    693
   369    693
   370    693
   371    693
   372    693
   373    693
   374    693
   375    693
   376    693
   377    693
   378    693
   400    693
   401    693
   402    693
   403    693
   404    693
   405    693
   406    693
   407    693
   408    693
   409    693
   410    693
   411    693
   412    693
   413    693
   414    693
   415    693
   416    693
   417    693
   418    693
   419    693
   420    693
   319    694
   320    694
   321    694
   322    694
   323    694
   324    694
   325    694
   326    694
   327    694
   328    694
   329    694
   330    694
   331    694
   332    694
   333    694
   334    694
   335    694
   336    694
   360    694
   361    694
   362    694
   363    694
   364    694
   365    694
   366    694
   367    694
   368    694
   369    694
   370    694
   371    694
   372    694
   373    694
   374    694
   375    694
   376    694
   377    694
   378    694
   379    694
   380    694
   401    694
   402    694
   403    694
   404    694
   405    694
   406    694
   407    694
   408    694
   409    694
   410    694
   411    694
   412    694
   413    694
   414    694
   415    694
   416    694
   417    694
   418    694
   419    694
   420    694
   421    694
   422    694
   320    695
   321    695
   322    695
   323    695
   324    695
   325    695
   326    695
   327    695
   328    695
   329    695
   330    695
   331    695
   332    695
   333    695
   334    695
   335    695
   336    695
   337    695
   338    695
   362    695
   363    695
   364    695
   365    695
   366    695
   367    695
   368    695
   369    695
   370    695
   371    695
   372    695
   373    695
   374    695
   375    695
   376    695
   377    695
   378    695
   379    695
   380    695
   381    695
   382    695
   403    695
   404    695
   405    695
   406    695
   407    695
   408    695
   409    695
   410    695
   411    695
   412    695
   413    695
   414    695
   415    695
   416    695
   417    695
   418    695
   419    695
   420    695
   421    695
   422    695
   423    695
   424    695
   320    696
   321    696
   322    696
   323    696
   324    696
   325    696
   326    696
   327    696
   328    696
   329    696
   330    696
   331    696
   332    696
   333    696
   334    696
   335    696
   336    696
   337    696
   338    696
   339    696
   340    696
   363    696
   364    696
   365    696
   366    696
   367    696
   368    696
   369    696
   370    696
   371    696
   372    696
   373    696
   374    696
   375    696
   376    696
   377    696
   378    696
   379    696
   380    696
   381    696
   382    696
   383    696
   405    696
   406    696
   407    696
   408    696
   409    696
   410    696
   411    696
   412    696
   413    696
   414    696
   415    696
   416    696
   417    696
   418    696
   419    696
   420    696
   421    696
   422    696
   423    696
   424    696
   425    696
   322    697
   323    697
   324    697
   325    697
   326    697
   327    697
   328    697
   329    697
   330    697
   331    697
   332    697
   333    697
   334    697
   335    697
   336    697
   337    697
   338    697
   339    697
   340    697
   341    697
   365    697
   366    697
   367    697
   368    697
   369    697
   370    697
   371    697
   372    697
   373    697
   374    697
   375    697
   376    697
   377    697
   378    697
   379    697
   380    697
   381    697
   382    697
   383    697
   384    697
   385    697
   406    697
   407    697
   408    697
   409    697
   410    697
   411    697
   412    697
   413    697
   414    697
   415    697
   416    697
   417    697
   418    697
   419    697
   420    697
   421    697
   422    697
   423    697
   424    697
   425    697
   426    697
   427    697
   323    698
   324    698
   325    698
   326    698
   327    698
   328    698
   329    698
   330    698
   331    698
   332    698
   333    698
   334    698
   335    698
   336    698
   337    698
   338    698
   339    698
   340    698
   341    698
   342    698
   343    698
   367    698
   368    698
   369    698
   370    698
   371    698
   372    698
   373    698
   374    698
   375    698
   376    698
   377    698
   378    698
   379    698
   380    698
   381    698
   382    698
   383    698
   384    698
   385    698
   386    698
   387    698
   408    698
   409    698
   410    698
   411    698
   412    698
   413    698
   414    698
   415    698
   416    698
   417    698
   418    698
   419    698
   420    698
   421    698
   422    698
   423    698
   424    698
   425    698
   426    698
   427    698
   428    698
   324    699
   325    699
   326    699
   327    699
   328    699
   329    699
   330    699
   331    699
   332    699
   333    699
   334    699
   335    699
   336    699
   337    699
   338    699
   339    699
   340    699
   341    699
   342    699
   343    699
   344    699
   369    699
   370    699
   371    699
   372    699
   373    699
   374    699
   375    699
   376    699
   377    699
   378    699
   379    699
   380    699
   381    699
   382    699
   383    699
   384    699
   385    699
   386    699
   387    699
   388    699
   410    699
   411    699
   412    699
   413    699
   414    699
   415    699
   416    699
   417    699
   418    699
   419    699
   420    699
   421    699
   422    699
   423    699
   424    699
   425    699
   426    699
   427    699
   428    699
   429    699
   430    699
   326    700
   327    700
   328    700
   329    700
   330    700
   331    700
   332    700
   333    700
   334    700
   335    700
   336    700
   337    700
   338    700
   339    700
   340    700
   341    700
   342    700
   343    700
   344    700
   345    700
   370    700
   371    700
   372    700
   373    700
   374    700
   375    700
   376    700
   377    700
   378    700
   379    700
   380    700
   381    700
   382    700
   383    700
   384    700
   385    700
   386    700
   387    700
   388    700
   389    700
   412    700
   413    700
   414    700
   415    700
   416    700
   417    700
   418    700
   419    700
   420    700
   421    700
   422    700
   423    700
   424    700
   425    700
   426    700
   427    700
   428    700
   429    700
   430    700
   431    700
   327    701
   328    701
   329    701
   330    701
   331    701
   332    701
   333    701
   334    701
   335    701
   336    701
   337    701
   338    701
   339    701
   340    701
   341    701
   342    701
   343    701
   344    701
   345    701
   346    701
   347    701
   372    701
   373    701
   374    701
   375    701
   376    701
   377    701
   378    701
   379    701
   380    701
   381    701
   382    701
   383    701
   384    701
   385    701
   386    701
   387    701
   388    701
   389    701
   390    701
   412    701
   413    701
   414    701
   415    701
   416    701
   417    701
   418    701
   419    701
   420    701
   421    701
   422    701
   423    701
   424    701
   425    701
   426    701
   427    701
   428    701
   429    701
   430    701
   431    701
   432    701
   433    701
   328    702
   329    702
   330    702
   331    702
   332    702
   333    702
   334    702
   335    702
   336    702
   337    702
   338    702
   339    702
   340    702
   341    702
   342    702
   343    702
   344    702
   345    702
   346    702
   347    702
   348    702
   373    702
   374    702
   375    702
   376    702
   377    702
   378    702
   379    702
   380    702
   381    702
   382    702
   383    702
   384    702
   385    702
   386    702
   387    702
   388    702
   389    702
   390    702
   391    702
   413    702
   414    702
   415    702
   416    702
   417    702
   418    702
   419    702
   420    702
   421    702
   422    702
   423    702
   424    702
   425    702
   426    702
   427    702
   428    702
   429    702
   430    702
   431    702
   432    702
   433    702
   434    702
   329    703
   330    703
   331    703
   332    703
   333    703
   334    703
   335    703
   336    703
   337    703
   338    703
   339    703
   340    703
   341    703
   342    703
   343    703
   344    703
   345    703
   346    703
   347    703
   348    703
   349    703
   350    703
   375    703
   376    703
   377    703
   378    703
   379    703
   380    703
   381    703
   382    703
   383    703
   384    703
   385    703
   386    703
   387    703
   388    703
   389    703
   390    703
   391    703
   392    703
   393    703
   414    703
   415    703
   416    703
   417    703
   418    703
   419    703
   420    703
   421    703
   422    703
   423    703
   424    703
   425    703
   426    703
   427    703
   428    703
   429    703
   430    703
   431    703
   432    703
   433    703
   434    703
   435    703
   436    703
   437    703
   331    704
   332    704
   333    704
   334    704
   335    704
   336    704
   337    704
   338    704
   339    704
   340    704
   341    704
   342    704
   343    704
   344    704
   345    704
   346    704
   347    704
   348    704
   349    704
   350    704
   351    704
   377    704
   378    704
   379    704
   380    704
   381    704
   382    704
   383    704
   384    704
   385    704
   386    704
   387    704
   388    704
   389    704
   390    704
   391    704
   392    704
   393    704
   394    704
   416    704
   417    704
   418    704
   419    704
   420    704
   421    704
   422    704
   423    704
   424    704
   425    704
   426    704
   427    704
   428    704
   429    704
   430    704
   431    704
   432    704
   433    704
   434    704
   435    704
   436    704
   437    704
   438    704
   332    705
   333    705
   334    705
   335    705
   336    705
   337    705
   338    705
   339    705
   340    705
   341    705
   342    705
   343    705
   344    705
   345    705
   346    705
   347    705
   348    705
   349    705
   350    705
   351    705
   352    705
   378    705
   379    705
   380    705
   381    705
   382    705
   383    705
   384    705
   385    705
   386    705
   387    705
   388    705
   389    705
   390    705
   391    705
   392    705
   393    705
   394    705
   395    705
   417    705
   418    705
   419    705
   420    705
   421    705
   422    705
   423    705
   424    705
   425    705
   426    705
   427    705
   428    705
   429    705
   430    705
   431    705
   432    705
   433    705
   434    705
   435    705
   436    705
   437    705
   438    705
   439    705
   440    705
   333    706
   334    706
   335    706
   336    706
   337    706
   338    706
   339    706
   340    706
   341    706
   342    706
   343    706
   344    706
   345    706
   346    706
   347    706
   348    706
   349    706
   350    706
   351    706
   352    706
   353    706
   380    706
   381    706
   382    706
   383    706
   384    706
   385    706
   386    706
   387    706
   388    706
   389    706
   390    706
   391    706
   392    706
   393    706
   394    706
   395    706
   396    706
   419    706
   420    706
   421    706
   422    706
   423    706
   424    706
   425    706
   426    706
   427    706
   428    706
   429    706
   430    706
   431    706
   432    706
   433    706
   434    706
   435    706
   436    706
   437    706
   438    706
   439    706
   440    706
   441    706
   442    706
   335    707
   336    707
   337    707
   338    707
   339    707
   340    707
   341    707
   342    707
   343    707
   344    707
   345    707
   346    707
   347    707
   348    707
   349    707
   350    707
   351    707
   352    707
   353    707
   354    707
   380    707
   381    707
   382    707
   383    707
   384    707
   385    707
   386    707
   387    707
   388    707
   389    707
   390    707
   391    707
   392    707
   393    707
   394    707
   395    707
   396    707
   397    707
   420    707
   421    707
   422    707
   423    707
   424    707
   425    707
   426    707
   427    707
   428    707
   429    707
   430    707
   431    707
   432    707
   433    707
   434    707
   435    707
   436    707
   437    707
   438    707
   439    707
   440    707
   441    707
   442    707
   443    707
   336    708
   337    708
   338    708
   339    708
   340    708
   341    708
   342    708
   343    708
   344    708
   345    708
   346    708
   347    708
   348    708
   349    708
   350    708
   351    708
   352    708
   353    708
   354    708
   355    708
   381    708
   382    708
   383    708
   384    708
   385    708
   386    708
   387    708
   388    708
   389    708
   390    708
   391    708
   392    708
   393    708
   394    708
   395    708
   396    708
   397    708
   398    708
   399    708
   422    708
   423    708
   424    708
   425    708
   426    708
   427    708
   428    708
   429    708
   430    708
   431    708
   432    708
   433    708
   434    708
   435    708
   436    708
   437    708
   438    708
   439    708
   440    708
   441    708
   442    708
   443    708
   444    708
   445    708
   337    709
   338    709
   339    709
   340    709
   341    709
   342    709
   343    709
   344    709
   345    709
   346    709
   347    709
   348    709
   349    709
   350    709
   351    709
   352    709
   353    709
   354    709
   355    709
   356    709
   357    709
   382    709
   383    709
   384    709
   385    709
   386    709
   387    709
   388    709
   389    709
   390    709
   391    709
   392    709
   393    709
   394    709
   395    709
   396    709
   397    709
   398    709
   399    709
   400    709
   423    709
   424    709
   425    709
   426    709
   427    709
   428    709
   429    709
   430    709
   431    709
   432    709
   433    709
   434    709
   435    709
   436    709
   437    709
   438    709
   439    709
   440    709
   441    709
   442    709
   443    709
   444    709
   445    709
   446    709
   338    710
   339    710
   340    710
   341    710
   342    710
   343    710
   344    710
   345    710
   346    710
   347    710
   348    710
   349    710
   350    710
   351    710
   352    710
   353    710
   354    710
   355    710
   356    710
   357    710
   358    710
   383    710
   384    710
   385    710
   386    710
   387    710
   388    710
   389    710
   390    710
   391    710
   392    710
   393    710
   394    710
   395    710
   396    710
   397    710
   398    710
   399    710
   400    710
   401    710
   425    710
   426    710
   427    710
   428    710
   429    710
   430    710
   431    710
   432    710
   433    710
   434    710
   435    710
   436    710
   437    710
   438    710
   439    710
   440    710
   441    710
   442    710
   443    710
   444    710
   445    710
   446    710
   447    710
   339    711
   340    711
   341    711
   342    711
   343    711
   344    711
   345    711
   346    711
   347    711
   348    711
   349    711
   350    711
   351    711
   352    711
   353    711
   354    711
   355    711
   356    711
   357    711
   358    711
   359    711
   384    711
   385    711
   386    711
   387    711
   388    711
   389    711
   390    711
   391    711
   392    711
   393    711
   394    711
   395    711
   396    711
   397    711
   398    711
   399    711
   400    711
   401    711
   402    711
   426    711
   427    711
   428    711
   429    711
   430    711
   431    711
   432    711
   433    711
   434    711
   435    711
   436    711
   437    711
   438    711
   439    711
   440    711
   441    711
   442    711
   443    711
   444    711
   445    711
   446    711
   447    711
   448    711
   340    712
   341    712
   342    712
   343    712
   344    712
   345    712
   346    712
   347    712
   348    712
   349    712
   350    712
   351    712
   352    712
   353    712
   354    712
   355    712
   356    712
   357    712
   358    712
   359    712
   360    712
   361    712
   385    712
   386    712
   387    712
   388    712
   389    712
   390    712
   391    712
   392    712
   393    712
   394    712
   395    712
   396    712
   397    712
   398    712
   399    712
   400    712
   401    712
   402    712
   403    712
   404    712
   428    712
   429    712
   430    712
   431    712
   432    712
   433    712
   434    712
   435    712
   436    712
   437    712
   438    712
   439    712
   440    712
   441    712
   442    712
   443    712
   444    712
   445    712
   446    712
   447    712
   448    712
   449    712
   342    713
   343    713
   344    713
   345    713
   346    713
   347    713
   348    713
   349    713
   350    713
   351    713
   352    713
   353    713
   354    713
   355    713
   356    713
   357    713
   358    713
   359    713
   360    713
   361    713
   362    713
   386    713
   387    713
   388    713
   389    713
   390    713
   391    713
   392    713
   393    713
   394    713
   395    713
   396    713
   397    713
   398    713
   399    713
   400    713
   401    713
   402    713
   403    713
   404    713
   405    713
   429    713
   430    713
   431    713
   432    713
   433    713
   434    713
   435    713
   436    713
   437    713
   438    713
   439    713
   440    713
   441    713
   442    713
   443    713
   444    713
   445    713
   446    713
   447    713
   448    713
   449    713
   450    713
   343    714
   344    714
   345    714
   346    714
   347    714
   348    714
   349    714
   350    714
   351    714
   352    714
   353    714
   354    714
   355    714
   356    714
   357    714
   358    714
   359    714
   360    714
   361    714
   362    714
   363    714
   388    714
   389    714
   390    714
   391    714
   392    714
   393    714
   394    714
   395    714
   396    714
   397    714
   398    714
   399    714
   400    714
   401    714
   402    714
   403    714
   404    714
   405    714
   406    714
   430    714
   431    714
   432    714
   433    714
   434    714
   435    714
   436    714
   437    714
   438    714
   439    714
   440    714
   441    714
   442    714
   443    714
   444    714
   445    714
   446    714
   447    714
   448    714
   449    714
   450    714
   451    714
   344    715
   345    715
   346    715
   347    715
   348    715
   349    715
   350    715
   351    715
   352    715
   353    715
   354    715
   355    715
   356    715
   357    715
   358    715
   359    715
   360    715
   361    715
   362    715
   363    715
   364    715
   389    715
   390    715
   391    715
   392    715
   393    715
   394    715
   395    715
   396    715
   397    715
   398    715
   399    715
   400    715
   401    715
   402    715
   403    715
   404    715
   405    715
   406    715
   407    715
   431    715
   432    715
   433    715
   434    715
   435    715
   436    715
   437    715
   438    715
   439    715
   440    715
   441    715
   442    715
   443    715
   444    715
   445    715
   446    715
   447    715
   448    715
   449    715
   450    715
   451    715
   452    715
   346    716
   347    716
   348    716
   349    716
   350    716
   351    716
   352    716
   353    716
   354    716
   355    716
   356    716
   357    716
   358    716
   359    716
   360    716
   361    716
   362    716
   363    716
   364    716
   365    716
   390    716
   391    716
   392    716
   393    716
   394    716
   395    716
   396    716
   397    716
   398    716
   399    716
   400    716
   401    716
   402    716
   403    716
   404    716
   405    716
   406    716
   407    716
   408    716
   432    716
   433    716
   434    716
   435    716
   436    716
   437    716
   438    716
   439    716
   440    716
   441    716
   442    716
   443    716
   444    716
   445    716
   446    716
   447    716
   448    716
   449    716
   450    716
   451    716
   452    716
   453    716
   454    716
   347    717
   348    717
   349    717
   350    717
   351    717
   352    717
   353    717
   354    717
   355    717
   356    717
   357    717
   358    717
   359    717
   360    717
   361    717
   362    717
   363    717
   364    717
   365    717
   390    717
   391    717
   392    717
   393    717
   394    717
   395    717
   396    717
   397    717
   398    717
   399    717
   400    717
   401    717
   402    717
   403    717
   404    717
   405    717
   406    717
   407    717
   408    717
   409    717
   433    717
   434    717
   435    717
   436    717
   437    717
   438    717
   439    717
   440    717
   441    717
   442    717
   443    717
   444    717
   445    717
   446    717
   447    717
   448    717
   449    717
   450    717
   451    717
   452    717
   453    717
   454    717
   455    717
   348    718
   349    718
   350    718
   351    718
   352    718
   353    718
   354    718
   355    718
   356    718
   357    718
   358    718
   359    718
   360    718
   361    718
   362    718
   363    718
   364    718
   365    718
   366    718
   392    718
   393    718
   394    718
   395    718
   396    718
   397    718
   398    718
   399    718
   400    718
   401    718
   402    718
   403    718
   404    718
   405    718
   406    718
   407    718
   408    718
   409    718
   410    718
   434    718
   435    718
   436    718
   437    718
   438    718
   439    718
   440    718
   441    718
   442    718
   443    718
   444    718
   445    718
   446    718
   447    718
   448    718
   449    718
   450    718
   451    718
   452    718
   453    718
   454    718
   455    718
   456    718
   349    719
   350    719
   351    719
   352    719
   353    719
   354    719
   355    719
   356    719
   357    719
   358    719
   359    719
   360    719
   361    719
   362    719
   363    719
   364    719
   365    719
   366    719
   367    719
   393    719
   394    719
   395    719
   396    719
   397    719
   398    719
   399    719
   400    719
   401    719
   402    719
   403    719
   404    719
   405    719
   406    719
   407    719
   408    719
   409    719
   410    719
   411    719
   435    719
   436    719
   437    719
   438    719
   439    719
   440    719
   441    719
   442    719
   443    719
   444    719
   445    719
   446    719
   447    719
   448    719
   449    719
   450    719
   451    719
   452    719
   453    719
   454    719
   455    719
   456    719
   457    719
   349    720
   350    720
   351    720
   352    720
   353    720
   354    720
   355    720
   356    720
   357    720
   358    720
   359    720
   360    720
   361    720
   362    720
   363    720
   364    720
   365    720
   366    720
   367    720
   368    720
   394    720
   395    720
   396    720
   397    720
   398    720
   399    720
   400    720
   401    720
   402    720
   403    720
   404    720
   405    720
   406    720
   407    720
   408    720
   409    720
   410    720
   411    720
   412    720
   436    720
   437    720
   438    720
   439    720
   440    720
   441    720
   442    720
   443    720
   444    720
   445    720
   446    720
   447    720
   448    720
   449    720
   450    720
   451    720
   452    720
   453    720
   454    720
   455    720
   456    720
   457    720
   458    720
   350    721
   351    721
   352    721
   353    721
   354    721
   355    721
   356    721
   357    721
   358    721
   359    721
   360    721
   361    721
   362    721
   363    721
   364    721
   365    721
   366    721
   367    721
   368    721
   369    721
   395    721
   396    721
   397    721
   398    721
   399    721
   400    721
   401    721
   402    721
   403    721
   404    721
   405    721
   406    721
   407    721
   408    721
   409    721
   410    721
   411    721
   412    721
   413    721
   437    721
   438    721
   439    721
   440    721
   441    721
   442    721
   443    721
   444    721
   445    721
   446    721
   447    721
   448    721
   449    721
   450    721
   451    721
   452    721
   453    721
   454    721
   455    721
   456    721
   457    721
   458    721
   350    722
   351    722
   352    722
   353    722
   354    722
   355    722
   356    722
   357    722
   358    722
   359    722
   360    722
   361    722
   362    722
   363    722
   364    722
   365    722
   366    722
   367    722
   368    722
   369    722
   370    722
   396    722
   397    722
   398    722
   399    722
   400    722
   401    722
   402    722
   403    722
   404    722
   405    722
   406    722
   407    722
   408    722
   409    722
   410    722
   411    722
   412    722
   413    722
   414    722
   438    722
   439    722
   440    722
   441    722
   442    722
   443    722
   444    722
   445    722
   446    722
   447    722
   448    722
   449    722
   450    722
   451    722
   452    722
   453    722
   454    722
   455    722
   352    723
   353    723
   354    723
   355    723
   356    723
   357    723
   358    723
   359    723
   360    723
   361    723
   362    723
   363    723
   364    723
   365    723
   366    723
   367    723
   368    723
   369    723
   370    723
   371    723
   397    723
   398    723
   399    723
   400    723
   401    723
   402    723
   403    723
   404    723
   405    723
   406    723
   407    723
   408    723
   409    723
   410    723
   411    723
   412    723
   413    723
   414    723
   415    723
   439    723
   440    723
   441    723
   442    723
   443    723
   444    723
   445    723
   446    723
   447    723
   448    723
   449    723
   352    724
   353    724
   354    724
   355    724
   356    724
   357    724
   358    724
   359    724
   360    724
   361    724
   362    724
   363    724
   364    724
   365    724
   366    724
   367    724
   368    724
   369    724
   370    724
   371    724
   397    724
   398    724
   399    724
   400    724
   401    724
   402    724
   403    724
   404    724
   405    724
   406    724
   407    724
   408    724
   409    724
   410    724
   411    724
   412    724
   413    724
   414    724
   415    724
