   821    546
   822    546
   823    546
   824    546
   825    546
   826    546
   827    546
   828    546
   821    547
   822    547
   823    547
   824    547
   825    547
   826    547
   827    547
   828    547
   821    548
   822    548
   823    548
   824    548
   825    548
   826    548
   827    548
   828    548
   821    549
   822    549
   823    549
   824    549
   825    549
   826    549
   827    549
   828    549
   821    550
   822    550
   823    550
   824    550
   825    550
   826    550
   827    550
   828    550
   821    551
   822    551
   823    551
   824    551
   825    551
   826    551
   827    551
   828    551
   821    552
   822    552
   823    552
   824    552
   825    552
   826    552
   827    552
   828    552
   820    553
   821    553
   822    553
   823    553
   824    553
   825    553
   826    553
   827    553
   828    553
   820    554
   821    554
   822    554
   823    554
   824    554
   825    554
   826    554
   827    554
   820    555
   821    555
   822    555
   823    555
   824    555
   825    555
   826    555
   827    555
   820    556
   821    556
   822    556
   823    556
   824    556
   825    556
   826    556
   827    556
   819    557
   820    557
   821    557
   822    557
   823    557
   824    557
   825    557
   826    557
   827    557
   819    558
   820    558
   821    558
   822    558
   823    558
   824    558
   825    558
   826    558
   827    558
   819    559
   820    559
   821    559
   822    559
   823    559
   824    559
   825    559
   826    559
   827    559
   819    560
   820    560
   821    560
   822    560
   823    560
   824    560
   825    560
   826    560
   827    560
   818    561
   819    561
   820    561
   821    561
   822    561
   823    561
   824    561
   825    561
   826    561
   827    561
   818    562
   819    562
   820    562
   821    562
   822    562
   823    562
   824    562
   825    562
   826    562
   827    562
   818    563
   819    563
   820    563
   821    563
   822    563
   823    563
   824    563
   825    563
   826    563
   827    563
   818    564
   819    564
   820    564
   821    564
   822    564
   823    564
   824    564
   825    564
   826    564
   827    564
   818    565
   819    565
   820    565
   821    565
   822    565
   823    565
   824    565
   825    565
   826    565
   827    565
   818    566
   819    566
   820    566
   821    566
   822    566
   823    566
   824    566
   825    566
   826    566
   827    566
   817    567
   818    567
   819    567
   820    567
   821    567
   822    567
   823    567
   824    567
   825    567
   826    567
   817    568
   818    568
   819    568
   820    568
   821    568
   822    568
   823    568
   824    568
   825    568
   826    568
   817    569
   818    569
   819    569
   820    569
   821    569
   822    569
   823    569
   824    569
   825    569
   826    569
   817    570
   818    570
   819    570
   820    570
   821    570
   822    570
   823    570
   824    570
   825    570
   826    570
   817    571
   818    571
   819    571
   820    571
   821    571
   822    571
   823    571
   824    571
   825    571
   826    571
   816    572
   817    572
   818    572
   819    572
   820    572
   821    572
   822    572
   823    572
   824    572
   825    572
   826    572
   816    573
   817    573
   818    573
   819    573
   820    573
   821    573
   822    573
   823    573
   824    573
   825    573
   826    573
   816    574
   817    574
   818    574
   819    574
   820    574
   821    574
   822    574
   823    574
   824    574
   825    574
   826    574
   816    575
   817    575
   818    575
   819    575
   820    575
   821    575
   822    575
   823    575
   824    575
   825    575
   826    575
   816    576
   817    576
   818    576
   819    576
   820    576
   821    576
   822    576
   823    576
   824    576
   825    576
   826    576
   816    577
   817    577
   818    577
   819    577
   820    577
   821    577
   822    577
   823    577
   824    577
   825    577
   826    577
   816    578
   817    578
   818    578
   819    578
   820    578
   821    578
   822    578
   823    578
   824    578
   825    578
   826    578
   815    579
   816    579
   817    579
   818    579
   819    579
   820    579
   821    579
   822    579
   823    579
   824    579
   825    579
   826    579
   815    580
   816    580
   817    580
   818    580
   819    580
   820    580
   821    580
   822    580
   823    580
   824    580
   825    580
   826    580
   815    581
   816    581
   817    581
   818    581
   819    581
   820    581
   821    581
   822    581
   823    581
   824    581
   825    581
   815    582
   816    582
   817    582
   818    582
   819    582
   820    582
   821    582
   822    582
   823    582
   824    582
   825    582
   815    583
   816    583
   817    583
   818    583
   819    583
   820    583
   821    583
   822    583
   823    583
   824    583
   825    583
   815    584
   816    584
   817    584
   818    584
   819    584
   820    584
   821    584
   822    584
   823    584
   824    584
   825    584
   815    585
   816    585
   817    585
   818    585
   819    585
   820    585
   821    585
   822    585
   823    585
   824    585
   825    585
   815    586
   816    586
   817    586
   818    586
   819    586
   820    586
   821    586
   822    586
   823    586
   824    586
   825    586
   815    587
   816    587
   817    587
   818    587
   819    587
   820    587
   821    587
   822    587
   823    587
   824    587
   825    587
   815    588
   816    588
   817    588
   818    588
   819    588
   820    588
   821    588
   822    588
   823    588
   824    588
   825    588
   815    589
   816    589
   817    589
   818    589
   819    589
   820    589
   821    589
   822    589
   823    589
   824    589
   825    589
   815    590
   816    590
   817    590
   818    590
   819    590
   820    590
   821    590
   822    590
   823    590
   824    590
   825    590
   815    591
   816    591
   817    591
   818    591
   819    591
   820    591
   821    591
   822    591
   823    591
   824    591
   825    591
   815    592
   816    592
   817    592
   818    592
   819    592
   820    592
   821    592
   822    592
   823    592
   824    592
   825    592
   815    593
   816    593
   817    593
   818    593
   819    593
   820    593
   821    593
   822    593
   823    593
   824    593
   825    593
   826    593
   814    594
   815    594
   816    594
   817    594
   818    594
   819    594
   820    594
   821    594
   822    594
   823    594
   824    594
   825    594
   814    595
   815    595
   816    595
   817    595
   818    595
   819    595
   820    595
   821    595
   822    595
   823    595
   824    595
   825    595
   826    595
   814    596
   815    596
   816    596
   817    596
   818    596
   819    596
   820    596
   821    596
   822    596
   823    596
   824    596
   825    596
   826    596
   814    597
   815    597
   816    597
   817    597
   818    597
   819    597
   820    597
   821    597
   822    597
   823    597
   824    597
   825    597
   826    597
   814    598
   815    598
   816    598
   817    598
   818    598
   819    598
   820    598
   821    598
   822    598
   823    598
   824    598
   825    598
   826    598
   813    599
   814    599
   815    599
   816    599
   817    599
   818    599
   819    599
   820    599
   821    599
   822    599
   823    599
   824    599
   825    599
   826    599
   813    600
   814    600
   815    600
   816    600
   817    600
   818    600
   819    600
   820    600
   821    600
   822    600
   823    600
   824    600
   825    600
   826    600
   813    601
   814    601
   815    601
   816    601
   817    601
   818    601
   819    601
   820    601
   821    601
   822    601
   823    601
   824    601
   825    601
   826    601
   813    602
   814    602
   815    602
   816    602
   817    602
   818    602
   819    602
   820    602
   821    602
   822    602
   823    602
   824    602
   825    602
   826    602
   813    603
   814    603
   815    603
   816    603
   817    603
   818    603
   819    603
   820    603
   821    603
   822    603
   823    603
   824    603
   825    603
   826    603
   813    604
   814    604
   815    604
   816    604
   817    604
   818    604
   819    604
   820    604
   821    604
   822    604
   823    604
   824    604
   825    604
   826    604
   813    605
   814    605
   815    605
   816    605
   817    605
   818    605
   819    605
   820    605
   821    605
   822    605
   823    605
   824    605
   825    605
   826    605
   813    606
   814    606
   815    606
   816    606
   817    606
   818    606
   819    606
   820    606
   821    606
   822    606
   823    606
   824    606
   825    606
   812    607
   813    607
   814    607
   815    607
   816    607
   817    607
   818    607
   819    607
   820    607
   821    607
   822    607
   823    607
   824    607
   825    607
   812    608
   813    608
   814    608
   815    608
   816    608
   817    608
   818    608
   819    608
   820    608
   821    608
   822    608
   823    608
   824    608
   825    608
   812    609
   813    609
   814    609
   815    609
   816    609
   817    609
   818    609
   819    609
   820    609
   821    609
   822    609
   823    609
   824    609
   825    609
   812    610
   813    610
   814    610
   815    610
   816    610
   817    610
   818    610
   819    610
   820    610
   821    610
   822    610
   823    610
   824    610
   825    610
   812    611
   813    611
   814    611
   815    611
   816    611
   817    611
   818    611
   819    611
   820    611
   821    611
   822    611
   823    611
   824    611
   825    611
   812    612
   813    612
   814    612
   815    612
   816    612
   817    612
   818    612
   819    612
   820    612
   821    612
   822    612
   823    612
   824    612
   825    612
   811    613
   812    613
   813    613
   814    613
   815    613
   816    613
   817    613
   818    613
   819    613
   820    613
   821    613
   822    613
   823    613
   824    613
   825    613
   811    614
   812    614
   813    614
   814    614
   815    614
   816    614
   817    614
   818    614
   819    614
   820    614
   821    614
   822    614
   823    614
   824    614
   825    614
   811    615
   812    615
   813    615
   814    615
   815    615
   816    615
   817    615
   818    615
   819    615
   820    615
   821    615
   822    615
   823    615
   824    615
   811    616
   812    616
   813    616
   814    616
   815    616
   816    616
   817    616
   818    616
   819    616
   820    616
   821    616
   822    616
   823    616
   824    616
   811    617
   812    617
   813    617
   814    617
   815    617
   816    617
   817    617
   818    617
   819    617
   820    617
   821    617
   822    617
   823    617
   824    617
   811    618
   812    618
   813    618
   814    618
   815    618
   816    618
   817    618
   818    618
   819    618
   820    618
   821    618
   822    618
   823    618
   810    619
   811    619
   812    619
   813    619
   814    619
   815    619
   816    619
   817    619
   818    619
   819    619
   820    619
   821    619
   822    619
   823    619
   810    620
   811    620
   812    620
   813    620
   814    620
   815    620
   816    620
   817    620
   818    620
   819    620
   820    620
   821    620
   822    620
   823    620
   810    621
   811    621
   812    621
   813    621
   814    621
   815    621
   816    621
   817    621
   818    621
   819    621
   820    621
   821    621
   822    621
   823    621
   810    622
   811    622
   812    622
   813    622
   814    622
   815    622
   816    622
   817    622
   818    622
   819    622
   820    622
   821    622
   822    622
   823    622
   810    623
   811    623
   812    623
   813    623
   814    623
   815    623
   816    623
   817    623
   818    623
   819    623
   820    623
   821    623
   822    623
   823    623
   810    624
   811    624
   812    624
   813    624
   814    624
   815    624
   816    624
   817    624
   818    624
   819    624
   820    624
   821    624
   822    624
   809    625
   810    625
   811    625
   812    625
   813    625
   814    625
   815    625
   816    625
   817    625
   818    625
   819    625
   820    625
   821    625
   822    625
   809    626
   810    626
   811    626
   812    626
   813    626
   814    626
   815    626
   816    626
   817    626
   818    626
   819    626
   820    626
   821    626
   822    626
   808    627
   809    627
   810    627
   811    627
   812    627
   813    627
   814    627
   815    627
   816    627
   817    627
   818    627
   819    627
   820    627
   821    627
   822    627
   808    628
   809    628
   810    628
   811    628
   812    628
   813    628
   814    628
   815    628
   816    628
   817    628
   818    628
   819    628
   820    628
   821    628
   822    628
   808    629
   809    629
   810    629
   811    629
   812    629
   813    629
   814    629
   815    629
   816    629
   817    629
   818    629
   819    629
   820    629
   821    629
   822    629
   808    630
   809    630
   810    630
   811    630
   812    630
   813    630
   814    630
   815    630
   816    630
   817    630
   818    630
   819    630
   820    630
   821    630
   822    630
   808    631
   809    631
   810    631
   811    631
   812    631
   813    631
   814    631
   815    631
   816    631
   817    631
   818    631
   819    631
   820    631
   821    631
   822    631
   808    632
   809    632
   810    632
   811    632
   812    632
   813    632
   814    632
   815    632
   816    632
   817    632
   818    632
   819    632
   820    632
   821    632
   807    633
   808    633
   809    633
   810    633
   811    633
   812    633
   813    633
   814    633
   815    633
   816    633
   817    633
   818    633
   819    633
   820    633
   821    633
   807    634
   808    634
   809    634
   810    634
   811    634
   812    634
   813    634
   814    634
   815    634
   816    634
   817    634
   818    634
   819    634
   820    634
   821    634
   806    635
   807    635
   808    635
   809    635
   810    635
   811    635
   812    635
   813    635
   814    635
   815    635
   816    635
   817    635
   818    635
   819    635
   820    635
   821    635
   806    636
   807    636
   808    636
   809    636
   810    636
   811    636
   812    636
   813    636
   814    636
   815    636
   816    636
   817    636
   818    636
   819    636
   820    636
   821    636
   807    637
   808    637
   809    637
   810    637
   811    637
   812    637
   813    637
   814    637
   815    637
   816    637
   817    637
   818    637
   819    637
   820    637
   821    637
   806    638
   807    638
   808    638
   809    638
   810    638
   811    638
   812    638
   813    638
   814    638
   815    638
   816    638
   817    638
   818    638
   819    638
   820    638
   821    638
   806    639
   807    639
   808    639
   809    639
   810    639
   811    639
   812    639
   813    639
   814    639
   815    639
   816    639
   817    639
   818    639
   819    639
   820    639
   806    640
   807    640
   808    640
   809    640
   810    640
   811    640
   812    640
   813    640
   814    640
   815    640
   816    640
   817    640
   818    640
   819    640
   820    640
   805    641
   806    641
   807    641
   808    641
   809    641
   810    641
   811    641
   812    641
   813    641
   814    641
   815    641
   816    641
   817    641
   818    641
   819    641
   820    641
   805    642
   806    642
   807    642
   808    642
   809    642
   810    642
   811    642
   812    642
   813    642
   814    642
   815    642
   816    642
   817    642
   818    642
   819    642
   820    642
   805    643
   806    643
   807    643
   808    643
   809    643
   810    643
   811    643
   812    643
   813    643
   814    643
   815    643
   816    643
   817    643
   818    643
   819    643
   820    643
   805    644
   806    644
   807    644
   808    644
   809    644
   810    644
   811    644
   812    644
   813    644
   814    644
   815    644
   816    644
   817    644
   818    644
   819    644
   820    644
   805    645
   806    645
   807    645
   808    645
   809    645
   810    645
   811    645
   812    645
   813    645
   814    645
   815    645
   816    645
   817    645
   818    645
   819    645
   820    645
   805    646
   806    646
   807    646
   808    646
   809    646
   810    646
   811    646
   812    646
   813    646
   814    646
   815    646
   816    646
   817    646
   818    646
   819    646
   820    646
   804    647
   805    647
   806    647
   807    647
   808    647
   809    647
   810    647
   811    647
   812    647
   813    647
   814    647
   815    647
   816    647
   817    647
   818    647
   819    647
   820    647
   804    648
   805    648
   806    648
   807    648
   808    648
   809    648
   810    648
   811    648
   812    648
   813    648
   814    648
   815    648
   816    648
   817    648
   818    648
   819    648
   804    649
   805    649
   806    649
   807    649
   808    649
   809    649
   810    649
   811    649
   812    649
   813    649
   814    649
   815    649
   816    649
   817    649
   818    649
   819    649
   804    650
   805    650
   806    650
   807    650
   808    650
   809    650
   810    650
   811    650
   812    650
   813    650
   814    650
   815    650
   816    650
   817    650
   818    650
   819    650
   804    651
   805    651
   806    651
   807    651
   808    651
   809    651
   810    651
   811    651
   812    651
   813    651
   814    651
   815    651
   816    651
   817    651
   818    651
   819    651
   803    652
   804    652
   805    652
   806    652
   807    652
   808    652
   809    652
   810    652
   811    652
   812    652
   813    652
   814    652
   815    652
   816    652
   817    652
   818    652
   819    652
   803    653
   804    653
   805    653
   806    653
   807    653
   808    653
   809    653
   810    653
   811    653
   812    653
   813    653
   814    653
   815    653
   816    653
   817    653
   818    653
   819    653
   803    654
   804    654
   805    654
   806    654
   807    654
   808    654
   809    654
   810    654
   811    654
   812    654
   813    654
   814    654
   815    654
   816    654
   817    654
   818    654
   819    654
   803    655
   804    655
   805    655
   806    655
   807    655
   808    655
   809    655
   810    655
   811    655
   812    655
   813    655
   814    655
   815    655
   816    655
   817    655
   818    655
   819    655
   803    656
   804    656
   805    656
   806    656
   807    656
   808    656
   809    656
   810    656
   811    656
   812    656
   813    656
   814    656
   815    656
   816    656
   817    656
   818    656
   819    656
   803    657
   804    657
   805    657
   806    657
   807    657
   808    657
   809    657
   810    657
   811    657
   812    657
   813    657
   814    657
   815    657
   816    657
   817    657
   818    657
   802    658
   803    658
   804    658
   805    658
   806    658
   807    658
   808    658
   809    658
   810    658
   811    658
   812    658
   813    658
   814    658
   815    658
   816    658
   817    658
   818    658
   802    659
   803    659
   804    659
   805    659
   806    659
   807    659
   808    659
   809    659
   810    659
   811    659
   812    659
   813    659
   814    659
   815    659
   816    659
   817    659
   818    659
   802    660
   803    660
   804    660
   805    660
   806    660
   807    660
   808    660
   809    660
   810    660
   811    660
   812    660
   813    660
   814    660
   815    660
   816    660
   817    660
   818    660
   801    661
   802    661
   803    661
   804    661
   805    661
   806    661
   807    661
   808    661
   809    661
   810    661
   811    661
   812    661
   813    661
   814    661
   815    661
   816    661
   817    661
   818    661
   802    662
   803    662
   804    662
   805    662
   806    662
   807    662
   808    662
   809    662
   810    662
   811    662
   812    662
   813    662
   814    662
   815    662
   816    662
   817    662
   818    662
   802    663
   803    663
   804    663
   805    663
   806    663
   807    663
   808    663
   809    663
   810    663
   811    663
   812    663
   813    663
   814    663
   815    663
   816    663
   817    663
   802    664
   803    664
   804    664
   805    664
   806    664
   807    664
   808    664
   809    664
   810    664
   811    664
   812    664
   813    664
   814    664
   815    664
   816    664
   817    664
   801    665
   802    665
   803    665
   804    665
   805    665
   806    665
   807    665
   808    665
   809    665
   810    665
   811    665
   812    665
   813    665
   814    665
   815    665
   816    665
   817    665
   801    666
   802    666
   803    666
   804    666
   805    666
   806    666
   807    666
   808    666
   809    666
   810    666
   811    666
   812    666
   813    666
   814    666
   815    666
   816    666
   817    666
   801    667
   802    667
   803    667
   804    667
   805    667
   806    667
   807    667
   808    667
   809    667
   810    667
   811    667
   812    667
   813    667
   814    667
   815    667
   816    667
   817    667
   801    668
   802    668
   803    668
   804    668
   805    668
   806    668
   807    668
   808    668
   809    668
   810    668
   811    668
   812    668
   813    668
   814    668
   815    668
   816    668
   817    668
   801    669
   802    669
   803    669
   804    669
   805    669
   806    669
   807    669
   808    669
   809    669
   810    669
   811    669
   812    669
   813    669
   814    669
   815    669
   816    669
   817    669
   801    670
   802    670
   803    670
   804    670
   805    670
   806    670
   807    670
   808    670
   809    670
   810    670
   811    670
   812    670
   813    670
   814    670
   815    670
   816    670
   817    670
   804    672
   805    672
   806    672
   807    672
   808    672
   809    672
   810    672
   811    672
   812    672
   813    672
   814    672
   815    672
   816    672
   809    673
   810    673
   811    673
   812    673
   813    673
   814    673
