   934    546
   935    546
   936    546
   937    546
   938    546
   939    546
   933    547
   934    547
   935    547
   936    547
   937    547
   938    547
   939    547
   933    548
   934    548
   935    548
   936    548
   937    548
   938    548
   939    548
   933    549
   934    549
   935    549
   936    549
   937    549
   938    549
   939    549
   933    550
   934    550
   935    550
   936    550
   937    550
   938    550
   933    551
   934    551
   935    551
   936    551
   937    551
   938    551
   939    551
   932    552
   933    552
   934    552
   935    552
   936    552
   937    552
   938    552
   939    552
   932    553
   933    553
   934    553
   935    553
   936    553
   937    553
   938    553
   939    553
   932    554
   933    554
   934    554
   935    554
   936    554
   937    554
   938    554
   939    554
   932    555
   933    555
   934    555
   935    555
   936    555
   937    555
   938    555
   939    555
   932    556
   933    556
   934    556
   935    556
   936    556
   937    556
   938    556
   939    556
   932    557
   933    557
   934    557
   935    557
   936    557
   937    557
   938    557
   931    558
   932    558
   933    558
   934    558
   935    558
   936    558
   937    558
   938    558
   931    559
   932    559
   933    559
   934    559
   935    559
   936    559
   937    559
   938    559
   931    560
   932    560
   933    560
   934    560
   935    560
   936    560
   937    560
   938    560
   931    561
   932    561
   933    561
   934    561
   935    561
   936    561
   937    561
   938    561
   931    562
   932    562
   933    562
   934    562
   935    562
   936    562
   937    562
   938    562
   931    563
   932    563
   933    563
   934    563
   935    563
   936    563
   937    563
   938    563
   939    563
   931    564
   932    564
   933    564
   934    564
   935    564
   936    564
   937    564
   938    564
   931    565
   932    565
   933    565
   934    565
   935    565
   936    565
   937    565
   938    565
   931    566
   932    566
   933    566
   934    566
   935    566
   936    566
   937    566
   938    566
   930    567
   931    567
   932    567
   933    567
   934    567
   935    567
   936    567
   937    567
   938    567
   939    567
   930    568
   931    568
   932    568
   933    568
   934    568
   935    568
   936    568
   937    568
   938    568
   930    569
   931    569
   932    569
   933    569
   934    569
   935    569
   936    569
   937    569
   938    569
   930    570
   931    570
   932    570
   933    570
   934    570
   935    570
   936    570
   937    570
   938    570
   930    571
   931    571
   932    571
   933    571
   934    571
   935    571
   936    571
   937    571
   938    571
   929    572
   930    572
   931    572
   932    572
   933    572
   934    572
   935    572
   936    572
   937    572
   938    572
   929    573
   930    573
   931    573
   932    573
   933    573
   934    573
   935    573
   936    573
   937    573
   929    574
   930    574
   931    574
   932    574
   933    574
   934    574
   935    574
   936    574
   937    574
   929    575
   930    575
   931    575
   932    575
   933    575
   934    575
   935    575
   936    575
   937    575
   929    576
   930    576
   931    576
   932    576
   933    576
   934    576
   935    576
   936    576
   937    576
   928    577
   929    577
   930    577
   931    577
   932    577
   933    577
   934    577
   935    577
   936    577
   937    577
   927    578
   928    578
   929    578
   930    578
   931    578
   932    578
   933    578
   934    578
   935    578
   936    578
   937    578
   927    579
   928    579
   929    579
   930    579
   931    579
   932    579
   933    579
   934    579
   935    579
   936    579
   937    579
   927    580
   928    580
   929    580
   930    580
   931    580
   932    580
   933    580
   934    580
   935    580
   936    580
   937    580
   927    581
   928    581
   929    581
   930    581
   931    581
   932    581
   933    581
   934    581
   935    581
   936    581
   927    582
   928    582
   929    582
   930    582
   931    582
   932    582
   933    582
   934    582
   935    582
   936    582
   927    583
   928    583
   929    583
   930    583
   931    583
   932    583
   933    583
   934    583
   935    583
   936    583
   926    584
   927    584
   928    584
   929    584
   930    584
   931    584
   932    584
   933    584
   934    584
   935    584
   936    584
   926    585
   927    585
   928    585
   929    585
   930    585
   931    585
   932    585
   933    585
   934    585
   935    585
   926    586
   927    586
   928    586
   929    586
   930    586
   931    586
   932    586
   933    586
   934    586
   935    586
   936    586
   926    587
   927    587
   928    587
   929    587
   930    587
   931    587
   932    587
   933    587
   934    587
   935    587
   936    587
   926    588
   927    588
   928    588
   929    588
   930    588
   931    588
   932    588
   933    588
   934    588
   935    588
   936    588
   926    589
   927    589
   928    589
   929    589
   930    589
   931    589
   932    589
   933    589
   934    589
   935    589
   936    589
   926    590
   927    590
   928    590
   929    590
   930    590
   931    590
   932    590
   933    590
   934    590
   935    590
   936    590
   926    591
   927    591
   928    591
   929    591
   930    591
   931    591
   932    591
   933    591
   934    591
   935    591
   936    591
   925    592
   926    592
   927    592
   928    592
   929    592
   930    592
   931    592
   932    592
   933    592
   934    592
   935    592
   925    593
   926    593
   927    593
   928    593
   929    593
   930    593
   931    593
   932    593
   933    593
   934    593
   935    593
   925    594
   926    594
   927    594
   928    594
   929    594
   930    594
   931    594
   932    594
   933    594
   934    594
   935    594
   925    595
   926    595
   927    595
   928    595
   929    595
   930    595
   931    595
   932    595
   933    595
   934    595
   935    595
   925    596
   926    596
   927    596
   928    596
   929    596
   930    596
   931    596
   932    596
   933    596
   934    596
   935    596
   925    597
   926    597
   927    597
   928    597
   929    597
   930    597
   931    597
   932    597
   933    597
   934    597
   935    597
   924    598
   925    598
   926    598
   927    598
   928    598
   929    598
   930    598
   931    598
   932    598
   933    598
   934    598
   935    598
   925    599
   926    599
   927    599
   928    599
   929    599
   930    599
   931    599
   932    599
   933    599
   934    599
   935    599
   925    600
   926    600
   927    600
   928    600
   929    600
   930    600
   931    600
   932    600
   933    600
   934    600
   935    600
   924    601
   925    601
   926    601
   927    601
   928    601
   929    601
   930    601
   931    601
   932    601
   933    601
   934    601
   935    601
   924    602
   925    602
   926    602
   927    602
   928    602
   929    602
   930    602
   931    602
   932    602
   933    602
   934    602
   935    602
   924    603
   925    603
   926    603
   927    603
   928    603
   929    603
   930    603
   931    603
   932    603
   933    603
   934    603
   935    603
   924    604
   925    604
   926    604
   927    604
   928    604
   929    604
   930    604
   931    604
   932    604
   933    604
   934    604
   935    604
   924    605
   925    605
   926    605
   927    605
   928    605
   929    605
   930    605
   931    605
   932    605
   933    605
   934    605
   935    605
   923    606
   924    606
   925    606
   926    606
   927    606
   928    606
   929    606
   930    606
   931    606
   932    606
   933    606
   934    606
   923    607
   924    607
   925    607
   926    607
   927    607
   928    607
   929    607
   930    607
   931    607
   932    607
   933    607
   934    607
   935    607
   923    608
   924    608
   925    608
   926    608
   927    608
   928    608
   929    608
   930    608
   931    608
   932    608
   933    608
   934    608
   935    608
   924    609
   925    609
   926    609
   927    609
   928    609
   929    609
   930    609
   931    609
   932    609
   933    609
   934    609
   923    610
   924    610
   925    610
   926    610
   927    610
   928    610
   929    610
   930    610
   931    610
   932    610
   933    610
   934    610
   935    610
   923    611
   924    611
   925    611
   926    611
   927    611
   928    611
   929    611
   930    611
   931    611
   932    611
   933    611
   934    611
   935    611
   923    612
   924    612
   925    612
   926    612
   927    612
   928    612
   929    612
   930    612
   931    612
   932    612
   933    612
   934    612
   923    613
   924    613
   925    613
   926    613
   927    613
   928    613
   929    613
   930    613
   931    613
   932    613
   933    613
   934    613
   935    613
   923    614
   924    614
   925    614
   926    614
   927    614
   928    614
   929    614
   930    614
   931    614
   932    614
   933    614
   934    614
   935    614
   922    615
   923    615
   924    615
   925    615
   926    615
   927    615
   928    615
   929    615
   930    615
   931    615
   932    615
   933    615
   934    615
   923    616
   924    616
   925    616
   926    616
   927    616
   928    616
   929    616
   930    616
   931    616
   932    616
   933    616
   934    616
   923    617
   924    617
   925    617
   926    617
   927    617
   928    617
   929    617
   930    617
   931    617
   932    617
   933    617
   934    617
   935    617
   922    618
   923    618
   924    618
   925    618
   926    618
   927    618
   928    618
   929    618
   930    618
   931    618
   932    618
   933    618
   934    618
   922    619
   923    619
   924    619
   925    619
   926    619
   927    619
   928    619
   929    619
   930    619
   931    619
   932    619
   933    619
   934    619
   922    620
   923    620
   924    620
   925    620
   926    620
   927    620
   928    620
   929    620
   930    620
   931    620
   932    620
   933    620
   934    620
   935    620
   922    621
   923    621
   924    621
   925    621
   926    621
   927    621
   928    621
   929    621
   930    621
   931    621
   932    621
   933    621
   934    621
   922    622
   923    622
   924    622
   925    622
   926    622
   927    622
   928    622
   929    622
   930    622
   931    622
   932    622
   933    622
   934    622
   921    623
   922    623
   923    623
   924    623
   925    623
   926    623
   927    623
   928    623
   929    623
   930    623
   931    623
   932    623
   933    623
   934    623
   935    623
   921    624
   922    624
   923    624
   924    624
   925    624
   926    624
   927    624
   928    624
   929    624
   930    624
   931    624
   932    624
   933    624
   934    624
   922    625
   923    625
   924    625
   925    625
   926    625
   927    625
   928    625
   929    625
   930    625
   931    625
   932    625
   933    625
   934    625
   921    626
   922    626
   923    626
   924    626
   925    626
   926    626
   927    626
   928    626
   929    626
   930    626
   931    626
   932    626
   933    626
   934    626
   921    627
   922    627
   923    627
   924    627
   925    627
   926    627
   927    627
   928    627
   929    627
   930    627
   931    627
   932    627
   933    627
   934    627
   921    628
   922    628
   923    628
   924    628
   925    628
   926    628
   927    628
   928    628
   929    628
   930    628
   931    628
   932    628
   933    628
   934    628
   921    629
   922    629
   923    629
   924    629
   925    629
   926    629
   927    629
   928    629
   929    629
   930    629
   931    629
   932    629
   933    629
   934    629
   935    629
   921    630
   922    630
   923    630
   924    630
   925    630
   926    630
   927    630
   928    630
   929    630
   930    630
   931    630
   932    630
   933    630
   934    630
   921    631
   922    631
   923    631
   924    631
   925    631
   926    631
   927    631
   928    631
   929    631
   930    631
   931    631
   932    631
   933    631
   934    631
   921    632
   922    632
   923    632
   924    632
   925    632
   926    632
   927    632
   928    632
   929    632
   930    632
   931    632
   932    632
   933    632
   934    632
   935    632
   921    633
   922    633
   923    633
   924    633
   925    633
   926    633
   927    633
   928    633
   929    633
   930    633
   931    633
   932    633
   933    633
   934    633
   921    634
   922    634
   923    634
   924    634
   925    634
   926    634
   927    634
   928    634
   929    634
   930    634
   931    634
   932    634
   933    634
   934    634
   920    635
   921    635
   922    635
   923    635
   924    635
   925    635
   926    635
   927    635
   928    635
   929    635
   930    635
   931    635
   932    635
   933    635
   934    635
   920    636
   921    636
   922    636
   923    636
   924    636
   925    636
   926    636
   927    636
   928    636
   929    636
   930    636
   931    636
   932    636
   933    636
   934    636
   920    637
   921    637
   922    637
   923    637
   924    637
   925    637
   926    637
   927    637
   928    637
   929    637
   930    637
   931    637
   932    637
   933    637
   934    637
   920    638
   921    638
   922    638
   923    638
   924    638
   925    638
   926    638
   927    638
   928    638
   929    638
   930    638
   931    638
   932    638
   933    638
   934    638
   920    639
   921    639
   922    639
   923    639
   924    639
   925    639
   926    639
   927    639
   928    639
   929    639
   930    639
   931    639
   932    639
   933    639
   934    639
   920    640
   921    640
   922    640
   923    640
   924    640
   925    640
   926    640
   927    640
   928    640
   929    640
   930    640
   931    640
   932    640
   933    640
   934    640
   920    641
   921    641
   922    641
   923    641
   924    641
   925    641
   926    641
   927    641
   928    641
   929    641
   930    641
   931    641
   932    641
   933    641
   934    641
   920    642
   921    642
   922    642
   923    642
   924    642
   925    642
   926    642
   927    642
   928    642
   929    642
   930    642
   931    642
   932    642
   933    642
   934    642
   919    643
   920    643
   921    643
   922    643
   923    643
   924    643
   925    643
   926    643
   927    643
   928    643
   929    643
   930    643
   931    643
   932    643
   933    643
   934    643
   920    644
   921    644
   922    644
   923    644
   924    644
   925    644
   926    644
   927    644
   928    644
   929    644
   930    644
   931    644
   932    644
   933    644
   934    644
   920    645
   921    645
   922    645
   923    645
   924    645
   925    645
   926    645
   927    645
   928    645
   929    645
   930    645
   931    645
   932    645
   933    645
   934    645
   919    646
   920    646
   921    646
   922    646
   923    646
   924    646
   925    646
   926    646
   927    646
   928    646
   929    646
   930    646
   931    646
   932    646
   933    646
   934    646
   919    647
   920    647
   921    647
   922    647
   923    647
   924    647
   925    647
   926    647
   927    647
   928    647
   929    647
   930    647
   931    647
   932    647
   933    647
   934    647
   919    648
   920    648
   921    648
   922    648
   923    648
   924    648
   925    648
   926    648
   927    648
   928    648
   929    648
   930    648
   931    648
   932    648
   933    648
   934    648
   919    649
   920    649
   921    649
   922    649
   923    649
   924    649
   925    649
   926    649
   927    649
   928    649
   929    649
   930    649
   931    649
   932    649
   933    649
   934    649
   919    650
   920    650
   921    650
   922    650
   923    650
   924    650
   925    650
   926    650
   927    650
   928    650
   929    650
   930    650
   931    650
   932    650
   933    650
   919    651
   920    651
   921    651
   922    651
   923    651
   924    651
   925    651
   926    651
   927    651
   928    651
   929    651
   930    651
   931    651
   932    651
   933    651
   919    652
   920    652
   921    652
   922    652
   923    652
   924    652
   925    652
   926    652
   927    652
   928    652
   929    652
   930    652
   931    652
   932    652
   933    652
   934    652
   919    653
   920    653
   921    653
   922    653
   923    653
   924    653
   925    653
   926    653
   927    653
   928    653
   929    653
   930    653
   931    653
   932    653
   933    653
   918    654
   919    654
   920    654
   921    654
   922    654
   923    654
   924    654
   925    654
   926    654
   927    654
   928    654
   929    654
   930    654
   931    654
   932    654
   933    654
   918    655
   919    655
   920    655
   921    655
   922    655
   923    655
   924    655
   925    655
   926    655
   927    655
   928    655
   929    655
   930    655
   931    655
   932    655
   933    655
   934    655
   918    656
   919    656
   920    656
   921    656
   922    656
   923    656
   924    656
   925    656
   926    656
   927    656
   928    656
   929    656
   930    656
   931    656
   932    656
   933    656
   918    657
   919    657
   920    657
   921    657
   922    657
   923    657
   924    657
   925    657
   926    657
   927    657
   928    657
   929    657
   930    657
   931    657
   932    657
   933    657
   934    657
   918    658
   919    658
   920    658
   921    658
   922    658
   923    658
   924    658
   925    658
   926    658
   927    658
   928    658
   929    658
   930    658
   931    658
   932    658
   933    658
   917    659
   918    659
   919    659
   920    659
   921    659
   922    659
   923    659
   924    659
   925    659
   926    659
   927    659
   928    659
   929    659
   930    659
   931    659
   932    659
   933    659
   917    660
   918    660
   919    660
   920    660
   921    660
   922    660
   923    660
   924    660
   925    660
   926    660
   927    660
   928    660
   929    660
   930    660
   931    660
   932    660
   933    660
   918    661
   919    661
   920    661
   921    661
   922    661
   923    661
   924    661
   925    661
   926    661
   927    661
   928    661
   929    661
   930    661
   931    661
   932    661
   933    661
   917    662
   918    662
   919    662
   920    662
   921    662
   922    662
   923    662
   924    662
   925    662
   926    662
   927    662
   928    662
   929    662
   930    662
   931    662
   932    662
   933    662
   917    663
   918    663
   919    663
   920    663
   921    663
   922    663
   923    663
   924    663
   925    663
   926    663
   927    663
   928    663
   929    663
   930    663
   931    663
   932    663
   933    663
   917    664
   918    664
   919    664
   920    664
   921    664
   922    664
   923    664
   924    664
   925    664
   926    664
   927    664
   928    664
   929    664
   930    664
   931    664
   932    664
   933    664
   917    665
   918    665
   919    665
   920    665
   921    665
   922    665
   923    665
   924    665
   925    665
   926    665
   927    665
   928    665
   929    665
   930    665
   931    665
   932    665
   933    665
   916    666
   917    666
   918    666
   919    666
   920    666
   921    666
   922    666
   923    666
   924    666
   925    666
   926    666
   927    666
   928    666
   929    666
   930    666
   931    666
   932    666
   933    666
   916    667
   917    667
   918    667
   919    667
   920    667
   921    667
   922    667
   923    667
   924    667
   925    667
   926    667
   927    667
   928    667
   929    667
   930    667
   931    667
   932    667
   916    668
   917    668
   918    668
   919    668
   920    668
   921    668
   922    668
   923    668
   924    668
   925    668
   926    668
   927    668
   928    668
   929    668
   930    668
   931    668
   932    668
   933    668
   916    669
   917    669
   918    669
   919    669
   920    669
   921    669
   922    669
   923    669
   924    669
   925    669
   926    669
   927    669
   928    669
   929    669
   930    669
   931    669
   932    669
   933    669
   916    670
   917    670
   918    670
   919    670
   920    670
   921    670
   922    670
   923    670
   924    670
   925    670
   926    670
   927    670
   928    670
   929    670
   930    670
   931    670
   932    670
   915    671
   916    671
   917    671
   918    671
   919    671
   920    671
   921    671
   922    671
   923    671
   924    671
   925    671
   926    671
   927    671
   928    671
   929    671
   930    671
   931    671
   932    671
   933    671
   915    672
   916    672
   917    672
   918    672
   919    672
   920    672
   921    672
   922    672
   923    672
   924    672
   925    672
   926    672
   927    672
   928    672
   929    672
   930    672
   931    672
   932    672
   916    673
   917    673
   918    673
   919    673
   920    673
   921    673
   922    673
   923    673
   924    673
   925    673
   926    673
   927    673
   928    673
   929    673
   930    673
   931    673
   932    673
   915    674
   916    674
   917    674
   918    674
   919    674
   920    674
   921    674
   922    674
   923    674
   924    674
   925    674
   926    674
   927    674
   928    674
   929    674
   930    674
   931    674
   932    674
   933    674
   917    675
   918    675
   919    675
   923    675
   924    675
   925    675
   926    675
   927    675
   928    675
   929    675
   916    676
   917    676
   918    676
   919    676
   920    676
   921    676
   922    676
   923    676
   924    676
   925    676
   926    676
   927    676
   928    676
   929    676
   930    676
   931    676
   932    676
