   863    569
   864    569
   865    569
   864    570
   865    570
   866    570
   867    570
   864    571
   865    571
   866    571
   863    572
   864    572
   865    572
   866    572
   862    573
   863    573
   864    573
   865    573
   866    573
   862    574
   863    574
   864    574
   865    574
   866    574
   867    574
   863    575
   864    575
   865    575
   866    575
   862    576
   863    576
   864    576
   865    576
   866    576
   862    577
   863    577
   864    577
   865    577
   866    577
   862    578
   863    578
   864    578
   865    578
   866    578
   862    579
   863    579
   864    579
   865    579
   866    579
   861    580
   862    580
   863    580
   864    580
   865    580
   866    580
   861    581
   862    581
   863    581
   864    581
   865    581
   866    581
   861    582
   862    582
   863    582
   864    582
   865    582
   866    582
   861    583
   862    583
   863    583
   864    583
   865    583
   866    583
   861    584
   862    584
   863    584
   864    584
   865    584
   866    584
   861    585
   862    585
   863    585
   864    585
   865    585
   866    585
   861    586
   862    586
   863    586
   864    586
   865    586
   866    586
   861    587
   862    587
   863    587
   864    587
   865    587
   866    587
   867    587
   861    588
   862    588
   863    588
   864    588
   865    588
   866    588
   867    588
   861    589
   862    589
   863    589
   864    589
   865    589
   866    589
   867    589
   861    590
   862    590
   863    590
   864    590
   865    590
   866    590
   861    591
   862    591
   863    591
   864    591
   865    591
   866    591
   860    592
   861    592
   862    592
   863    592
   864    592
   865    592
   866    592
   860    593
   861    593
   862    593
   863    593
   864    593
   865    593
   866    593
   860    594
   861    594
   862    594
   863    594
   864    594
   865    594
   866    594
   860    595
   861    595
   862    595
   863    595
   864    595
   865    595
   866    595
   860    596
   861    596
   862    596
   863    596
   864    596
   865    596
   866    596
   860    597
   861    597
   862    597
   863    597
   864    597
   865    597
   866    597
   860    598
   861    598
   862    598
   863    598
   864    598
   865    598
   866    598
   860    599
   861    599
   862    599
   863    599
   864    599
   865    599
   866    599
   861    600
   862    600
   863    600
   864    600
   865    600
   866    600
   867    600
   860    601
   861    601
   862    601
   863    601
   864    601
   865    601
   866    601
   867    601
   860    602
   861    602
   862    602
   863    602
   864    602
   865    602
   866    602
   867    602
   860    603
   861    603
   862    603
   863    603
   864    603
   865    603
   866    603
   867    603
   860    604
   861    604
   862    604
   863    604
   864    604
   865    604
   866    604
   867    604
   860    605
   861    605
   862    605
   863    605
   864    605
   865    605
   866    605
   867    605
   861    606
   862    606
   863    606
   864    606
   865    606
   866    606
   867    606
   868    606
   861    607
   862    607
   863    607
   864    607
   865    607
   866    607
   867    607
   868    607
   860    608
   861    608
   862    608
   863    608
   864    608
   865    608
   866    608
   867    608
   868    608
   860    609
   861    609
   862    609
   863    609
   864    609
   865    609
   866    609
   867    609
   860    610
   861    610
   862    610
   863    610
   864    610
   865    610
   866    610
   867    610
   859    611
   860    611
   861    611
   862    611
   863    611
   864    611
   865    611
   866    611
   867    611
   859    612
   860    612
   861    612
   862    612
   863    612
   864    612
   865    612
   866    612
   867    612
   859    613
   860    613
   861    613
   862    613
   863    613
   864    613
   865    613
   866    613
   858    614
   859    614
   860    614
   861    614
   862    614
   863    614
   864    614
   865    614
   866    614
   858    615
   859    615
   860    615
   861    615
   862    615
   863    615
   864    615
   865    615
   866    615
   858    616
   859    616
   860    616
   861    616
   862    616
   863    616
   864    616
   865    616
   866    616
   857    617
   858    617
   859    617
   860    617
   861    617
   862    617
   863    617
   864    617
   865    617
   866    617
   857    618
   858    618
   859    618
   860    618
   861    618
   862    618
   863    618
   864    618
   865    618
   866    618
   857    619
   858    619
   859    619
   860    619
   861    619
   862    619
   863    619
   864    619
   865    619
   866    619
   857    620
   858    620
   859    620
   860    620
   861    620
   862    620
   863    620
   864    620
   865    620
   866    620
   856    621
   857    621
   858    621
   859    621
   860    621
   861    621
   862    621
   863    621
   864    621
   865    621
   866    621
   856    622
   857    622
   858    622
   859    622
   860    622
   861    622
   862    622
   863    622
   864    622
   865    622
   866    622
   856    623
   857    623
   858    623
   859    623
   860    623
   861    623
   862    623
   863    623
   864    623
   865    623
   856    624
   857    624
   858    624
   859    624
   860    624
   861    624
   862    624
   863    624
   864    624
   865    624
   856    625
   857    625
   858    625
   859    625
   860    625
   861    625
   862    625
   863    625
   864    625
   865    625
   856    626
   857    626
   858    626
   859    626
   860    626
   861    626
   862    626
   863    626
   864    626
   865    626
   856    627
   857    627
   858    627
   859    627
   860    627
   861    627
   862    627
   863    627
   864    627
   865    627
   856    628
   857    628
   858    628
   859    628
   860    628
   861    628
   862    628
   863    628
   864    628
   865    628
   856    629
   857    629
   858    629
   859    629
   860    629
   861    629
   862    629
   863    629
   864    629
   865    629
   856    630
   857    630
   858    630
   859    630
   860    630
   861    630
   862    630
   863    630
   864    630
   865    630
   856    631
   857    631
   858    631
   859    631
   860    631
   861    631
   862    631
   863    631
   864    631
   865    631
   856    632
   857    632
   858    632
   859    632
   860    632
   861    632
   862    632
   863    632
   864    632
   865    632
   856    633
   857    633
   858    633
   859    633
   860    633
   861    633
   862    633
   863    633
   864    633
   865    633
   866    633
   856    634
   857    634
   858    634
   859    634
   860    634
   861    634
   862    634
   863    634
   864    634
   865    634
   866    634
   856    635
   857    635
   858    635
   859    635
   860    635
   861    635
   862    635
   863    635
   864    635
   865    635
   866    635
   856    636
   857    636
   858    636
   859    636
   860    636
   861    636
   862    636
   863    636
   864    636
   865    636
   856    637
   857    637
   858    637
   859    637
   860    637
   861    637
   862    637
   863    637
   864    637
   865    637
   856    638
   857    638
   858    638
   859    638
   860    638
   861    638
   862    638
   863    638
   864    638
   865    638
   855    639
   856    639
   857    639
   858    639
   859    639
   860    639
   861    639
   862    639
   863    639
   864    639
   865    639
   855    640
   856    640
   857    640
   858    640
   859    640
   860    640
   861    640
   862    640
   863    640
   864    640
   865    640
   855    641
   856    641
   857    641
   858    641
   859    641
   860    641
   861    641
   862    641
   863    641
   864    641
   865    641
   855    642
   856    642
   857    642
   858    642
   859    642
   860    642
   861    642
   862    642
   863    642
   864    642
   865    642
   855    643
   856    643
   857    643
   858    643
   859    643
   860    643
   861    643
   862    643
   863    643
   864    643
   865    643
   854    644
   855    644
   856    644
   857    644
   858    644
   859    644
   860    644
   861    644
   862    644
   863    644
   864    644
   865    644
   854    645
   855    645
   856    645
   857    645
   858    645
   859    645
   860    645
   861    645
   862    645
   863    645
   864    645
   865    645
   854    646
   855    646
   856    646
   857    646
   858    646
   859    646
   860    646
   861    646
   862    646
   863    646
   864    646
   865    646
   854    647
   855    647
   856    647
   857    647
   858    647
   859    647
   860    647
   861    647
   862    647
   863    647
   864    647
   865    647
   854    648
   855    648
   856    648
   857    648
   858    648
   859    648
   860    648
   861    648
   862    648
   863    648
   864    648
   865    648
   854    649
   855    649
   856    649
   857    649
   858    649
   859    649
   860    649
   861    649
   862    649
   863    649
   864    649
   865    649
   853    650
   854    650
   855    650
   856    650
   857    650
   858    650
   859    650
   860    650
   861    650
   862    650
   863    650
   864    650
   865    650
   853    651
   854    651
   855    651
   856    651
   857    651
   858    651
   859    651
   860    651
   861    651
   862    651
   863    651
   864    651
   865    651
   853    652
   854    652
   855    652
   856    652
   857    652
   858    652
   859    652
   860    652
   861    652
   862    652
   863    652
   864    652
   865    652
   853    653
   854    653
   855    653
   856    653
   857    653
   858    653
   859    653
   860    653
   861    653
   862    653
   863    653
   864    653
   865    653
   853    654
   854    654
   855    654
   856    654
   857    654
   858    654
   859    654
   860    654
   861    654
   862    654
   863    654
   864    654
   865    654
   853    655
   854    655
   855    655
   856    655
   857    655
   858    655
   859    655
   860    655
   861    655
   862    655
   863    655
   864    655
   865    655
   853    656
   854    656
   855    656
   856    656
   857    656
   858    656
   859    656
   860    656
   861    656
   862    656
   863    656
   864    656
   865    656
   853    657
   854    657
   855    657
   856    657
   857    657
   858    657
   859    657
   860    657
   861    657
   862    657
   863    657
   864    657
   865    657
   853    658
   854    658
   855    658
   856    658
   857    658
   858    658
   859    658
   860    658
   861    658
   862    658
   863    658
   864    658
   853    659
   854    659
   855    659
   856    659
   857    659
   858    659
   859    659
   860    659
   861    659
   862    659
   863    659
   864    659
   853    660
   854    660
   855    660
   856    660
   857    660
   858    660
   859    660
   860    660
   861    660
   862    660
   863    660
   864    660
   865    660
   853    661
   854    661
   855    661
   856    661
   857    661
   858    661
   859    661
   860    661
   861    661
   862    661
   863    661
   864    661
   865    661
   809    662
   810    662
   811    662
   853    662
   854    662
   855    662
   856    662
   857    662
   858    662
   859    662
   860    662
   861    662
   862    662
   863    662
   864    662
   865    662
   808    663
   809    663
   810    663
   811    663
   812    663
   813    663
   814    663
   815    663
   816    663
   817    663
   852    663
   853    663
   854    663
   855    663
   856    663
   857    663
   858    663
   859    663
   860    663
   861    663
   862    663
   863    663
   864    663
   865    663
   809    664
   810    664
   811    664
   812    664
   813    664
   814    664
   815    664
   816    664
   817    664
   818    664
   819    664
   852    664
   853    664
   854    664
   855    664
   856    664
   857    664
   858    664
   859    664
   860    664
   861    664
   862    664
   863    664
   864    664
   811    665
   812    665
   813    665
   814    665
   815    665
   816    665
   817    665
   818    665
   819    665
   820    665
   821    665
   852    665
   853    665
   854    665
   855    665
   856    665
   857    665
   858    665
   859    665
   860    665
   861    665
   862    665
   863    665
   864    665
   812    666
   813    666
   814    666
   815    666
   816    666
   817    666
   818    666
   819    666
   820    666
   821    666
   822    666
   823    666
   824    666
   852    666
   853    666
   854    666
   855    666
   856    666
   857    666
   858    666
   859    666
   860    666
   861    666
   862    666
   863    666
   864    666
   865    666
   812    667
   813    667
   814    667
   815    667
   816    667
   817    667
   818    667
   819    667
   820    667
   821    667
   822    667
   823    667
   824    667
   825    667
   826    667
   852    667
   853    667
   854    667
   855    667
   856    667
   857    667
   858    667
   859    667
   860    667
   861    667
   862    667
   863    667
   864    667
   865    667
   817    668
   818    668
   819    668
   820    668
   821    668
   822    668
   823    668
   824    668
   825    668
   826    668
   827    668
   828    668
   829    668
   852    668
   853    668
   854    668
   855    668
   856    668
   857    668
   858    668
   859    668
   860    668
   861    668
   862    668
   863    668
   864    668
   865    668
   819    669
   820    669
   821    669
   822    669
   823    669
   824    669
   825    669
   826    669
   827    669
   828    669
   829    669
   830    669
   831    669
   852    669
   853    669
   854    669
   855    669
   856    669
   857    669
   858    669
   859    669
   860    669
   861    669
   862    669
   863    669
   864    669
   865    669
   821    670
   822    670
   823    670
   824    670
   825    670
   826    670
   827    670
   828    670
   829    670
   830    670
   831    670
   832    670
   833    670
   852    670
   853    670
   854    670
   855    670
   856    670
   857    670
   858    670
   859    670
   860    670
   861    670
   862    670
   863    670
   864    670
   821    671
   822    671
   823    671
   824    671
   825    671
   826    671
   827    671
   828    671
   829    671
   830    671
   831    671
   832    671
   833    671
   834    671
   852    671
   853    671
   854    671
   855    671
   856    671
   857    671
   858    671
   859    671
   860    671
   861    671
   862    671
   863    671
   864    671
   825    672
   826    672
   827    672
   828    672
   829    672
   830    672
   831    672
   832    672
   833    672
   834    672
   835    672
   836    672
   837    672
   852    672
   853    672
   854    672
   855    672
   856    672
   857    672
   858    672
   859    672
   860    672
   861    672
   862    672
   863    672
   864    672
   865    672
   826    673
   827    673
   828    673
   829    673
   830    673
   831    673
   832    673
   833    673
   834    673
   835    673
   836    673
   837    673
   838    673
   839    673
   852    673
   853    673
   854    673
   855    673
   856    673
   857    673
   858    673
   859    673
   860    673
   861    673
   862    673
   863    673
   864    673
   865    673
   828    674
   829    674
   830    674
   831    674
   832    674
   833    674
   834    674
   835    674
   836    674
   837    674
   838    674
   839    674
   852    674
   853    674
   854    674
   855    674
   856    674
   857    674
   858    674
   859    674
   860    674
   861    674
   862    674
   863    674
   864    674
   865    674
   831    675
   832    675
   833    675
   834    675
   835    675
   836    675
   837    675
   838    675
   839    675
   852    675
   853    675
   854    675
   855    675
   856    675
   857    675
   858    675
   859    675
   860    675
   861    675
   862    675
   863    675
   864    675
   865    675
   832    676
   833    676
   834    676
   835    676
   836    676
   837    676
   838    676
   839    676
   840    676
   841    676
   842    676
   843    676
   844    676
   851    676
   852    676
   853    676
   854    676
   855    676
   856    676
   857    676
   858    676
   859    676
   860    676
   861    676
   862    676
   863    676
   864    676
   865    676
   834    677
   835    677
   836    677
   837    677
   838    677
   839    677
   840    677
   841    677
   842    677
   843    677
   844    677
   845    677
   851    677
   852    677
   853    677
   854    677
   855    677
   856    677
   857    677
   858    677
   859    677
   860    677
   861    677
   862    677
   863    677
   864    677
   865    677
   834    678
   835    678
   836    678
   837    678
   838    678
   839    678
   840    678
   841    678
   842    678
   843    678
   844    678
   845    678
   846    678
   847    678
   851    678
   852    678
   853    678
   854    678
   855    678
   856    678
   857    678
   858    678
   859    678
   860    678
   861    678
   862    678
   863    678
   864    678
   865    678
   835    679
   836    679
   837    679
   838    679
   839    679
   840    679
   841    679
   842    679
   843    679
   844    679
   845    679
   846    679
   847    679
   848    679
   851    679
   852    679
   853    679
   854    679
   855    679
   856    679
   857    679
   858    679
   859    679
   860    679
   861    679
   862    679
   863    679
   864    679
   865    679
   836    680
   837    680
   838    680
   839    680
   840    680
   841    680
   842    680
   843    680
   844    680
   845    680
   846    680
   847    680
   848    680
   849    680
   850    680
   851    680
   852    680
   853    680
   854    680
   855    680
   856    680
   857    680
   858    680
   859    680
   860    680
   861    680
   862    680
   863    680
   864    680
   865    680
   837    681
   838    681
   839    681
   840    681
   841    681
   842    681
   843    681
   844    681
   845    681
   846    681
   847    681
   848    681
   849    681
   850    681
   851    681
   852    681
   853    681
   854    681
   855    681
   856    681
   857    681
   858    681
   859    681
   860    681
   861    681
   862    681
   863    681
   864    681
   865    681
   838    682
   839    682
   840    682
   841    682
   842    682
   843    682
   844    682
   845    682
   846    682
   847    682
   848    682
   849    682
   850    682
   851    682
   852    682
   853    682
   854    682
   855    682
   856    682
   857    682
   858    682
   859    682
   860    682
   861    682
   862    682
   863    682
   864    682
   865    682
   866    682
   839    683
   840    683
   841    683
   842    683
   843    683
   844    683
   845    683
   846    683
   847    683
   848    683
   849    683
   850    683
   851    683
   852    683
   853    683
   854    683
   855    683
   856    683
   857    683
   858    683
   859    683
   860    683
   861    683
   862    683
   863    683
   864    683
   865    683
   841    684
   842    684
   843    684
   844    684
   845    684
   846    684
   847    684
   848    684
   849    684
   850    684
   851    684
   852    684
   853    684
   854    684
   855    684
   856    684
   857    684
   858    684
   859    684
   860    684
   861    684
   862    684
   863    684
   864    684
   865    684
   842    685
   843    685
   844    685
   845    685
   846    685
   847    685
   848    685
   849    685
   850    685
   851    685
   852    685
   853    685
   854    685
   855    685
   856    685
   857    685
   858    685
   859    685
   860    685
   861    685
   862    685
   863    685
   864    685
   865    685
   842    686
   843    686
   844    686
   845    686
   846    686
   847    686
   848    686
   849    686
   850    686
   851    686
   852    686
   853    686
   854    686
   855    686
   856    686
   857    686
   858    686
   859    686
   860    686
   861    686
   862    686
   863    686
   864    686
   865    686
   866    686
   843    687
   844    687
   845    687
   846    687
   847    687
   848    687
   849    687
   850    687
   851    687
   852    687
   853    687
   854    687
   855    687
   856    687
   857    687
   858    687
   859    687
   860    687
   861    687
   862    687
   863    687
   864    687
   865    687
   866    687
   844    688
   845    688
   846    688
   847    688
   848    688
   849    688
   850    688
   851    688
   852    688
   853    688
   854    688
   855    688
   856    688
   857    688
   858    688
   859    688
   860    688
   861    688
   862    688
   863    688
   864    688
   865    688
   844    689
   845    689
   846    689
   847    689
   848    689
   849    689
   850    689
   851    689
   852    689
   853    689
   854    689
   855    689
   856    689
   857    689
   858    689
   859    689
   860    689
   861    689
   862    689
   863    689
   864    689
   865    689
   844    690
   845    690
   846    690
   847    690
   848    690
   849    690
   850    690
   851    690
   852    690
   853    690
   854    690
   855    690
   856    690
   857    690
   858    690
   859    690
   860    690
   861    690
   862    690
   863    690
   864    690
   865    690
   866    690
   845    691
   846    691
   847    691
   848    691
   849    691
   850    691
   851    691
   852    691
   853    691
   854    691
   855    691
   856    691
   857    691
   858    691
   859    691
   860    691
   861    691
   862    691
   863    691
   864    691
   865    691
   866    691
   846    692
   847    692
   848    692
   849    692
   850    692
   851    692
   852    692
   853    692
   854    692
   855    692
   856    692
   857    692
   858    692
   859    692
   860    692
   861    692
   862    692
   863    692
   864    692
   865    692
   866    692
   847    693
   848    693
   849    693
   850    693
   851    693
   852    693
   853    693
   854    693
   855    693
   856    693
   857    693
   858    693
   859    693
   860    693
   861    693
   862    693
   863    693
   864    693
   865    693
   847    694
   848    694
   849    694
   850    694
   851    694
   852    694
   853    694
   854    694
   855    694
   856    694
   857    694
   858    694
   859    694
   860    694
   861    694
   862    694
   863    694
   864    694
   865    694
   847    695
   848    695
   849    695
   850    695
   851    695
   852    695
   853    695
   854    695
   855    695
   856    695
   857    695
   858    695
   859    695
   860    695
   861    695
   862    695
   863    695
   864    695
   865    695
   866    695
   848    696
   849    696
   850    696
   851    696
   852    696
   853    696
   854    696
   855    696
   856    696
   857    696
   858    696
   859    696
   860    696
   861    696
   862    696
   863    696
   864    696
   865    696
   866    696
   848    697
   849    697
   850    697
   851    697
   852    697
   853    697
   854    697
   855    697
   856    697
   857    697
   858    697
   859    697
   860    697
   861    697
   862    697
   863    697
   864    697
   865    697
   866    697
   848    698
   849    698
   850    698
   851    698
   852    698
   853    698
   854    698
   855    698
   856    698
   857    698
   858    698
   859    698
   860    698
   861    698
   862    698
   863    698
   864    698
   865    698
   848    699
   849    699
   850    699
   851    699
   852    699
   853    699
   854    699
   855    699
   856    699
   857    699
   858    699
   859    699
   860    699
   861    699
   862    699
   863    699
   864    699
   865    699
   850    700
   851    700
   852    700
   853    700
   854    700
   855    700
   856    700
   857    700
   858    700
   859    700
   860    700
   861    700
   862    700
   863    700
   864    700
   865    700
   850    701
   851    701
   852    701
   853    701
   854    701
   855    701
   856    701
   857    701
   858    701
   859    701
   860    701
   861    701
   862    701
   863    701
   864    701
   865    701
   866    701
   850    702
   851    702
   852    702
   853    702
   854    702
   855    702
   856    702
   857    702
   858    702
   859    702
   860    702
   861    702
   862    702
   863    702
   864    702
   865    702
   866    702
   850    703
   851    703
   852    703
   853    703
   854    703
   855    703
   856    703
   857    703
   858    703
   859    703
   860    703
   861    703
   862    703
   863    703
   864    703
   865    703
   850    704
   851    704
   852    704
   853    704
   854    704
   855    704
   856    704
   857    704
   858    704
   859    704
   860    704
   861    704
   862    704
   863    704
   864    704
   865    704
   850    705
   851    705
   852    705
   853    705
   854    705
   855    705
   856    705
   857    705
   858    705
   859    705
   860    705
   861    705
   862    705
   863    705
   864    705
   850    706
   851    706
   852    706
   853    706
   854    706
   855    706
   856    706
   857    706
   858    706
   859    706
   860    706
   861    706
   862    706
   850    707
   851    707
   852    707
   853    707
   854    707
   855    707
   856    707
   857    707
   858    707
   859    707
   860    707
   861    707
   850    708
   851    708
   852    708
   853    708
   854    708
   855    708
   856    708
   857    708
   858    708
   859    708
   860    708
   850    709
   851    709
   852    709
   853    709
   854    709
   855    709
   856    709
   857    709
   858    709
   859    709
   860    709
   861    709
   862    709
   863    709
   865    709
   850    710
   851    710
   852    710
   853    710
   854    710
   855    710
   856    710
   857    710
   858    710
   859    710
   860    710
   861    710
   862    710
   863    710
   865    710
   850    711
   851    711
   852    711
   853    711
   854    711
   855    711
   856    711
   857    711
   858    711
   859    711
   860    711
   861    711
   864    711
   865    711
   850    712
   851    712
   852    712
   853    712
   854    712
   855    712
   856    712
   857    712
   858    712
   859    712
   860    712
   861    712
   862    712
   864    712
   865    712
   866    712
   850    713
   851    713
   852    713
   853    713
   854    713
   855    713
   856    713
   857    713
   858    713
   859    713
   860    713
   861    713
   864    713
   865    713
   850    714
   851    714
   852    714
   853    714
   854    714
   855    714
   856    714
   857    714
   858    714
   859    714
   860    714
   864    714
   850    715
   851    715
   852    715
   853    715
   854    715
   855    715
   856    715
   857    715
   858    715
   859    715
   860    715
   850    716
   851    716
   852    716
   853    716
   854    716
   855    716
   856    716
   857    716
   858    716
   859    716
   849    717
   850    717
   851    717
   852    717
   853    717
   854    717
   855    717
   856    717
   857    717
   858    717
   859    717
   849    718
   850    718
   851    718
   852    718
   853    718
   854    718
   855    718
   856    718
   857    718
   858    718
   849    719
   850    719
   851    719
   852    719
   853    719
   854    719
   855    719
   856    719
   857    719
   858    719
   850    720
   856    720
   857    720
