   872    560
   873    560
   874    560
   875    560
   876    560
   872    561
   873    561
   874    561
   875    561
   876    561
   872    562
   873    562
   874    562
   875    562
   876    562
   871    563
   872    563
   873    563
   874    563
   875    563
   871    564
   872    564
   873    564
   874    564
   875    564
   871    565
   872    565
   873    565
   874    565
   875    565
   871    566
   872    566
   873    566
   874    566
   875    566
   871    567
   872    567
   873    567
   874    567
   875    567
   870    568
   871    568
   872    568
   873    568
   874    568
   875    568
   870    569
   871    569
   872    569
   873    569
   874    569
   875    569
   869    570
   870    570
   871    570
   872    570
   873    570
   874    570
   869    571
   870    571
   871    571
   872    571
   873    571
   874    571
   875    571
   869    572
   870    572
   871    572
   872    572
   873    572
   874    572
   875    572
   868    573
   869    573
   870    573
   871    573
   872    573
   873    573
   874    573
   875    573
   876    573
   868    574
   869    574
   870    574
   871    574
   872    574
   873    574
   874    574
   868    575
   869    575
   870    575
   871    575
   872    575
   873    575
   874    575
   867    576
   868    576
   869    576
   870    576
   871    576
   872    576
   873    576
   867    577
   868    577
   869    577
   870    577
   871    577
   872    577
   873    577
   867    578
   868    578
   869    578
   870    578
   871    578
   872    578
   873    578
   865    579
   866    579
   867    579
   868    579
   869    579
   870    579
   871    579
   872    579
   865    580
   866    580
   867    580
   868    580
   869    580
   870    580
   871    580
   872    580
   866    581
   867    581
   868    581
   869    581
   870    581
   871    581
   872    581
   873    581
   866    582
   867    582
   868    582
   869    582
   870    582
   871    582
   872    582
   873    582
   866    583
   867    583
   868    583
   869    583
   870    583
   871    583
   872    583
   866    584
   867    584
   868    584
   869    584
   870    584
   871    584
   872    584
   866    585
   867    585
   868    585
   869    585
   870    585
   871    585
   872    585
   866    586
   867    586
   868    586
   869    586
   870    586
   871    586
   872    586
   865    587
   866    587
   867    587
   868    587
   869    587
   870    587
   871    587
   872    587
   865    588
   866    588
   867    588
   868    588
   869    588
   870    588
   871    588
   872    588
   865    589
   866    589
   867    589
   868    589
   869    589
   870    589
   871    589
   865    590
   866    590
   867    590
   868    590
   869    590
   870    590
   871    590
   865    591
   866    591
   867    591
   868    591
   869    591
   870    591
   871    591
   865    592
   866    592
   867    592
   868    592
   869    592
   870    592
   871    592
   865    593
   866    593
   867    593
   868    593
   869    593
   870    593
   871    593
   864    594
   865    594
   866    594
   867    594
   868    594
   869    594
   870    594
   871    594
   864    595
   865    595
   866    595
   867    595
   868    595
   869    595
   870    595
   864    596
   865    596
   866    596
   867    596
   868    596
   869    596
   870    596
   863    597
   864    597
   865    597
   866    597
   867    597
   868    597
   869    597
   870    597
   863    598
   864    598
   865    598
   866    598
   867    598
   868    598
   869    598
   870    598
   863    599
   864    599
   865    599
   866    599
   867    599
   868    599
   869    599
   862    600
   863    600
   864    600
   865    600
   866    600
   867    600
   868    600
   869    600
   862    601
   863    601
   864    601
   865    601
   866    601
   867    601
   868    601
   869    601
   861    602
   862    602
   863    602
   864    602
   865    602
   866    602
   867    602
   868    602
   869    602
   861    603
   862    603
   863    603
   864    603
   865    603
   866    603
   867    603
   868    603
   869    603
   861    604
   862    604
   863    604
   864    604
   865    604
   866    604
   867    604
   868    604
   860    605
   861    605
   862    605
   863    605
   864    605
   865    605
   866    605
   867    605
   868    605
   859    606
   860    606
   861    606
   862    606
   863    606
   864    606
   865    606
   866    606
   867    606
   868    606
   859    607
   860    607
   861    607
   862    607
   863    607
   864    607
   865    607
   866    607
   867    607
   868    607
   859    608
   860    608
   861    608
   862    608
   863    608
   864    608
   865    608
   866    608
   867    608
   868    608
   858    609
   859    609
   860    609
   861    609
   862    609
   863    609
   864    609
   865    609
   866    609
   867    609
   858    610
   859    610
   860    610
   861    610
   862    610
   863    610
   864    610
   865    610
   866    610
   867    610
   858    611
   859    611
   860    611
   861    611
   862    611
   863    611
   864    611
   865    611
   866    611
   867    611
   858    612
   859    612
   860    612
   861    612
   862    612
   863    612
   864    612
   865    612
   866    612
   858    613
   859    613
   860    613
   861    613
   862    613
   863    613
   864    613
   865    613
   866    613
   857    614
   858    614
   859    614
   860    614
   861    614
   862    614
   863    614
   864    614
   865    614
   866    614
   857    615
   858    615
   859    615
   860    615
   861    615
   862    615
   863    615
   864    615
   865    615
   866    615
   857    616
   858    616
   859    616
   860    616
   861    616
   862    616
   863    616
   864    616
   865    616
   866    616
   857    617
   858    617
   859    617
   860    617
   861    617
   862    617
   863    617
   864    617
   865    617
   866    617
   856    618
   857    618
   858    618
   859    618
   860    618
   861    618
   862    618
   863    618
   864    618
   865    618
   856    619
   857    619
   858    619
   859    619
   860    619
   861    619
   862    619
   863    619
   864    619
   865    619
   856    620
   857    620
   858    620
   859    620
   860    620
   861    620
   862    620
   863    620
   864    620
   865    620
   856    621
   857    621
   858    621
   859    621
   860    621
   861    621
   862    621
   863    621
   864    621
   865    621
   856    622
   857    622
   858    622
   859    622
   860    622
   861    622
   862    622
   863    622
   864    622
   865    622
   855    623
   856    623
   857    623
   858    623
   859    623
   860    623
   861    623
   862    623
   863    623
   864    623
   865    623
   855    624
   856    624
   857    624
   858    624
   859    624
   860    624
   861    624
   862    624
   863    624
   864    624
   865    624
   855    625
   856    625
   857    625
   858    625
   859    625
   860    625
   861    625
   862    625
   863    625
   864    625
   865    625
   855    626
   856    626
   857    626
   858    626
   859    626
   860    626
   861    626
   862    626
   863    626
   864    626
   854    627
   855    627
   856    627
   857    627
   858    627
   859    627
   860    627
   861    627
   862    627
   863    627
   864    627
   854    628
   855    628
   856    628
   857    628
   858    628
   859    628
   860    628
   861    628
   862    628
   863    628
   864    628
   854    629
   855    629
   856    629
   857    629
   858    629
   859    629
   860    629
   861    629
   862    629
   863    629
   864    629
   854    630
   855    630
   856    630
   857    630
   858    630
   859    630
   860    630
   861    630
   862    630
   863    630
   854    631
   855    631
   856    631
   857    631
   858    631
   859    631
   860    631
   861    631
   862    631
   863    631
   864    631
   853    632
   854    632
   855    632
   856    632
   857    632
   858    632
   859    632
   860    632
   861    632
   862    632
   863    632
   853    633
   854    633
   855    633
   856    633
   857    633
   858    633
   859    633
   860    633
   861    633
   862    633
   863    633
   853    634
   854    634
   855    634
   856    634
   857    634
   858    634
   859    634
   860    634
   861    634
   862    634
   863    634
   853    635
   854    635
   855    635
   856    635
   857    635
   858    635
   859    635
   860    635
   861    635
   862    635
   863    635
   864    635
   853    636
   854    636
   855    636
   856    636
   857    636
   858    636
   859    636
   860    636
   861    636
   862    636
   863    636
   864    636
   852    637
   853    637
   854    637
   855    637
   856    637
   857    637
   858    637
   859    637
   860    637
   861    637
   862    637
   863    637
   852    638
   853    638
   854    638
   855    638
   856    638
   857    638
   858    638
   859    638
   860    638
   861    638
   862    638
   863    638
   852    639
   853    639
   854    639
   855    639
   856    639
   857    639
   858    639
   859    639
   860    639
   861    639
   862    639
   863    639
   852    640
   853    640
   854    640
   855    640
   856    640
   857    640
   858    640
   859    640
   860    640
   861    640
   862    640
   863    640
   852    641
   853    641
   854    641
   855    641
   856    641
   857    641
   858    641
   859    641
   860    641
   861    641
   862    641
   851    642
   852    642
   853    642
   854    642
   855    642
   856    642
   857    642
   858    642
   859    642
   860    642
   861    642
   862    642
   851    643
   852    643
   853    643
   854    643
   855    643
   856    643
   857    643
   858    643
   859    643
   860    643
   861    643
   862    643
   851    644
   852    644
   853    644
   854    644
   855    644
   856    644
   857    644
   858    644
   859    644
   860    644
   861    644
   862    644
   850    645
   851    645
   852    645
   853    645
   854    645
   855    645
   856    645
   857    645
   858    645
   859    645
   860    645
   861    645
   862    645
   850    646
   851    646
   852    646
   853    646
   854    646
   855    646
   856    646
   857    646
   858    646
   859    646
   860    646
   861    646
   862    646
   850    647
   851    647
   852    647
   853    647
   854    647
   855    647
   856    647
   857    647
   858    647
   859    647
   860    647
   861    647
   862    647
   850    648
   851    648
   852    648
   853    648
   854    648
   855    648
   856    648
   857    648
   858    648
   859    648
   860    648
   861    648
   862    648
   849    649
   850    649
   851    649
   852    649
   853    649
   854    649
   855    649
   856    649
   857    649
   858    649
   859    649
   860    649
   861    649
   862    649
   735    650
   736    650
   849    650
   850    650
   851    650
   852    650
   853    650
   854    650
   855    650
   856    650
   857    650
   858    650
   859    650
   860    650
   861    650
   862    650
   736    651
   737    651
   738    651
   739    651
   740    651
   741    651
   849    651
   850    651
   851    651
   852    651
   853    651
   854    651
   855    651
   856    651
   857    651
   858    651
   859    651
   860    651
   861    651
   862    651
   735    652
   736    652
   737    652
   738    652
   739    652
   740    652
   741    652
   742    652
   743    652
   744    652
   745    652
   746    652
   848    652
   849    652
   850    652
   851    652
   852    652
   853    652
   854    652
   855    652
   856    652
   857    652
   858    652
   859    652
   860    652
   861    652
   740    653
   741    653
   742    653
   743    653
   744    653
   745    653
   746    653
   747    653
   748    653
   749    653
   750    653
   751    653
   848    653
   849    653
   850    653
   851    653
   852    653
   853    653
   854    653
   855    653
   856    653
   857    653
   858    653
   859    653
   860    653
   861    653
   744    654
   745    654
   746    654
   747    654
   748    654
   749    654
   750    654
   751    654
   752    654
   753    654
   754    654
   755    654
   848    654
   849    654
   850    654
   851    654
   852    654
   853    654
   854    654
   855    654
   856    654
   857    654
   858    654
   859    654
   860    654
   861    654
   748    655
   749    655
   750    655
   751    655
   752    655
   753    655
   754    655
   755    655
   756    655
   757    655
   758    655
   759    655
   760    655
   761    655
   848    655
   849    655
   850    655
   851    655
   852    655
   853    655
   854    655
   855    655
   856    655
   857    655
   858    655
   859    655
   860    655
   861    655
   752    656
   753    656
   754    656
   755    656
   756    656
   757    656
   758    656
   759    656
   760    656
   761    656
   762    656
   763    656
   764    656
   765    656
   847    656
   848    656
   849    656
   850    656
   851    656
   852    656
   853    656
   854    656
   855    656
   856    656
   857    656
   858    656
   859    656
   860    656
   756    657
   757    657
   758    657
   759    657
   760    657
   761    657
   762    657
   763    657
   764    657
   765    657
   766    657
   767    657
   768    657
   847    657
   848    657
   849    657
   850    657
   851    657
   852    657
   853    657
   854    657
   855    657
   856    657
   857    657
   858    657
   859    657
   860    657
   759    658
   760    658
   761    658
   762    658
   763    658
   764    658
   765    658
   766    658
   767    658
   768    658
   769    658
   770    658
   771    658
   847    658
   848    658
   849    658
   850    658
   851    658
   852    658
   853    658
   854    658
   855    658
   856    658
   857    658
   858    658
   859    658
   860    658
   762    659
   763    659
   764    659
   765    659
   766    659
   767    659
   768    659
   769    659
   770    659
   771    659
   772    659
   773    659
   774    659
   775    659
   847    659
   848    659
   849    659
   850    659
   851    659
   852    659
   853    659
   854    659
   855    659
   856    659
   857    659
   858    659
   859    659
   860    659
   765    660
   766    660
   767    660
   768    660
   769    660
   770    660
   771    660
   772    660
   773    660
   774    660
   775    660
   776    660
   777    660
   778    660
   847    660
   848    660
   849    660
   850    660
   851    660
   852    660
   853    660
   854    660
   855    660
   856    660
   857    660
   858    660
   859    660
   860    660
   768    661
   769    661
   770    661
   771    661
   772    661
   773    661
   774    661
   775    661
   776    661
   777    661
   778    661
   779    661
   780    661
   781    661
   782    661
   846    661
   847    661
   848    661
   849    661
   850    661
   851    661
   852    661
   853    661
   854    661
   855    661
   856    661
   857    661
   858    661
   859    661
   773    662
   774    662
   775    662
   776    662
   777    662
   778    662
   779    662
   780    662
   781    662
   782    662
   783    662
   784    662
   785    662
   845    662
   846    662
   847    662
   848    662
   849    662
   850    662
   851    662
   852    662
   853    662
   854    662
   855    662
   856    662
   857    662
   858    662
   859    662
   776    663
   777    663
   778    663
   779    663
   780    663
   781    663
   782    663
   783    663
   784    663
   785    663
   786    663
   787    663
   788    663
   789    663
   845    663
   846    663
   847    663
   848    663
   849    663
   850    663
   851    663
   852    663
   853    663
   854    663
   855    663
   856    663
   857    663
   858    663
   859    663
   778    664
   779    664
   780    664
   781    664
   782    664
   783    664
   784    664
   785    664
   786    664
   787    664
   788    664
   789    664
   790    664
   791    664
   845    664
   846    664
   847    664
   848    664
   849    664
   850    664
   851    664
   852    664
   853    664
   854    664
   855    664
   856    664
   857    664
   858    664
   859    664
   781    665
   782    665
   783    665
   784    665
   785    665
   786    665
   787    665
   788    665
   789    665
   790    665
   791    665
   792    665
   793    665
   794    665
   845    665
   846    665
   847    665
   848    665
   849    665
   850    665
   851    665
   852    665
   853    665
   854    665
   855    665
   856    665
   857    665
   858    665
   783    666
   784    666
   785    666
   786    666
   787    666
   788    666
   789    666
   790    666
   791    666
   792    666
   793    666
   794    666
   795    666
   796    666
   844    666
   845    666
   846    666
   847    666
   848    666
   849    666
   850    666
   851    666
   852    666
   853    666
   854    666
   855    666
   856    666
   857    666
   858    666
   786    667
   787    667
   788    667
   789    667
   790    667
   791    667
   792    667
   793    667
   794    667
   795    667
   796    667
   797    667
   798    667
   799    667
   844    667
   845    667
   846    667
   847    667
   848    667
   849    667
   850    667
   851    667
   852    667
   853    667
   854    667
   855    667
   856    667
   857    667
   858    667
   788    668
   789    668
   790    668
   791    668
   792    668
   793    668
   794    668
   795    668
   796    668
   797    668
   798    668
   799    668
   800    668
   801    668
   844    668
   845    668
   846    668
   847    668
   848    668
   849    668
   850    668
   851    668
   852    668
   853    668
   854    668
   855    668
   856    668
   857    668
   858    668
   790    669
   791    669
   792    669
   793    669
   794    669
   795    669
   796    669
   797    669
   798    669
   799    669
   800    669
   801    669
   802    669
   803    669
   804    669
   843    669
   844    669
   845    669
   846    669
   847    669
   848    669
   849    669
   850    669
   851    669
   852    669
   853    669
   854    669
   855    669
   856    669
   857    669
   793    670
   794    670
   795    670
   796    670
   797    670
   798    670
   799    670
   800    670
   801    670
   802    670
   803    670
   804    670
   805    670
   806    670
   807    670
   843    670
   844    670
   845    670
   846    670
   847    670
   848    670
   849    670
   850    670
   851    670
   852    670
   853    670
   854    670
   855    670
   856    670
   857    670
   795    671
   796    671
   797    671
   798    671
   799    671
   800    671
   801    671
   802    671
   803    671
   804    671
   805    671
   806    671
   807    671
   808    671
   842    671
   843    671
   844    671
   845    671
   846    671
   847    671
   848    671
   849    671
   850    671
   851    671
   852    671
   853    671
   854    671
   855    671
   856    671
   857    671
   796    672
   797    672
   798    672
   799    672
   800    672
   801    672
   802    672
   803    672
   804    672
   805    672
   806    672
   807    672
   808    672
   809    672
   810    672
   842    672
   843    672
   844    672
   845    672
   846    672
   847    672
   848    672
   849    672
   850    672
   851    672
   852    672
   853    672
   854    672
   855    672
   856    672
   857    672
   798    673
   799    673
   800    673
   801    673
   802    673
   803    673
   804    673
   805    673
   806    673
   807    673
   808    673
   809    673
   810    673
   811    673
   812    673
   813    673
   842    673
   843    673
   844    673
   845    673
   846    673
   847    673
   848    673
   849    673
   850    673
   851    673
   852    673
   853    673
   854    673
   855    673
   856    673
   857    673
   800    674
   801    674
   802    674
   803    674
   804    674
   805    674
   806    674
   807    674
   808    674
   809    674
   810    674
   811    674
   812    674
   813    674
   814    674
   842    674
   843    674
   844    674
   845    674
   846    674
   847    674
   848    674
   849    674
   850    674
   851    674
   852    674
   853    674
   854    674
   855    674
   856    674
   802    675
   803    675
   804    675
   805    675
   806    675
   807    675
   808    675
   809    675
   810    675
   811    675
   812    675
   813    675
   814    675
   815    675
   816    675
   817    675
   842    675
   843    675
   844    675
   845    675
   846    675
   847    675
   848    675
   849    675
   850    675
   851    675
   852    675
   853    675
   854    675
   855    675
   856    675
   804    676
   805    676
   806    676
   807    676
   808    676
   809    676
   810    676
   811    676
   812    676
   813    676
   814    676
   815    676
   816    676
   817    676
   818    676
   842    676
   843    676
   844    676
   845    676
   846    676
   847    676
   848    676
   849    676
   850    676
   851    676
   852    676
   853    676
   854    676
   855    676
   856    676
   805    677
   806    677
   807    677
   808    677
   809    677
   810    677
   811    677
   812    677
   813    677
   814    677
   815    677
   816    677
   817    677
   818    677
   819    677
   820    677
   841    677
   842    677
   843    677
   844    677
   845    677
   846    677
   847    677
   848    677
   849    677
   850    677
   851    677
   852    677
   853    677
   854    677
   855    677
   856    677
   807    678
   808    678
   809    678
   810    678
   811    678
   812    678
   813    678
   814    678
   815    678
   816    678
   817    678
   818    678
   819    678
   820    678
   821    678
   841    678
   842    678
   843    678
   844    678
   845    678
   846    678
   847    678
   848    678
   849    678
   850    678
   851    678
   852    678
   853    678
   854    678
   855    678
   856    678
   808    679
   809    679
   810    679
   811    679
   812    679
   813    679
   814    679
   815    679
   816    679
   817    679
   818    679
   819    679
   820    679
   821    679
   822    679
   841    679
   842    679
   843    679
   844    679
   845    679
   846    679
   847    679
   848    679
   849    679
   850    679
   851    679
   852    679
   853    679
   854    679
   855    679
   809    680
   810    680
   811    680
   812    680
   813    680
   814    680
   815    680
   816    680
   817    680
   818    680
   819    680
   820    680
   821    680
   822    680
   823    680
   824    680
   841    680
   842    680
   843    680
   844    680
   845    680
   846    680
   847    680
   848    680
   849    680
   850    680
   851    680
   852    680
   853    680
   854    680
   855    680
   810    681
   811    681
   812    681
   813    681
   814    681
   815    681
   816    681
   817    681
   818    681
   819    681
   820    681
   821    681
   822    681
   823    681
   824    681
   840    681
   841    681
   842    681
   843    681
   844    681
   845    681
   846    681
   847    681
   848    681
   849    681
   850    681
   851    681
   852    681
   853    681
   854    681
   855    681
   811    682
   812    682
   813    682
   814    682
   815    682
   816    682
   817    682
   818    682
   819    682
   820    682
   821    682
   822    682
   823    682
   824    682
   825    682
   826    682
   839    682
   840    682
   841    682
   842    682
   843    682
   844    682
   845    682
   846    682
   847    682
   848    682
   849    682
   850    682
   851    682
   852    682
   853    682
   854    682
   855    682
   812    683
   813    683
   814    683
   815    683
   816    683
   817    683
   818    683
   819    683
   820    683
   821    683
   822    683
   823    683
   824    683
   825    683
   826    683
   827    683
   839    683
   840    683
   841    683
   842    683
   843    683
   844    683
   845    683
   846    683
   847    683
   848    683
   849    683
   850    683
   851    683
   852    683
   853    683
   854    683
   855    683
   814    684
   815    684
   816    684
   817    684
   818    684
   819    684
   820    684
   821    684
   822    684
   823    684
   824    684
   825    684
   826    684
   827    684
   839    684
   840    684
   841    684
   842    684
   843    684
   844    684
   845    684
   846    684
   847    684
   848    684
   849    684
   850    684
   851    684
   852    684
   853    684
   854    684
   815    685
   816    685
   817    685
   818    685
   819    685
   820    685
   821    685
   822    685
   823    685
   824    685
   825    685
   826    685
   827    685
   828    685
   829    685
   839    685
   840    685
   841    685
   842    685
   843    685
   844    685
   845    685
   846    685
   847    685
   848    685
   849    685
   850    685
   851    685
   852    685
   853    685
   854    685
   816    686
   817    686
   818    686
   819    686
   820    686
   821    686
   822    686
   823    686
   824    686
   825    686
   826    686
   827    686
   828    686
   829    686
   830    686
   838    686
   839    686
   840    686
   841    686
   842    686
   843    686
   844    686
   845    686
   846    686
   847    686
   848    686
   849    686
   850    686
   851    686
   852    686
   853    686
   854    686
   816    687
   817    687
   818    687
   819    687
   820    687
   821    687
   822    687
   823    687
   824    687
   825    687
   826    687
   827    687
   828    687
   829    687
   830    687
   831    687
   838    687
   839    687
   840    687
   841    687
   842    687
   843    687
   844    687
   845    687
   846    687
   847    687
   848    687
   849    687
   850    687
   851    687
   852    687
   853    687
   854    687
   818    688
   819    688
   820    688
   821    688
   822    688
   823    688
   824    688
   825    688
   826    688
   827    688
   828    688
   829    688
   830    688
   831    688
   832    688
   838    688
   839    688
   840    688
   841    688
   842    688
   843    688
   844    688
   845    688
   846    688
   847    688
   848    688
   849    688
   850    688
   851    688
   852    688
   853    688
   854    688
   819    689
   820    689
   821    689
   822    689
   823    689
   824    689
   825    689
   826    689
   827    689
   828    689
   829    689
   830    689
   831    689
   832    689
   833    689
   838    689
   839    689
   840    689
   841    689
   842    689
   843    689
   844    689
   845    689
   846    689
   847    689
   848    689
   849    689
   850    689
   851    689
   852    689
   853    689
   820    690
   821    690
   822    690
   823    690
   824    690
   825    690
   826    690
   827    690
   828    690
   829    690
   830    690
   831    690
   832    690
   833    690
   834    690
   835    690
   838    690
   839    690
   840    690
   841    690
   842    690
   843    690
   844    690
   845    690
   846    690
   847    690
   848    690
   849    690
   850    690
   851    690
   852    690
   853    690
   820    691
   821    691
   822    691
   823    691
   824    691
   825    691
   826    691
   827    691
   828    691
   829    691
   830    691
   831    691
   832    691
   833    691
   834    691
   835    691
   836    691
   837    691
   838    691
   839    691
   840    691
   841    691
   842    691
   843    691
   844    691
   845    691
   846    691
   847    691
   848    691
   849    691
   850    691
   851    691
   852    691
   853    691
   821    692
   822    692
   823    692
   824    692
   825    692
   826    692
   827    692
   828    692
   829    692
   830    692
   831    692
   832    692
   833    692
   834    692
   835    692
   836    692
   837    692
   838    692
   839    692
   840    692
   841    692
   842    692
   843    692
   844    692
   845    692
   846    692
   847    692
   848    692
   849    692
   850    692
   851    692
   852    692
   853    692
   823    693
   824    693
   825    693
   826    693
   827    693
   828    693
   829    693
   830    693
   831    693
   832    693
   833    693
   834    693
   835    693
   836    693
   837    693
   838    693
   839    693
   840    693
   841    693
   842    693
   843    693
   844    693
   845    693
   846    693
   847    693
   848    693
   849    693
   850    693
   851    693
   852    693
   853    693
   823    694
   824    694
   825    694
   826    694
   827    694
   828    694
   829    694
   830    694
   831    694
   832    694
   833    694
   834    694
   835    694
   836    694
   837    694
   838    694
   839    694
   840    694
   841    694
   842    694
   843    694
   844    694
   845    694
   846    694
   847    694
   848    694
   849    694
   850    694
   851    694
   852    694
   824    695
   825    695
   826    695
   827    695
   828    695
   829    695
   830    695
   831    695
   832    695
   833    695
   834    695
   835    695
   836    695
   837    695
   838    695
   839    695
   840    695
   841    695
   842    695
   843    695
   844    695
   845    695
   846    695
   847    695
   848    695
   849    695
   850    695
   851    695
   852    695
   824    696
   825    696
   826    696
   827    696
   828    696
   829    696
   830    696
   831    696
   832    696
   833    696
   834    696
   835    696
   836    696
   837    696
   838    696
   839    696
   840    696
   841    696
   842    696
   843    696
   844    696
   845    696
   846    696
   847    696
   848    696
   849    696
   850    696
   851    696
   852    696
   824    697
   825    697
   826    697
   827    697
   828    697
   829    697
   830    697
   831    697
   832    697
   833    697
   834    697
   835    697
   836    697
   837    697
   838    697
   839    697
   840    697
   841    697
   842    697
   843    697
   844    697
   845    697
   846    697
   847    697
   848    697
   849    697
   850    697
   851    697
   852    697
   825    698
   826    698
   827    698
   828    698
   829    698
   830    698
   831    698
   832    698
   833    698
   834    698
   835    698
   836    698
   837    698
   838    698
   839    698
   840    698
   841    698
   842    698
   843    698
   844    698
   845    698
   846    698
   847    698
   848    698
   849    698
   850    698
   851    698
   852    698
   825    699
   826    699
   827    699
   828    699
   829    699
   830    699
   831    699
   832    699
   833    699
   834    699
   835    699
   836    699
   837    699
   838    699
   839    699
   840    699
   841    699
   842    699
   843    699
   844    699
   845    699
   846    699
   847    699
   848    699
   849    699
   850    699
   851    699
   825    700
   826    700
   827    700
   828    700
   829    700
   830    700
   831    700
   832    700
   833    700
   834    700
   835    700
   836    700
   837    700
   838    700
   839    700
   840    700
   841    700
   842    700
   843    700
   844    700
   845    700
   846    700
   847    700
   848    700
   849    700
   850    700
   851    700
   826    701
   827    701
   828    701
   829    701
   830    701
   831    701
   832    701
   833    701
   834    701
   835    701
   836    701
   837    701
   838    701
   839    701
   840    701
   841    701
   842    701
   843    701
   844    701
   845    701
   846    701
   847    701
   848    701
   849    701
   850    701
   851    701
   826    702
   827    702
   828    702
   829    702
   830    702
   831    702
   832    702
   833    702
   834    702
   835    702
   836    702
   837    702
   838    702
   839    702
   840    702
   841    702
   842    702
   843    702
   844    702
   845    702
   846    702
   847    702
   848    702
   849    702
   850    702
   851    702
   827    703
   828    703
   829    703
   830    703
   831    703
   832    703
   833    703
   834    703
   835    703
   836    703
   837    703
   838    703
   839    703
   840    703
   841    703
   842    703
   843    703
   844    703
   845    703
   846    703
   847    703
   848    703
   849    703
   850    703
   851    703
   827    704
   828    704
   829    704
   830    704
   831    704
   832    704
   833    704
   834    704
   835    704
   836    704
   837    704
   838    704
   839    704
   840    704
   841    704
   842    704
   843    704
   844    704
   845    704
   846    704
   847    704
   848    704
   849    704
   850    704
   851    704
   827    705
   828    705
   829    705
   830    705
   831    705
   832    705
   833    705
   834    705
   835    705
   836    705
   837    705
   838    705
   839    705
   840    705
   841    705
   842    705
   843    705
   844    705
   845    705
   846    705
   847    705
   848    705
   849    705
   850    705
   827    706
   828    706
   829    706
   830    706
   831    706
   832    706
   833    706
   834    706
   835    706
   836    706
   837    706
   838    706
   839    706
   840    706
   841    706
   842    706
   843    706
   844    706
   845    706
   846    706
   847    706
   848    706
   849    706
   850    706
   827    707
   828    707
   829    707
   830    707
   831    707
   832    707
   833    707
   834    707
   835    707
   836    707
   837    707
   838    707
   839    707
   840    707
   841    707
   842    707
   843    707
   844    707
   845    707
   846    707
   847    707
   848    707
   849    707
   850    707
   827    708
   828    708
   829    708
   830    708
   831    708
   832    708
   833    708
   834    708
   835    708
   836    708
   837    708
   838    708
   839    708
   840    708
   841    708
   842    708
   843    708
   844    708
   845    708
   846    708
   847    708
   848    708
   849    708
   850    708
   827    709
   828    709
   829    709
   830    709
   831    709
   832    709
   833    709
   834    709
   835    709
   836    709
   837    709
   838    709
   839    709
   840    709
   841    709
   842    709
   843    709
   844    709
   845    709
   846    709
   847    709
   848    709
   849    709
   850    709
   827    710
   828    710
   829    710
   830    710
   831    710
   832    710
   833    710
   834    710
   835    710
   836    710
   837    710
   838    710
   839    710
   840    710
   841    710
   842    710
   843    710
   844    710
   845    710
   846    710
   847    710
   848    710
   849    710
   850    710
   828    711
   829    711
   830    711
   831    711
   832    711
   833    711
   834    711
   835    711
   836    711
   837    711
   838    711
   839    711
   840    711
   841    711
   842    711
   843    711
   844    711
   845    711
   846    711
   847    711
   848    711
   849    711
   828    712
   829    712
   830    712
   831    712
   832    712
   833    712
   834    712
   835    712
   836    712
   837    712
   838    712
   839    712
   840    712
   841    712
   842    712
   843    712
   844    712
   845    712
   846    712
   847    712
   848    712
   849    712
   828    713
   829    713
   830    713
   831    713
   832    713
   833    713
   834    713
   835    713
   836    713
   837    713
   838    713
   839    713
   840    713
   841    713
   842    713
   843    713
   844    713
   845    713
   846    713
   847    713
   848    713
   849    713
   829    714
   830    714
   831    714
   832    714
   833    714
   834    714
   835    714
   836    714
   837    714
   838    714
   839    714
   840    714
   841    714
   842    714
   843    714
   844    714
   845    714
   846    714
   847    714
   848    714
   831    716
   832    716
   833    716
   834    716
   835    716
   836    716
   837    716
   838    716
   839    716
   840    716
   841    716
   842    716
   843    716
   844    716
   845    716
   846    716
