   273    668
   275    668
   276    668
   277    668
   278    668
   279    668
   281    668
   279    669
   280    669
   281    669
   282    669
   283    669
   284    669
   285    669
   286    669
   287    669
   288    669
   289    669
   290    669
   291    669
   292    669
   287    670
   288    670
   289    670
   290    670
   291    670
   292    670
   293    670
   294    670
   295    670
   296    670
   297    670
   298    670
   299    670
   293    671
   294    671
   295    671
   296    671
   297    671
   298    671
   299    671
   300    671
   301    671
   302    671
   303    671
   304    671
   302    672
   308    672
   309    672
   310    672
   311    672
   312    672
   313    672
   314    672
   315    672
   309    673
   310    673
   311    673
   312    673
   313    673
   314    673
   315    673
   316    673
   317    673
   318    673
   319    673
   320    673
   321    673
   315    674
   316    674
   317    674
   318    674
   319    674
   320    674
   321    674
   322    674
   323    674
   324    674
   325    674
   326    674
   327    674
   322    675
   323    675
   324    675
   325    675
   326    675
   327    675
   328    675
   329    675
   330    675
   331    675
   332    675
   333    675
   334    675
   328    676
   329    676
   330    676
   331    676
   332    676
   333    676
   334    676
   335    676
   336    676
   337    676
   338    676
   339    676
   340    676
   341    676
   342    676
   337    677
   338    677
   339    677
   340    677
   341    677
   342    677
   343    677
   344    677
   345    677
   346    677
   347    677
   348    677
   349    677
   350    677
   342    678
   343    678
   344    678
   345    678
   346    678
   347    678
   348    678
   349    678
   350    678
   351    678
   352    678
   353    678
   354    678
   355    678
   356    678
   348    679
   349    679
   350    679
   351    679
   352    679
   353    679
   354    679
   355    679
   356    679
   357    679
   358    679
   359    679
   360    679
   361    679
   362    679
   363    679
   354    680
   355    680
   356    680
   357    680
   358    680
   359    680
   360    680
   361    680
   362    680
   363    680
   364    680
   365    680
   366    680
   367    680
   368    680
   369    680
   370    680
   360    681
   361    681
   362    681
   363    681
   364    681
   365    681
   366    681
   367    681
   368    681
   369    681
   370    681
   371    681
   372    681
   373    681
   374    681
   375    681
   366    682
   367    682
   368    682
   369    682
   370    682
   371    682
   372    682
   373    682
   374    682
   375    682
   376    682
   377    682
   378    682
   379    682
   380    682
   381    682
   373    683
   374    683
   375    683
   376    683
   377    683
   378    683
   379    683
   380    683
   381    683
   382    683
   383    683
   384    683
   385    683
   386    683
   387    683
   379    684
   380    684
   381    684
   382    684
   383    684
   384    684
   385    684
   386    684
   387    684
   388    684
   389    684
   390    684
   391    684
   392    684
   384    685
   385    685
   386    685
   387    685
   388    685
   389    685
   390    685
   391    685
   392    685
   393    685
   394    685
   395    685
   396    685
   397    685
   398    685
   389    686
   390    686
   391    686
   392    686
   393    686
   394    686
   395    686
   396    686
   397    686
   398    686
   399    686
   400    686
   401    686
   402    686
   403    686
   404    686
   395    687
   396    687
   397    687
   398    687
   399    687
   400    687
   401    687
   402    687
   403    687
   404    687
   405    687
   406    687
   407    687
   408    687
   409    687
   410    687
   400    688
   401    688
   402    688
   403    688
   404    688
   405    688
   406    688
   407    688
   408    688
   409    688
   410    688
   411    688
   412    688
   413    688
   414    688
   415    688
   405    689
   406    689
   407    689
   408    689
   409    689
   410    689
   411    689
   412    689
   413    689
   414    689
   415    689
   416    689
   417    689
   418    689
   419    689
   420    689
   410    690
   411    690
   412    690
   413    690
   414    690
   415    690
   416    690
   417    690
   418    690
   419    690
   420    690
   421    690
   422    690
   423    690
   424    690
   416    691
   417    691
   418    691
   419    691
   420    691
   421    691
   422    691
   423    691
   424    691
   425    691
   426    691
   427    691
   428    691
   422    692
   423    692
   424    692
   425    692
   426    692
   427    692
   428    692
   429    692
   430    692
   431    692
   432    692
   433    692
   434    692
   425    693
   426    693
   427    693
   428    693
   429    693
   430    693
   431    693
   432    693
   433    693
   434    693
   435    693
   436    693
   437    693
   438    693
   439    693
   429    694
   430    694
   431    694
   432    694
   433    694
   434    694
   435    694
   436    694
   437    694
   438    694
   439    694
   440    694
   441    694
   433    695
   434    695
   435    695
   436    695
   437    695
   438    695
   439    695
   440    695
   441    695
   442    695
   443    695
   444    695
   445    695
   446    695
   436    696
   437    696
   438    696
   439    696
   440    696
   441    696
   442    696
   443    696
   444    696
   445    696
   446    696
   447    696
   448    696
   449    696
   450    696
   451    696
   440    697
   441    697
   442    697
   443    697
   444    697
   445    697
   446    697
   447    697
   448    697
   449    697
   450    697
   451    697
   452    697
   453    697
   454    697
   455    697
   445    698
   446    698
   447    698
   448    698
   449    698
   450    698
   451    698
   452    698
   453    698
   454    698
   455    698
   456    698
   457    698
   458    698
   459    698
   449    699
   450    699
   451    699
   452    699
   453    699
   454    699
   455    699
   456    699
   457    699
   458    699
   459    699
   460    699
   461    699
   462    699
   463    699
   453    700
   454    700
   455    700
   456    700
   457    700
   458    700
   459    700
   460    700
   461    700
   462    700
   463    700
   464    700
   465    700
   466    700
   467    700
   459    701
   460    701
   461    701
   462    701
   463    701
   464    701
   465    701
   466    701
   467    701
   468    701
   469    701
   470    701
   471    701
   462    702
   463    702
   464    702
   465    702
   466    702
   467    702
   468    702
   469    702
   470    702
   471    702
   472    702
   473    702
   474    702
   464    703
   465    703
   466    703
   467    703
   468    703
   469    703
   470    703
   471    703
   472    703
   473    703
   474    703
   475    703
   476    703
   477    703
   478    703
   479    703
   468    704
   469    704
   470    704
   471    704
   472    704
   473    704
   474    704
   475    704
   476    704
   477    704
   478    704
   479    704
   480    704
   481    704
   482    704
   472    705
   473    705
   474    705
   475    705
   476    705
   477    705
   478    705
   479    705
   480    705
   481    705
   482    705
   483    705
   484    705
   485    705
   486    705
   474    706
   475    706
   476    706
   477    706
   478    706
   479    706
   480    706
   481    706
   482    706
   483    706
   484    706
   485    706
   486    706
   487    706
   488    706
   489    706
   490    706
   478    707
   479    707
   480    707
   481    707
   482    707
   483    707
   484    707
   485    707
   486    707
   487    707
   488    707
   489    707
   490    707
   491    707
   492    707
   493    707
   481    708
   491    708
   492    708
   493    708
   494    708
   495    708
   496    708
   493    709
   494    709
   495    709
   496    709
   497    709
   498    709
   499    709
   489    710
   490    710
   491    710
   492    710
   493    710
   494    710
   495    710
   496    710
   497    710
   498    710
   499    710
   500    710
   501    710
   502    710
   503    710
   492    711
   493    711
   494    711
   495    711
   496    711
   497    711
   498    711
   499    711
   500    711
   501    711
   502    711
   503    711
   504    711
   505    711
   496    712
   497    712
   498    712
   499    712
   500    712
   502    712
   503    712
   504    712
   505    712
   506    712
   507    712
   508    712
   497    713
   498    713
   499    713
   500    713
   501    713
   503    713
   504    713
   505    713
   507    713
   508    713
   509    713
   510    713
   511    713
   512    713
   501    714
   502    714
   503    714
   504    714
   505    714
   506    714
   507    714
   509    714
   510    714
   511    714
   512    714
   513    714
   514    714
   504    715
   505    715
   506    715
   507    715
   508    715
   509    715
   510    715
   513    715
   516    715
   517    715
   518    715
   509    716
   510    716
   518    716
   519    716
   520    716
   521    716
   512    717
   513    717
   520    717
   521    717
   522    717
   523    717
   513    718
   514    718
