   899    696
   901    696
   898    697
   901    697
   898    698
   901    698
   898    699
   901    699
   898    700
   901    700
   898    701
   901    701
   898    702
   901    702
   898    703
   901    703
   898    704
   901    704
   898    705
   901    705
   898    706
   901    706
   898    707
   901    707
   897    708
   901    708
   897    709
   901    709
   897    710
   901    710
   897    711
   901    711
   897    712
   901    712
   897    713
   901    713
   897    714
   901    714
   897    715
   901    715
   897    716
   901    716
   897    717
   901    717
   897    718
   901    718
   896    719
   901    719
   896    720
   901    720
   896    721
   901    721
   896    722
   901    722
   896    723
   901    723
   896    724
   901    724
   896    725
   901    725
   896    726
   901    726
   896    727
   902    727
   896    728
   902    728
   896    729
   902    729
   896    730
   902    730
   896    731
   902    731
   896    732
   902    732
   896    733
   902    733
   895    734
   902    734
   895    735
   902    735
   895    736
   902    736
   895    737
   901    737
   895    738
   901    738
   895    739
   901    739
   895    740
   901    740
   895    741
   901    741
   894    742
   901    742
   894    743
   901    743
   894    744
   901    744
   894    745
   901    745
   894    746
   901    746
   894    747
   901    747
   893    748
   901    748
   893    749
   901    749
   893    750
   901    750
   893    751
   901    751
   893    752
   901    752
   893    753
   901    753
   893    754
   901    754
   893    755
   901    755
   893    756
   901    756
   892    757
   901    757
   892    758
   901    758
   892    759
   901    759
   892    760
   901    760
   892    761
   901    761
   892    762
   901    762
   892    763
   901    763
   892    764
   901    764
   892    765
   901    765
   891    766
   901    766
   891    767
   901    767
   891    768
   901    768
   891    769
   901    769
   891    770
   901    770
   891    771
   901    771
   891    772
   901    772
   891    773
   901    773
   890    774
   901    774
   890    775
   901    775
   890    776
   901    776
   890    777
   901    777
   901    778
   901    779
   901    780
   901    781
