   914    714
   909    715
   914    715
   915    715
   909    716
   914    716
   916    716
   909    717
   914    717
   909    718
   914    718
   909    719
   914    719
   909    720
   914    720
   909    721
   914    721
   909    722
   914    722
   909    723
   914    723
   909    724
   914    724
   909    725
   915    725
   909    726
   915    726
   909    727
   915    727
   909    728
   915    728
   909    729
   915    729
   909    730
   915    730
   909    731
   915    731
   909    732
   915    732
   909    733
   915    733
   909    734
   915    734
   908    735
   915    735
   908    736
   915    736
   908    737
   915    737
   916    737
   908    738
   915    738
   908    739
   915    739
   908    740
   915    740
   908    741
   915    741
   908    742
   915    742
   908    743
   915    743
   908    744
   915    744
   908    745
   916    745
   908    746
   916    746
   908    747
   916    747
   908    748
   916    748
   908    749
   916    749
   908    750
   916    750
   908    751
   916    751
   908    752
   916    752
   908    753
   916    753
   908    754
   916    754
   908    755
   916    755
   908    756
   916    756
   908    757
   916    757
   908    758
   916    758
   908    759
   916    759
   908    760
   916    760
   908    761
   916    761
   908    762
   916    762
   907    763
   917    763
   907    764
   917    764
   907    765
   917    765
   907    766
   917    766
   907    767
   917    767
   907    768
   917    768
   907    769
   917    769
   907    770
   917    770
   907    771
   917    771
   907    772
   917    772
   907    773
   917    773
   907    774
   917    774
   907    775
   918    775
   907    776
   918    776
   907    777
   918    777
   907    778
   918    778
   907    779
   918    779
   907    780
   918    780
   918    781
   918    782
   918    783
