   909    711
   913    711
   909    712
   913    712
   914    712
   909    713
   914    713
   915    713
   909    714
   909    715
   914    715
   907    716
   908    716
   909    716
   914    716
   909    717
   914    717
   909    718
   914    718
   909    719
   914    719
   909    720
   914    720
   909    721
   914    721
   909    722
   914    722
   909    723
   914    723
   909    724
   914    724
   909    725
   914    725
   909    726
   915    726
   909    727
   915    727
   909    728
   915    728
   909    729
   915    729
   909    730
   915    730
   909    731
   915    731
   909    732
   915    732
   909    733
   915    733
   909    734
   915    734
   908    735
   915    735
   908    736
   915    736
   908    737
   915    737
   908    738
   908    739
   908    740
   908    741
   908    742
   908    743
   908    744
   908    745
