   901    705
   904    705
   901    706
   904    706
   901    707
   904    707
   901    708
   904    708
   900    709
   904    709
   900    710
   904    710
   900    711
   903    711
   900    712
   903    712
   900    713
   903    713
   899    714
   903    714
   899    715
   903    715
   899    716
   903    716
   899    717
   903    717
   899    718
   903    718
   899    719
   903    719
   898    720
   903    720
   898    721
   903    721
   898    722
   903    722
   898    723
   903    723
   897    724
   902    724
   897    725
   902    725
   897    726
   902    726
   896    727
   902    727
   896    728
   902    728
   896    729
   901    729
   896    730
   901    730
   895    731
   901    731
   895    732
   901    732
   895    733
   901    733
   895    734
   901    734
   895    735
   901    735
   895    736
   901    736
   895    737
   901    737
   894    738
   901    738
   894    739
   901    739
   894    740
   901    740
   894    741
   901    741
   894    742
   901    742
   894    743
   901    743
   893    744
   900    744
   893    745
   900    745
   893    746
   900    746
   893    747
   900    747
   893    748
   900    748
   892    749
   900    749
   892    750
   900    750
   892    751
   900    751
   891    752
   899    752
   891    753
   899    753
   891    754
   899    754
   891    755
   899    755
   890    756
   899    756
   890    757
   898    757
   890    758
   898    758
   890    759
   898    759
   889    760
   898    760
   889    761
   898    761
   889    762
   898    762
   889    763
   898    763
   888    764
   897    764
   888    765
   897    765
   888    766
   897    766
   888    767
   897    767
   888    768
   897    768
   888    769
   897    769
   887    770
   897    770
   887    771
   897    771
   887    772
   897    772
   887    773
   897    773
   887    774
   897    774
   887    775
   897    775
   887    776
   897    776
   886    777
   897    777
   886    778
   896    778
   886    779
   896    779
   885    780
   896    780
   885    781
   896    781
   885    782
   896    782
   884    783
   896    783
   884    784
   896    784
   884    785
   896    785
   884    786
   895    786
   883    787
   895    787
   883    788
   895    788
   883    789
   895    789
   882    790
   895    790
   882    791
   895    791
   882    792
   894    792
   882    793
   894    793
   881    794
   894    794
   894    795
   894    796
   894    797
   894    798
