   900    710
   904    710
   900    711
   903    711
   900    712
   903    712
   900    713
   903    713
   900    714
   903    714
   899    715
   903    715
   899    716
   903    716
   899    717
   903    717
   899    718
   903    718
   899    719
   903    719
   898    720
   903    720
   898    721
   903    721
   898    722
   903    722
   898    723
   903    723
   897    724
   902    724
   897    725
   902    725
   897    726
   902    726
   897    727
   902    727
   896    728
   902    728
   896    729
   902    729
   896    730
   901    730
   895    731
   901    731
   895    732
   901    732
   895    733
   901    733
   895    734
   901    734
   895    735
   901    735
   895    736
   901    736
   894    737
   901    737
   894    738
   901    738
   894    739
   901    739
   894    740
   901    740
   894    741
   901    741
   894    742
   901    742
   893    743
   900    743
   893    744
   900    744
   893    745
   900    745
   893    746
   900    746
   892    747
   900    747
   892    748
   900    748
   892    749
   900    749
   892    750
   900    750
   892    751
   900    751
   891    752
   899    752
   891    753
   899    753
   891    754
   899    754
   891    755
   899    755
   890    756
   899    756
   890    757
   898    757
   890    758
   898    758
   889    759
   898    759
   889    760
   898    760
   889    761
   898    761
   889    762
   897    762
   888    763
   897    763
   888    764
   897    764
   888    765
   897    765
   888    766
   897    766
   887    767
   897    767
   887    768
   896    768
   887    769
   896    769
   887    770
   896    770
   887    771
   896    771
   887    772
   896    772
   886    773
   896    773
   886    774
   896    774
   886    775
   896    775
   886    776
   896    776
   886    777
   896    777
   886    778
   896    778
   886    779
   896    779
   885    780
   896    780
   885    781
   896    781
   885    782
   896    782
   885    783
   895    783
   884    784
   895    784
   884    785
   895    785
   884    786
   895    786
   883    787
   896    787
   883    788
   883    789
   882    790
   882    791
   882    792
   881    793
