   901    705
   904    705
   901    706
   904    706
   901    707
   904    707
   901    708
   904    708
   900    709
   904    709
   900    710
   904    710
   900    711
   903    711
   900    712
   903    712
   900    713
   903    713
   900    714
   903    714
   899    715
   904    715
   899    716
   903    716
   899    717
   903    717
   899    718
   903    718
   899    719
   903    719
   898    720
   903    720
   898    721
   903    721
   898    722
   903    722
   898    723
   903    723
   897    724
   902    724
   897    725
   902    725
   897    726
   902    726
   897    727
   902    727
   896    728
   902    728
   896    729
   902    729
   896    730
   901    730
   896    731
   901    731
   895    732
   901    732
   895    733
   901    733
   895    734
   901    734
   895    735
   901    735
   895    736
   901    736
   895    737
   901    737
   894    738
   901    738
   894    739
   901    739
   894    740
   901    740
   894    741
   901    741
   894    742
   901    742
   894    743
   901    743
   893    744
   901    744
   893    745
   900    745
   893    746
   900    746
   893    747
   900    747
   893    748
   892    749
   892    750
   892    751
   891    752
   891    753
   891    754
   891    755
   890    756
   890    757
   890    758
   890    759
   889    760
   889    761
   889    762
   888    763
   888    764
   888    765
   888    766
   887    767
