   918    714
   918    715
   914    716
   918    716
   914    717
   918    717
   914    718
   918    718
   914    719
   918    719
   913    720
   918    720
   913    721
   918    721
   913    722
   918    722
   913    723
   918    723
   913    724
   918    724
   913    725
   918    725
   913    726
   918    726
   913    727
   918    727
   913    728
   918    728
   913    729
   918    729
   913    730
   918    730
   912    731
   918    731
   912    732
   918    732
   912    733
   918    733
   912    734
   918    734
   912    735
   918    735
   912    736
   918    736
   912    737
   918    737
   912    738
   918    738
   911    739
   918    739
   911    740
   918    740
   911    741
   918    741
   911    742
   918    742
   911    743
   918    743
   911    744
   918    744
   911    745
   918    745
   911    746
   918    746
   911    747
   918    747
   911    748
   918    748
   911    749
   918    749
   910    750
   918    750
   910    751
   918    751
   910    752
   918    752
   910    753
   918    753
   910    754
   918    754
   910    755
   918    755
   910    756
   918    756
   909    757
   918    757
   909    758
   918    758
   909    759
   918    759
   909    760
   918    760
   909    761
   918    761
   909    762
   917    762
   909    763
   917    763
   909    764
   917    764
   909    765
   918    765
   908    766
   918    766
   908    767
   918    767
   908    768
   918    768
   908    769
   917    769
   908    770
   917    770
   908    771
   917    771
   908    772
   917    772
   908    773
   917    773
   907    774
   917    774
   907    775
   917    775
   907    776
   917    776
   917    777
   917    778
   917    779
