  1283    722
  1284    722
  1285    722
  1286    722
  1287    722
  1288    722
  1289    722
  1277    723
  1278    723
  1279    723
  1280    723
  1281    723
  1282    723
  1278    724
  1279    724
  1275    725
  1276    725
  1277    725
  1278    725
  1269    726
  1270    726
  1271    726
  1272    726
  1273    726
  1274    726
  1275    726
  1263    727
  1264    727
  1265    727
  1266    727
  1267    727
  1268    727
  1257    728
  1258    728
  1259    728
  1260    728
  1261    728
  1262    728
  1252    729
  1253    729
  1254    729
  1255    729
  1256    729
  1230    730
  1231    730
  1232    730
  1233    730
  1234    730
  1235    730
  1236    730
  1243    730
  1244    730
  1245    730
  1246    730
  1247    730
  1248    730
  1249    730
  1250    730
  1251    730
  1223    731
  1224    731
  1225    731
  1226    731
  1227    731
  1228    731
  1229    731
  1236    731
  1237    731
  1238    731
  1239    731
  1240    731
  1241    731
  1242    731
  1223    733
  1224    733
  1229    733
  1230    733
  1231    733
  1232    733
  1233    733
  1234    733
  1235    733
  1236    733
  1222    734
  1225    734
  1226    734
  1227    734
  1228    734
  1218    735
  1219    735
  1220    735
  1221    735
  1222    735
  1213    736
  1214    736
  1215    736
  1216    736
  1217    736
  1209    737
  1210    737
  1211    737
  1212    737
  1187    738
  1188    738
  1189    738
  1204    738
  1205    738
  1206    738
  1207    738
  1208    738
  1185    739
  1186    739
  1200    739
  1201    739
  1202    739
  1203    739
  1181    740
  1182    740
  1183    740
  1184    740
  1187    740
  1188    740
  1189    740
  1196    740
  1197    740
  1198    740
  1199    740
  1154    741
  1155    741
  1156    741
  1157    741
  1158    741
  1159    741
  1160    741
  1161    741
  1162    741
  1176    741
  1177    741
  1178    741
  1179    741
  1180    741
  1191    741
  1192    741
  1193    741
  1194    741
  1195    741
  1150    742
  1151    742
  1152    742
  1153    742
  1163    742
  1164    742
  1165    742
  1171    742
  1172    742
  1173    742
  1174    742
  1175    742
  1184    742
  1185    742
  1186    742
  1187    742
  1188    742
  1189    742
  1190    742
  1147    743
  1148    743
  1149    743
  1158    743
  1159    743
  1160    743
  1161    743
  1162    743
  1166    743
  1167    743
  1168    743
  1169    743
  1170    743
  1180    743
  1181    743
  1138    744
  1139    744
  1140    744
  1141    744
  1142    744
  1143    744
  1144    744
  1145    744
  1154    744
  1155    744
  1156    744
  1157    744
  1163    744
  1164    744
  1165    744
  1174    744
  1175    744
  1176    744
  1177    744
  1178    744
  1179    744
  1134    745
  1135    745
  1136    745
  1137    745
  1150    745
  1151    745
  1152    745
  1153    745
  1159    745
  1160    745
  1161    745
  1162    745
  1167    745
  1168    745
  1169    745
  1170    745
  1171    745
  1172    745
  1173    745
  1174    745
  1131    746
  1132    746
  1133    746
  1140    746
  1141    746
  1142    746
  1147    746
  1148    746
  1149    746
  1155    746
  1156    746
  1157    746
  1158    746
  1164    746
  1165    746
  1166    746
  1127    747
  1128    747
  1129    747
  1130    747
  1135    747
  1136    747
  1137    747
  1138    747
  1139    747
  1144    747
  1145    747
  1146    747
  1152    747
  1153    747
  1154    747
  1160    747
  1161    747
  1162    747
  1163    747
  1169    747
  1170    747
  1171    747
  1172    747
  1173    747
  1124    748
  1125    748
  1126    748
  1133    748
  1134    748
  1135    748
  1141    748
  1142    748
  1143    748
  1149    748
  1150    748
  1151    748
  1157    748
  1158    748
  1159    748
  1166    748
  1167    748
  1168    748
  1121    749
  1122    749
  1123    749
  1129    749
  1130    749
  1131    749
  1132    749
  1138    749
  1139    749
  1140    749
  1146    749
  1147    749
  1148    749
  1154    749
  1155    749
  1156    749
  1163    749
  1164    749
  1165    749
  1117    750
  1118    750
  1119    750
  1120    750
  1126    750
  1127    750
  1128    750
  1134    750
  1135    750
  1136    750
  1137    750
  1143    750
  1144    750
  1145    750
  1151    750
  1152    750
  1153    750
  1160    750
  1161    750
  1162    750
  1115    751
  1116    751
  1123    751
  1124    751
  1125    751
  1131    751
  1132    751
  1133    751
  1140    751
  1141    751
  1142    751
  1148    751
  1149    751
  1150    751
  1157    751
  1158    751
  1159    751
  1111    752
  1112    752
  1113    752
  1114    752
  1120    752
  1121    752
  1122    752
  1128    752
  1129    752
  1130    752
  1137    752
  1138    752
  1139    752
  1145    752
  1146    752
  1147    752
  1153    752
  1154    752
  1155    752
  1156    752
  1108    753
  1109    753
  1110    753
  1117    753
  1118    753
  1119    753
  1126    753
  1127    753
  1134    753
  1135    753
  1136    753
  1143    753
  1144    753
  1151    753
  1152    753
  1153    753
  1103    754
  1104    754
  1105    754
  1106    754
  1107    754
  1115    754
  1116    754
  1122    754
  1123    754
  1124    754
  1125    754
  1131    754
  1132    754
  1133    754
  1140    754
  1141    754
  1142    754
  1149    754
  1150    754
  1112    755
  1113    755
  1114    755
  1120    755
  1121    755
  1122    755
  1128    755
  1129    755
  1130    755
  1136    755
  1137    755
  1138    755
  1139    755
  1146    755
  1147    755
  1148    755
  1102    756
  1103    756
  1108    756
  1109    756
  1110    756
  1111    756
  1118    756
  1119    756
  1120    756
  1126    756
  1127    756
  1128    756
  1134    756
  1135    756
  1143    756
  1144    756
  1145    756
  1103    757
  1104    757
  1105    757
  1106    757
  1107    757
  1115    757
  1116    757
  1117    757
  1123    757
  1124    757
  1125    757
  1132    757
  1133    757
  1134    757
  1137    757
  1138    757
  1139    757
  1140    757
  1141    757
  1142    757
  1113    758
  1114    758
  1121    758
  1122    758
  1110    759
  1111    759
  1112    759
  1118    759
  1119    759
  1120    759
  1107    760
  1108    760
  1109    760
  1116    760
  1117    760
  1118    760
  1087    761
  1088    761
  1089    761
  1090    761
  1091    761
  1092    761
  1105    761
  1106    761
  1114    761
  1115    761
  1123    761
  1124    761
  1125    761
  1126    761
  1127    761
  1128    761
  1129    761
  1130    761
  1083    762
  1084    762
  1085    762
  1086    762
  1094    762
  1095    762
  1102    762
  1103    762
  1104    762
  1111    762
  1112    762
  1113    762
  1120    762
  1121    762
  1122    762
  1081    763
  1082    763
  1090    763
  1091    763
  1092    763
  1093    763
  1094    763
  1099    763
  1100    763
  1101    763
  1108    763
  1109    763
  1110    763
  1117    763
  1118    763
  1119    763
  1128    763
  1129    763
  1130    763
  1078    764
  1079    764
  1080    764
  1087    764
  1088    764
  1089    764
  1090    764
  1097    764
  1098    764
  1099    764
  1106    764
  1107    764
  1108    764
  1115    764
  1116    764
  1117    764
  1125    764
  1126    764
  1127    764
  1075    765
  1076    765
  1077    765
  1085    765
  1086    765
  1087    765
  1095    765
  1096    765
  1097    765
  1104    765
  1105    765
  1106    765
  1113    765
  1114    765
  1115    765
  1122    765
  1123    765
  1124    765
  1073    766
  1074    766
  1082    766
  1083    766
  1084    766
  1093    766
  1094    766
  1102    766
  1103    766
  1104    766
  1110    766
  1111    766
  1112    766
  1121    766
  1122    766
  1070    767
  1071    767
  1072    767
  1079    767
  1080    767
  1081    767
  1090    767
  1091    767
  1092    767
  1099    767
  1100    767
  1101    767
  1102    767
  1108    767
  1109    767
  1110    767
  1118    767
  1119    767
  1120    767
  1067    768
  1068    768
  1069    768
  1078    768
  1079    768
  1088    768
  1089    768
  1090    768
  1097    768
  1098    768
  1099    768
  1106    768
  1107    768
  1108    768
  1116    768
  1117    768
  1118    768
  1065    769
  1066    769
  1075    769
  1076    769
  1077    769
  1086    769
  1087    769
  1088    769
  1095    769
  1096    769
  1097    769
  1104    769
  1105    769
  1106    769
  1114    769
  1115    769
  1116    769
  1062    770
  1063    770
  1064    770
  1072    770
  1073    770
  1074    770
  1083    770
  1084    770
  1085    770
  1086    770
  1093    770
  1094    770
  1095    770
  1102    770
  1103    770
  1104    770
  1113    770
  1114    770
  1060    771
  1061    771
  1062    771
  1070    771
  1071    771
  1072    771
  1081    771
  1082    771
  1083    771
  1091    771
  1092    771
  1093    771
  1100    771
  1101    771
  1102    771
  1111    771
  1112    771
  1113    771
  1058    772
  1059    772
  1060    772
  1068    772
  1069    772
  1070    772
  1079    772
  1080    772
  1081    772
  1089    772
  1090    772
  1091    772
  1098    772
  1099    772
  1100    772
  1109    772
  1110    772
  1111    772
  1056    773
  1057    773
  1058    773
  1066    773
  1067    773
  1068    773
  1077    773
  1078    773
  1079    773
  1087    773
  1088    773
  1089    773
  1096    773
  1097    773
  1098    773
  1107    773
  1108    773
  1109    773
  1053    774
  1054    774
  1055    774
  1064    774
  1065    774
  1066    774
  1075    774
  1076    774
  1085    774
  1086    774
  1087    774
  1095    774
  1096    774
  1106    774
  1107    774
  1051    775
  1052    775
  1053    775
  1062    775
  1063    775
  1064    775
  1073    775
  1074    775
  1075    775
  1083    775
  1084    775
  1085    775
  1093    775
  1094    775
  1095    775
  1104    775
  1105    775
  1106    775
  1048    776
  1049    776
  1050    776
  1051    776
  1060    776
  1061    776
  1062    776
  1071    776
  1072    776
  1073    776
  1081    776
  1082    776
  1083    776
  1090    776
  1091    776
  1092    776
  1093    776
  1102    776
  1103    776
  1104    776
  1059    777
  1060    777
  1069    777
  1070    777
  1071    777
  1079    777
  1080    777
  1081    777
  1088    777
  1089    777
  1090    777
  1101    777
  1102    777
  1048    778
  1049    778
  1050    778
  1051    778
  1052    778
  1053    778
  1054    778
  1055    778
  1056    778
  1057    778
  1058    778
  1067    778
  1068    778
  1069    778
  1077    778
  1078    778
  1079    778
  1091    778
  1093    778
  1094    778
  1098    778
  1099    778
  1100    778
  1101    778
  1065    779
  1066    779
  1067    779
  1076    779
  1077    779
  1090    779
  1091    779
  1092    779
  1095    779
  1096    779
  1097    779
  1064    780
  1065    780
  1074    780
  1075    780
  1076    780
  1062    781
  1063    781
  1064    781
  1073    781
  1074    781
  1060    782
  1061    782
  1062    782
  1071    782
  1072    782
  1073    782
  1058    783
  1059    783
  1060    783
  1069    783
  1070    783
  1071    783
  1057    784
  1058    784
  1067    784
  1068    784
  1069    784
  1031    785
  1032    785
  1033    785
  1034    785
  1035    785
  1036    785
  1037    785
  1038    785
  1039    785
  1040    785
  1041    785
  1055    785
  1056    785
  1057    785
  1066    785
  1067    785
  1087    785
  1028    786
  1029    786
  1030    786
  1053    786
  1054    786
  1055    786
  1064    786
  1065    786
  1066    786
  1075    786
  1076    786
  1077    786
  1078    786
  1079    786
  1080    786
  1081    786
  1082    786
  1083    786
  1084    786
  1085    786
  1086    786
  1026    787
  1027    787
  1028    787
  1039    787
  1040    787
  1041    787
  1042    787
  1052    787
  1053    787
  1063    787
  1064    787
  1074    787
  1075    787
  1087    787
  1088    787
  1025    788
  1026    788
  1037    788
  1038    788
  1039    788
  1050    788
  1051    788
  1052    788
  1061    788
  1062    788
  1063    788
  1072    788
  1073    788
  1074    788
  1085    788
  1086    788
  1087    788
  1023    789
  1024    789
  1025    789
  1036    789
  1037    789
  1048    789
  1049    789
  1050    789
  1060    789
  1061    789
  1071    789
  1072    789
  1083    789
  1084    789
  1085    789
  1021    790
  1022    790
  1023    790
  1034    790
  1035    790
  1047    790
  1048    790
  1059    790
  1060    790
  1070    790
  1071    790
  1082    790
  1083    790
  1019    791
  1020    791
  1021    791
  1032    791
  1033    791
  1034    791
  1045    791
  1046    791
  1047    791
  1057    791
  1058    791
  1059    791
  1068    791
  1069    791
  1070    791
  1081    791
  1082    791
  1018    792
  1019    792
  1030    792
  1031    792
  1032    792
  1044    792
  1045    792
  1055    792
  1056    792
  1057    792
  1067    792
  1068    792
  1080    792
  1081    792
  1016    793
  1017    793
  1018    793
  1029    793
  1030    793
  1042    793
  1043    793
  1044    793
  1054    793
  1055    793
  1065    793
  1066    793
  1067    793
  1079    793
  1080    793
  1015    794
  1016    794
  1028    794
  1029    794
  1041    794
  1042    794
  1053    794
  1054    794
  1064    794
  1065    794
  1078    794
  1079    794
  1013    795
  1014    795
  1026    795
  1027    795
  1028    795
  1039    795
  1040    795
  1041    795
  1051    795
  1052    795
  1063    795
  1064    795
  1077    795
  1078    795
  1011    796
  1012    796
  1013    796
  1025    796
  1026    796
  1038    796
  1039    796
  1050    796
  1051    796
  1061    796
  1062    796
  1063    796
  1076    796
  1077    796
  1010    797
  1011    797
  1023    797
  1024    797
  1025    797
  1037    797
  1038    797
  1048    797
  1049    797
  1050    797
  1060    797
  1061    797
  1075    797
  1076    797
  1008    798
  1009    798
  1010    798
  1022    798
  1023    798
  1035    798
  1036    798
  1047    798
  1048    798
  1059    798
  1060    798
  1074    798
  1075    798
  1007    799
  1008    799
  1020    799
  1021    799
  1022    799
  1034    799
  1035    799
  1046    799
  1047    799
  1058    799
  1059    799
  1073    799
  1074    799
  1005    800
  1006    800
  1007    800
  1019    800
  1020    800
  1032    800
  1033    800
  1034    800
  1045    800
  1046    800
  1057    800
  1058    800
  1072    800
  1073    800
  1004    801
  1005    801
  1018    801
  1019    801
  1031    801
  1032    801
  1044    801
  1045    801
  1056    801
  1057    801
  1071    801
  1072    801
  1003    802
  1004    802
  1017    802
  1018    802
  1030    802
  1031    802
  1042    802
  1043    802
  1044    802
  1055    802
  1056    802
  1070    802
  1071    802
  1003    803
  1015    803
  1016    803
  1028    803
  1029    803
  1030    803
  1041    803
  1042    803
  1054    803
  1055    803
  1069    803
  1070    803
  1014    804
  1015    804
  1027    804
  1028    804
  1040    804
  1041    804
  1054    804
  1069    804
  1013    805
  1014    805
  1026    805
  1027    805
  1039    805
  1040    805
  1053    805
  1054    805
  1068    805
  1069    805
  1012    806
  1013    806
  1025    806
  1026    806
  1038    806
  1039    806
  1052    806
  1053    806
  1067    806
  1068    806
  1012    807
  1024    807
  1025    807
  1037    807
  1038    807
  1051    807
  1052    807
  1067    807
  1036    808
  1037    808
  1050    808
  1051    808
  1066    808
  1067    808
  1035    809
  1036    809
  1050    809
  1065    809
  1066    809
  1035    810
  1049    810
  1050    810
  1065    810
  1049    811
  1064    811
  1065    811
  1064    812
