  1307    717
  1308    717
  1285    718
  1286    718
  1287    718
  1288    718
  1289    718
  1290    718
  1291    718
  1292    718
  1304    718
  1305    718
  1306    718
  1276    719
  1277    719
  1278    719
  1279    719
  1280    719
  1281    719
  1282    719
  1283    719
  1284    719
  1293    719
  1299    719
  1300    719
  1301    719
  1302    719
  1303    719
  1293    720
  1294    720
  1295    720
  1296    720
  1297    720
  1298    720
  1310    720
  1311    720
  1312    720
  1313    720
  1294    721
  1302    721
  1303    721
  1304    721
  1305    721
  1306    721
  1307    721
  1308    721
  1309    721
  1275    722
  1280    722
  1281    722
  1282    722
  1283    722
  1284    722
  1285    722
  1286    722
  1287    722
  1288    722
  1289    722
  1290    722
  1294    722
  1295    722
  1296    722
  1297    722
  1298    722
  1299    722
  1300    722
  1301    722
  1274    723
  1276    723
  1277    723
  1278    723
  1279    723
  1291    723
  1292    723
  1293    723
  1277    724
  1273    725
  1274    725
  1275    725
  1266    726
  1267    726
  1268    726
  1269    726
  1270    726
  1271    726
  1272    726
  1259    727
  1260    727
  1261    727
  1262    727
  1263    727
  1264    727
  1265    727
  1254    728
  1255    728
  1256    728
  1257    728
  1258    728
  1214    729
  1247    729
  1248    729
  1249    729
  1250    729
  1251    729
  1252    729
  1253    729
  1213    730
  1223    730
  1227    730
  1228    730
  1229    730
  1230    730
  1231    730
  1232    730
  1233    730
  1234    730
  1235    730
  1236    730
  1241    730
  1242    730
  1243    730
  1244    730
  1245    730
  1246    730
  1211    731
  1212    731
  1213    731
  1221    731
  1222    731
  1224    731
  1225    731
  1226    731
  1237    731
  1238    731
  1239    731
  1240    731
  1191    732
  1192    732
  1193    732
  1194    732
  1195    732
  1196    732
  1198    732
  1205    732
  1206    732
  1207    732
  1208    732
  1209    732
  1210    732
  1186    733
  1187    733
  1188    733
  1189    733
  1190    733
  1197    733
  1199    733
  1200    733
  1201    733
  1202    733
  1203    733
  1204    733
  1222    733
  1223    733
  1224    733
  1180    734
  1181    734
  1182    734
  1183    734
  1184    734
  1185    734
  1196    734
  1220    734
  1221    734
  1224    734
  1174    735
  1175    735
  1176    735
  1177    735
  1178    735
  1179    735
  1196    735
  1215    735
  1216    735
  1217    735
  1218    735
  1219    735
  1169    736
  1170    736
  1171    736
  1172    736
  1173    736
  1209    736
  1210    736
  1211    736
  1212    736
  1213    736
  1214    736
  1164    737
  1165    737
  1166    737
  1167    737
  1168    737
  1205    737
  1206    737
  1207    737
  1208    737
  1159    738
  1160    738
  1161    738
  1162    738
  1163    738
  1184    738
  1185    738
  1201    738
  1202    738
  1203    738
  1204    738
  1154    739
  1155    739
  1156    739
  1157    739
  1158    739
  1182    739
  1183    739
  1197    739
  1198    739
  1199    739
  1200    739
  1177    740
  1178    740
  1179    740
  1180    740
  1181    740
  1193    740
  1194    740
  1195    740
  1196    740
  1151    741
  1152    741
  1153    741
  1154    741
  1155    741
  1156    741
  1157    741
  1158    741
  1173    741
  1174    741
  1175    741
  1176    741
  1181    741
  1188    741
  1189    741
  1190    741
  1191    741
  1192    741
  1147    742
  1148    742
  1149    742
  1150    742
  1159    742
  1160    742
  1161    742
  1162    742
  1167    742
  1168    742
  1169    742
  1170    742
  1171    742
  1172    742
  1182    742
  1183    742
  1184    742
  1185    742
  1186    742
  1187    742
  1154    743
  1155    743
  1156    743
  1157    743
  1158    743
  1163    743
  1164    743
  1165    743
  1166    743
  1176    743
  1177    743
  1178    743
  1135    744
  1136    744
  1137    744
  1138    744
  1139    744
  1140    744
  1150    744
  1151    744
  1152    744
  1153    744
  1160    744
  1161    744
  1162    744
  1168    744
  1169    744
  1170    744
  1171    744
  1172    744
  1173    744
  1174    744
  1175    744
  1131    745
  1132    745
  1133    745
  1134    745
  1147    745
  1148    745
  1149    745
  1156    745
  1157    745
  1158    745
  1159    745
  1164    745
  1165    745
  1166    745
  1167    745
  1175    745
  1128    746
  1129    746
  1130    746
  1137    746
  1138    746
  1139    746
  1144    746
  1145    746
  1146    746
  1152    746
  1153    746
  1154    746
  1155    746
  1161    746
  1162    746
  1163    746
  1171    746
  1124    747
  1125    747
  1126    747
  1127    747
  1133    747
  1134    747
  1135    747
  1136    747
  1141    747
  1142    747
  1143    747
  1149    747
  1150    747
  1151    747
  1157    747
  1158    747
  1159    747
  1160    747
  1166    747
  1167    747
  1168    747
  1169    747
  1170    747
  1121    748
  1122    748
  1123    748
  1130    748
  1131    748
  1132    748
  1138    748
  1139    748
  1140    748
  1146    748
  1147    748
  1148    748
  1154    748
  1155    748
  1156    748
  1163    748
  1164    748
  1165    748
  1118    749
  1119    749
  1120    749
  1126    749
  1127    749
  1128    749
  1129    749
  1135    749
  1136    749
  1137    749
  1143    749
  1144    749
  1145    749
  1151    749
  1152    749
  1153    749
  1159    749
  1160    749
  1161    749
  1162    749
  1115    750
  1116    750
  1117    750
  1123    750
  1124    750
  1125    750
  1132    750
  1133    750
  1134    750
  1140    750
  1141    750
  1142    750
  1148    750
  1149    750
  1150    750
  1157    750
  1158    750
  1111    751
  1112    751
  1113    751
  1114    751
  1120    751
  1121    751
  1122    751
  1128    751
  1129    751
  1130    751
  1131    751
  1137    751
  1138    751
  1139    751
  1145    751
  1146    751
  1147    751
  1154    751
  1155    751
  1156    751
  1108    752
  1109    752
  1110    752
  1117    752
  1118    752
  1119    752
  1126    752
  1127    752
  1134    752
  1135    752
  1136    752
  1142    752
  1143    752
  1144    752
  1151    752
  1152    752
  1153    752
  1104    753
  1105    753
  1106    753
  1107    753
  1115    753
  1116    753
  1123    753
  1124    753
  1125    753
  1131    753
  1132    753
  1133    753
  1140    753
  1141    753
  1142    753
  1148    753
  1149    753
  1150    753
  1112    754
  1113    754
  1114    754
  1120    754
  1121    754
  1122    754
  1128    754
  1129    754
  1130    754
  1136    754
  1137    754
  1138    754
  1139    754
  1146    754
  1147    754
  1148    754
  1096    755
  1097    755
  1098    755
  1108    755
  1109    755
  1110    755
  1111    755
  1117    755
  1118    755
  1119    755
  1126    755
  1127    755
  1134    755
  1135    755
  1136    755
  1143    755
  1144    755
  1145    755
  1094    756
  1095    756
  1099    756
  1100    756
  1101    756
  1102    756
  1103    756
  1104    756
  1105    756
  1106    756
  1107    756
  1115    756
  1116    756
  1117    756
  1123    756
  1124    756
  1125    756
  1131    756
  1132    756
  1133    756
  1138    756
  1139    756
  1140    756
  1141    756
  1142    756
  1089    757
  1090    757
  1091    757
  1092    757
  1093    757
  1112    757
  1113    757
  1114    757
  1120    757
  1121    757
  1122    757
  1130    757
  1131    757
  1135    757
  1136    757
  1137    757
  1110    758
  1111    758
  1112    758
  1118    758
  1119    758
  1134    758
  1098    759
  1107    759
  1108    759
  1109    759
  1115    759
  1116    759
  1117    759
  1087    760
  1088    760
  1089    760
  1090    760
  1091    760
  1092    760
  1093    760
  1095    760
  1096    760
  1097    760
  1104    760
  1105    760
  1106    760
  1113    760
  1114    760
  1083    761
  1084    761
  1085    761
  1086    761
  1094    761
  1102    761
  1103    761
  1111    761
  1112    761
  1119    761
  1120    761
  1121    761
  1122    761
  1123    761
  1124    761
  1125    761
  1126    761
  1127    761
  1080    762
  1081    762
  1082    762
  1090    762
  1091    762
  1092    762
  1093    762
  1099    762
  1100    762
  1101    762
  1107    762
  1108    762
  1109    762
  1110    762
  1117    762
  1118    762
  1077    763
  1078    763
  1079    763
  1087    763
  1088    763
  1089    763
  1090    763
  1096    763
  1097    763
  1098    763
  1105    763
  1106    763
  1107    763
  1114    763
  1115    763
  1116    763
  1124    763
  1125    763
  1126    763
  1127    763
  1075    764
  1076    764
  1084    764
  1085    764
  1086    764
  1094    764
  1095    764
  1096    764
  1103    764
  1104    764
  1105    764
  1112    764
  1113    764
  1114    764
  1121    764
  1122    764
  1123    764
  1124    764
  1072    765
  1073    765
  1074    765
  1082    765
  1083    765
  1091    765
  1092    765
  1093    765
  1101    765
  1102    765
  1110    765
  1111    765
  1112    765
  1120    765
  1121    765
  1069    766
  1070    766
  1071    766
  1079    766
  1080    766
  1081    766
  1089    766
  1090    766
  1091    766
  1098    766
  1099    766
  1100    766
  1101    766
  1107    766
  1108    766
  1109    766
  1117    766
  1118    766
  1119    766
  1067    767
  1068    767
  1069    767
  1077    767
  1078    767
  1087    767
  1088    767
  1089    767
  1096    767
  1097    767
  1098    767
  1105    767
  1106    767
  1107    767
  1115    767
  1116    767
  1117    767
  1064    768
  1065    768
  1066    768
  1074    768
  1075    768
  1076    768
  1084    768
  1085    768
  1086    768
  1087    768
  1094    768
  1095    768
  1096    768
  1103    768
  1104    768
  1105    768
  1113    768
  1114    768
  1115    768
  1061    769
  1062    769
  1063    769
  1064    769
  1071    769
  1072    769
  1073    769
  1074    769
  1082    769
  1083    769
  1084    769
  1092    769
  1093    769
  1094    769
  1101    769
  1102    769
  1103    769
  1111    769
  1112    769
  1113    769
  1060    770
  1061    770
  1069    770
  1070    770
  1071    770
  1080    770
  1081    770
  1082    770
  1090    770
  1091    770
  1092    770
  1099    770
  1100    770
  1101    770
  1110    770
  1111    770
  1057    771
  1058    771
  1059    771
  1067    771
  1068    771
  1069    771
  1078    771
  1079    771
  1080    771
  1088    771
  1089    771
  1090    771
  1097    771
  1098    771
  1099    771
  1108    771
  1109    771
  1110    771
  1054    772
  1055    772
  1056    772
  1065    772
  1066    772
  1067    772
  1076    772
  1077    772
  1078    772
  1086    772
  1087    772
  1088    772
  1095    772
  1096    772
  1097    772
  1106    772
  1107    772
  1108    772
  1052    773
  1053    773
  1054    773
  1063    773
  1064    773
  1065    773
  1074    773
  1075    773
  1076    773
  1084    773
  1085    773
  1093    773
  1094    773
  1095    773
  1104    773
  1105    773
  1106    773
  1050    774
  1051    774
  1052    774
  1061    774
  1062    774
  1063    774
  1072    774
  1073    774
  1074    774
  1082    774
  1083    774
  1084    774
  1091    774
  1092    774
  1093    774
  1102    774
  1103    774
  1104    774
  1047    775
  1048    775
  1049    775
  1050    775
  1059    775
  1060    775
  1061    775
  1070    775
  1071    775
  1072    775
  1080    775
  1081    775
  1082    775
  1089    775
  1090    775
  1091    775
  1101    775
  1102    775
  1047    776
  1057    776
  1058    776
  1059    776
  1068    776
  1069    776
  1070    776
  1078    776
  1079    776
  1080    776
  1087    776
  1088    776
  1089    776
  1099    776
  1100    776
  1101    776
  1047    777
  1048    777
  1049    777
  1050    777
  1051    777
  1052    777
  1053    777
  1054    777
  1055    777
  1056    777
  1066    777
  1067    777
  1068    777
  1076    777
  1077    777
  1078    777
  1085    777
  1086    777
  1090    777
  1097    777
  1098    777
  1099    777
  1064    778
  1065    778
  1066    778
  1074    778
  1075    778
  1076    778
  1089    778
  1090    778
  1091    778
  1092    778
  1093    778
  1094    778
  1095    778
  1096    778
  1062    779
  1063    779
  1064    779
  1073    779
  1074    779
  1060    780
  1061    780
  1062    780
  1071    780
  1072    780
  1073    780
  1059    781
  1060    781
  1070    781
  1071    781
  1057    782
  1058    782
  1059    782
  1068    782
  1069    782
  1070    782
  1055    783
  1056    783
  1057    783
  1066    783
  1067    783
  1068    783
  1029    784
  1030    784
  1031    784
  1032    784
  1033    784
  1034    784
  1035    784
  1036    784
  1037    784
  1038    784
  1039    784
  1040    784
  1054    784
  1055    784
  1064    784
  1065    784
  1066    784
  1027    785
  1028    785
  1029    785
  1052    785
  1053    785
  1054    785
  1063    785
  1064    785
  1074    785
  1075    785
  1076    785
  1077    785
  1078    785
  1079    785
  1080    785
  1081    785
  1082    785
  1083    785
  1084    785
  1025    786
  1026    786
  1027    786
  1037    786
  1038    786
  1039    786
  1040    786
  1050    786
  1051    786
  1052    786
  1062    786
  1063    786
  1072    786
  1073    786
  1074    786
  1086    786
  1023    787
  1024    787
  1025    787
  1035    787
  1036    787
  1037    787
  1048    787
  1049    787
  1050    787
  1060    787
  1061    787
  1062    787
  1071    787
  1072    787
  1083    787
  1084    787
  1085    787
  1022    788
  1023    788
  1034    788
  1035    788
  1047    788
  1048    788
  1058    788
  1059    788
  1060    788
  1069    788
  1070    788
  1071    788
  1082    788
  1083    788
  1020    789
  1021    789
  1022    789
  1032    789
  1033    789
  1034    789
  1045    789
  1046    789
  1047    789
  1057    789
  1058    789
  1067    789
  1068    789
  1069    789
  1081    789
  1082    789
  1018    790
  1019    790
  1020    790
  1031    790
  1032    790
  1044    790
  1045    790
  1055    790
  1056    790
  1057    790
  1066    790
  1067    790
  1079    790
  1080    790
  1081    790
  1016    791
  1017    791
  1018    791
  1029    791
  1030    791
  1031    791
  1042    791
  1043    791
  1044    791
  1054    791
  1055    791
  1065    791
  1066    791
  1078    791
  1079    791
  1015    792
  1016    792
  1028    792
  1029    792
  1041    792
  1042    792
  1052    792
  1053    792
  1054    792
  1063    792
  1064    792
  1065    792
  1077    792
  1078    792
  1013    793
  1014    793
  1015    793
  1026    793
  1027    793
  1028    793
  1039    793
  1040    793
  1041    793
  1051    793
  1052    793
  1062    793
  1063    793
  1076    793
  1077    793
  1011    794
  1012    794
  1013    794
  1024    794
  1025    794
  1026    794
  1038    794
  1039    794
  1049    794
  1050    794
  1051    794
  1061    794
  1062    794
  1075    794
  1076    794
  1010    795
  1011    795
  1023    795
  1024    795
  1036    795
  1037    795
  1038    795
  1048    795
  1049    795
  1060    795
  1061    795
  1074    795
  1075    795
  1008    796
  1009    796
  1010    796
  1021    796
  1022    796
  1023    796
  1035    796
  1036    796
  1047    796
  1048    796
  1059    796
  1060    796
  1073    796
  1074    796
  1007    797
  1008    797
  1020    797
  1021    797
  1033    797
  1034    797
  1035    797
  1045    797
  1046    797
  1047    797
  1057    797
  1058    797
  1059    797
  1072    797
  1073    797
  1005    798
  1006    798
  1007    798
  1019    798
  1020    798
  1032    798
  1033    798
  1044    798
  1045    798
  1056    798
  1057    798
  1071    798
  1072    798
  1004    799
  1005    799
  1017    799
  1018    799
  1019    799
  1031    799
  1032    799
  1043    799
  1044    799
  1055    799
  1056    799
  1070    799
  1071    799
  1002    800
  1003    800
  1004    800
  1016    800
  1017    800
  1029    800
  1030    800
  1031    800
  1042    800
  1043    800
  1054    800
  1055    800
  1069    800
  1070    800
  1001    801
  1002    801
  1015    801
  1016    801
  1028    801
  1029    801
  1040    801
  1041    801
  1042    801
  1053    801
  1054    801
  1068    801
  1069    801
  1000    802
  1001    802
  1014    802
  1015    802
  1027    802
  1028    802
  1039    802
  1040    802
  1052    802
  1053    802
  1067    802
  1068    802
   998    803
   999    803
  1000    803
  1012    803
  1013    803
  1014    803
  1026    803
  1027    803
  1038    803
  1039    803
  1052    803
  1067    803
   997    804
   998    804
  1011    804
  1012    804
  1024    804
  1025    804
  1026    804
  1037    804
  1038    804
  1051    804
  1052    804
  1066    804
  1067    804
   997    805
  1010    805
  1011    805
  1023    805
  1024    805
  1036    805
  1037    805
  1050    805
  1051    805
  1065    805
  1066    805
  1009    806
  1010    806
  1022    806
  1023    806
  1035    806
  1036    806
  1049    806
  1050    806
  1065    806
  1008    807
  1009    807
  1021    807
  1022    807
  1034    807
  1035    807
  1048    807
  1049    807
  1064    807
  1065    807
  1007    808
  1008    808
  1020    808
  1021    808
  1033    808
  1034    808
  1048    808
  1064    808
  1007    809
  1019    809
  1020    809
  1032    809
  1033    809
  1047    809
  1048    809
  1063    809
  1018    810
  1019    810
  1032    810
  1046    810
  1047    810
  1062    810
  1063    810
  1031    811
  1032    811
  1061    811
  1062    811
  1060    812
