  1254    722
  1255    722
  1256    722
  1257    722
  1258    722
  1259    722
  1260    722
  1261    722
  1262    722
  1263    722
  1264    722
  1265    722
  1266    722
  1267    722
  1268    722
  1269    722
  1270    722
  1271    722
  1272    722
  1273    722
  1286    722
  1287    722
  1288    722
  1289    722
  1290    722
  1291    722
  1292    722
  1300    722
  1301    722
  1302    722
  1303    722
  1273    723
  1280    723
  1281    723
  1282    723
  1283    723
  1284    723
  1285    723
  1293    723
  1294    723
  1295    723
  1296    723
  1297    723
  1298    723
  1299    723
  1254    724
  1255    724
  1256    724
  1268    724
  1269    724
  1270    724
  1271    724
  1272    724
  1273    724
  1279    724
  1280    724
  1245    725
  1246    725
  1247    725
  1248    725
  1249    725
  1250    725
  1251    725
  1252    725
  1253    725
  1257    725
  1258    725
  1259    725
  1260    725
  1261    725
  1262    725
  1263    725
  1264    725
  1265    725
  1266    725
  1267    725
  1278    725
  1279    725
  1240    726
  1241    726
  1242    726
  1243    726
  1244    726
  1272    726
  1273    726
  1274    726
  1275    726
  1276    726
  1277    726
  1231    727
  1232    727
  1233    727
  1234    727
  1235    727
  1236    727
  1237    727
  1238    727
  1239    727
  1265    727
  1266    727
  1267    727
  1268    727
  1269    727
  1270    727
  1271    727
  1223    728
  1224    728
  1225    728
  1226    728
  1227    728
  1228    728
  1229    728
  1230    728
  1259    728
  1260    728
  1261    728
  1262    728
  1263    728
  1264    728
  1216    729
  1217    729
  1218    729
  1219    729
  1220    729
  1221    729
  1222    729
  1253    729
  1254    729
  1255    729
  1256    729
  1257    729
  1258    729
  1208    730
  1209    730
  1210    730
  1211    730
  1212    730
  1213    730
  1216    730
  1232    730
  1233    730
  1234    730
  1235    730
  1236    730
  1237    730
  1247    730
  1248    730
  1249    730
  1250    730
  1251    730
  1252    730
  1214    731
  1215    731
  1216    731
  1220    731
  1221    731
  1222    731
  1223    731
  1224    731
  1225    731
  1226    731
  1227    731
  1228    731
  1229    731
  1230    731
  1231    731
  1238    731
  1239    731
  1240    731
  1241    731
  1242    731
  1243    731
  1244    731
  1245    731
  1246    731
  1197    732
  1198    732
  1199    732
  1200    732
  1211    732
  1212    732
  1213    732
  1214    732
  1217    732
  1192    733
  1193    733
  1194    733
  1195    733
  1196    733
  1201    733
  1202    733
  1203    733
  1204    733
  1205    733
  1206    733
  1207    733
  1208    733
  1209    733
  1210    733
  1218    733
  1219    733
  1220    733
  1221    733
  1222    733
  1223    733
  1224    733
  1187    734
  1188    734
  1189    734
  1190    734
  1191    734
  1222    734
  1181    735
  1182    735
  1183    735
  1184    735
  1185    735
  1186    735
  1221    735
  1222    735
  1223    735
  1224    735
  1225    735
  1176    736
  1177    736
  1178    736
  1179    736
  1180    736
  1216    736
  1217    736
  1218    736
  1219    736
  1220    736
  1170    737
  1171    737
  1172    737
  1173    737
  1174    737
  1175    737
  1211    737
  1212    737
  1213    737
  1214    737
  1215    737
  1165    738
  1166    738
  1167    738
  1168    738
  1169    738
  1207    738
  1208    738
  1209    738
  1210    738
  1160    739
  1161    739
  1162    739
  1163    739
  1164    739
  1187    739
  1203    739
  1204    739
  1205    739
  1206    739
  1158    740
  1159    740
  1183    740
  1184    740
  1185    740
  1186    740
  1188    740
  1189    740
  1190    740
  1191    740
  1198    740
  1199    740
  1200    740
  1201    740
  1202    740
  1156    741
  1179    741
  1180    741
  1181    741
  1182    741
  1194    741
  1195    741
  1196    741
  1197    741
  1153    742
  1154    742
  1155    742
  1156    742
  1157    742
  1158    742
  1159    742
  1174    742
  1175    742
  1176    742
  1177    742
  1178    742
  1186    742
  1187    742
  1188    742
  1189    742
  1190    742
  1191    742
  1192    742
  1193    742
  1149    743
  1150    743
  1151    743
  1152    743
  1160    743
  1161    743
  1162    743
  1163    743
  1164    743
  1169    743
  1170    743
  1171    743
  1172    743
  1173    743
  1182    743
  1183    743
  1142    744
  1143    744
  1144    744
  1145    744
  1146    744
  1156    744
  1157    744
  1158    744
  1159    744
  1160    744
  1166    744
  1167    744
  1168    744
  1178    744
  1179    744
  1180    744
  1181    744
  1137    745
  1138    745
  1139    745
  1140    745
  1141    745
  1146    745
  1153    745
  1154    745
  1155    745
  1162    745
  1163    745
  1164    745
  1170    745
  1171    745
  1172    745
  1173    745
  1174    745
  1175    745
  1176    745
  1177    745
  1133    746
  1134    746
  1135    746
  1136    746
  1149    746
  1150    746
  1151    746
  1152    746
  1158    746
  1159    746
  1160    746
  1161    746
  1166    746
  1167    746
  1168    746
  1169    746
  1130    747
  1131    747
  1132    747
  1139    747
  1140    747
  1141    747
  1146    747
  1147    747
  1148    747
  1155    747
  1156    747
  1157    747
  1163    747
  1164    747
  1165    747
  1172    747
  1173    747
  1174    747
  1175    747
  1176    747
  1126    748
  1127    748
  1128    748
  1129    748
  1136    748
  1137    748
  1138    748
  1143    748
  1144    748
  1145    748
  1151    748
  1152    748
  1153    748
  1154    748
  1160    748
  1161    748
  1162    748
  1168    748
  1169    748
  1170    748
  1171    748
  1123    749
  1124    749
  1125    749
  1132    749
  1133    749
  1134    749
  1135    749
  1140    749
  1141    749
  1142    749
  1148    749
  1149    749
  1150    749
  1157    749
  1158    749
  1159    749
  1165    749
  1166    749
  1167    749
  1120    750
  1121    750
  1122    750
  1129    750
  1130    750
  1131    750
  1137    750
  1138    750
  1139    750
  1145    750
  1146    750
  1147    750
  1154    750
  1155    750
  1156    750
  1162    750
  1163    750
  1164    750
  1117    751
  1118    751
  1119    751
  1126    751
  1127    751
  1128    751
  1134    751
  1135    751
  1136    751
  1142    751
  1143    751
  1144    751
  1151    751
  1152    751
  1153    751
  1159    751
  1160    751
  1161    751
  1114    752
  1115    752
  1116    752
  1123    752
  1124    752
  1125    752
  1131    752
  1132    752
  1133    752
  1140    752
  1141    752
  1148    752
  1149    752
  1150    752
  1157    752
  1158    752
  1111    753
  1112    753
  1113    753
  1120    753
  1121    753
  1122    753
  1128    753
  1129    753
  1130    753
  1136    753
  1137    753
  1138    753
  1139    753
  1145    753
  1146    753
  1147    753
  1154    753
  1155    753
  1156    753
  1107    754
  1108    754
  1109    754
  1110    754
  1117    754
  1118    754
  1119    754
  1126    754
  1127    754
  1133    754
  1134    754
  1135    754
  1143    754
  1144    754
  1145    754
  1151    754
  1152    754
  1153    754
  1154    754
  1105    755
  1106    755
  1107    755
  1114    755
  1115    755
  1116    755
  1123    755
  1124    755
  1125    755
  1131    755
  1132    755
  1133    755
  1139    755
  1140    755
  1141    755
  1142    755
  1149    755
  1150    755
  1151    755
  1099    756
  1100    756
  1101    756
  1102    756
  1111    756
  1112    756
  1113    756
  1120    756
  1121    756
  1122    756
  1129    756
  1130    756
  1137    756
  1138    756
  1139    756
  1146    756
  1147    756
  1148    756
  1096    757
  1097    757
  1098    757
  1102    757
  1103    757
  1104    757
  1105    757
  1106    757
  1107    757
  1108    757
  1109    757
  1110    757
  1118    757
  1119    757
  1120    757
  1126    757
  1127    757
  1128    757
  1135    757
  1136    757
  1141    757
  1142    757
  1143    757
  1144    757
  1145    757
  1093    758
  1094    758
  1095    758
  1115    758
  1116    758
  1117    758
  1123    758
  1124    758
  1125    758
  1132    758
  1133    758
  1134    758
  1086    759
  1087    759
  1088    759
  1089    759
  1090    759
  1091    759
  1092    759
  1103    759
  1113    759
  1114    759
  1121    759
  1122    759
  1130    759
  1131    759
  1083    760
  1084    760
  1085    760
  1101    760
  1102    760
  1110    760
  1111    760
  1112    760
  1118    760
  1119    760
  1120    760
  1080    761
  1081    761
  1082    761
  1091    761
  1092    761
  1093    761
  1094    761
  1095    761
  1098    761
  1099    761
  1100    761
  1107    761
  1108    761
  1109    761
  1116    761
  1117    761
  1118    761
  1086    762
  1087    762
  1088    762
  1089    762
  1090    762
  1097    762
  1098    762
  1105    762
  1106    762
  1114    762
  1115    762
  1123    762
  1124    762
  1125    762
  1126    762
  1127    762
  1128    762
  1129    762
  1130    762
  1131    762
  1084    763
  1085    763
  1093    763
  1094    763
  1095    763
  1096    763
  1102    763
  1103    763
  1104    763
  1111    763
  1112    763
  1113    763
  1120    763
  1121    763
  1122    763
  1081    764
  1082    764
  1083    764
  1090    764
  1091    764
  1092    764
  1093    764
  1100    764
  1101    764
  1102    764
  1108    764
  1109    764
  1110    764
  1117    764
  1118    764
  1119    764
  1128    764
  1129    764
  1130    764
  1131    764
  1078    765
  1079    765
  1080    765
  1088    765
  1089    765
  1097    765
  1098    765
  1099    765
  1100    765
  1106    765
  1107    765
  1108    765
  1115    765
  1116    765
  1117    765
  1125    765
  1126    765
  1127    765
  1128    765
  1075    766
  1076    766
  1077    766
  1085    766
  1086    766
  1087    766
  1095    766
  1096    766
  1097    766
  1104    766
  1105    766
  1106    766
  1113    766
  1114    766
  1115    766
  1123    766
  1124    766
  1125    766
  1073    767
  1074    767
  1075    767
  1082    767
  1083    767
  1084    767
  1093    767
  1094    767
  1102    767
  1103    767
  1104    767
  1111    767
  1112    767
  1113    767
  1121    767
  1122    767
  1123    767
  1070    768
  1071    768
  1072    768
  1080    768
  1081    768
  1082    768
  1091    768
  1092    768
  1093    768
  1100    768
  1101    768
  1102    768
  1108    768
  1109    768
  1110    768
  1119    768
  1120    768
  1121    768
  1068    769
  1069    769
  1070    769
  1078    769
  1079    769
  1089    769
  1090    769
  1091    769
  1098    769
  1099    769
  1100    769
  1106    769
  1107    769
  1108    769
  1117    769
  1118    769
  1119    769
  1065    770
  1066    770
  1067    770
  1076    770
  1077    770
  1087    770
  1088    770
  1096    770
  1097    770
  1098    770
  1105    770
  1106    770
  1116    770
  1117    770
  1063    771
  1064    771
  1065    771
  1073    771
  1074    771
  1075    771
  1084    771
  1085    771
  1086    771
  1094    771
  1095    771
  1096    771
  1103    771
  1104    771
  1114    771
  1115    771
  1116    771
  1060    772
  1061    772
  1062    772
  1063    772
  1071    772
  1072    772
  1073    772
  1082    772
  1083    772
  1084    772
  1092    772
  1093    772
  1094    772
  1101    772
  1102    772
  1103    772
  1112    772
  1113    772
  1114    772
  1058    773
  1059    773
  1060    773
  1069    773
  1070    773
  1071    773
  1080    773
  1081    773
  1082    773
  1090    773
  1091    773
  1092    773
  1099    773
  1100    773
  1101    773
  1110    773
  1111    773
  1112    773
  1056    774
  1057    774
  1058    774
  1067    774
  1068    774
  1069    774
  1078    774
  1079    774
  1080    774
  1088    774
  1089    774
  1090    774
  1097    774
  1098    774
  1099    774
  1109    774
  1110    774
  1054    775
  1055    775
  1056    775
  1065    775
  1066    775
  1067    775
  1076    775
  1077    775
  1078    775
  1086    775
  1087    775
  1088    775
  1096    775
  1097    775
  1107    775
  1108    775
  1051    776
  1052    776
  1053    776
  1054    776
  1063    776
  1064    776
  1065    776
  1074    776
  1075    776
  1076    776
  1084    776
  1085    776
  1086    776
  1094    776
  1095    776
  1096    776
  1105    776
  1106    776
  1107    776
  1050    777
  1051    777
  1061    777
  1062    777
  1063    777
  1072    777
  1073    777
  1074    777
  1082    777
  1083    777
  1084    777
  1091    777
  1092    777
  1093    777
  1094    777
  1104    777
  1105    777
  1059    778
  1060    778
  1061    778
  1070    778
  1071    778
  1072    778
  1080    778
  1081    778
  1082    778
  1089    778
  1090    778
  1091    778
  1102    778
  1103    778
  1104    778
  1050    779
  1051    779
  1052    779
  1053    779
  1054    779
  1055    779
  1056    779
  1057    779
  1058    779
  1068    779
  1069    779
  1070    779
  1079    779
  1080    779
  1086    779
  1087    779
  1088    779
  1092    779
  1093    779
  1094    779
  1095    779
  1096    779
  1097    779
  1099    779
  1100    779
  1101    779
  1102    779
  1067    780
  1068    780
  1077    780
  1078    780
  1079    780
  1085    780
  1098    780
  1065    781
  1066    781
  1067    781
  1075    781
  1076    781
  1077    781
  1063    782
  1064    782
  1065    782
  1074    782
  1075    782
  1061    783
  1062    783
  1063    783
  1072    783
  1073    783
  1074    783
  1060    784
  1061    784
  1070    784
  1071    784
  1072    784
  1058    785
  1059    785
  1060    785
  1069    785
  1070    785
  1032    786
  1033    786
  1034    786
  1035    786
  1036    786
  1037    786
  1038    786
  1039    786
  1040    786
  1041    786
  1042    786
  1056    786
  1057    786
  1058    786
  1067    786
  1068    786
  1069    786
  1080    786
  1081    786
  1082    786
  1085    786
  1088    786
  1029    787
  1030    787
  1031    787
  1055    787
  1056    787
  1066    787
  1067    787
  1077    787
  1078    787
  1079    787
  1083    787
  1084    787
  1086    787
  1087    787
  1088    787
  1027    788
  1028    788
  1029    788
  1040    788
  1041    788
  1042    788
  1053    788
  1054    788
  1055    788
  1064    788
  1065    788
  1066    788
  1075    788
  1076    788
  1077    788
  1088    788
  1089    788
  1090    788
  1026    789
  1027    789
  1038    789
  1039    789
  1040    789
  1051    789
  1052    789
  1053    789
  1063    789
  1064    789
  1074    789
  1075    789
  1086    789
  1087    789
  1088    789
  1024    790
  1025    790
  1026    790
  1037    790
  1038    790
  1050    790
  1051    790
  1062    790
  1063    790
  1073    790
  1074    790
  1085    790
  1086    790
  1022    791
  1023    791
  1024    791
  1035    791
  1036    791
  1037    791
  1048    791
  1049    791
  1050    791
  1060    791
  1061    791
  1062    791
  1071    791
  1072    791
  1084    791
  1085    791
  1021    792
  1022    792
  1033    792
  1034    792
  1035    792
  1047    792
  1048    792
  1058    792
  1059    792
  1060    792
  1070    792
  1071    792
  1083    792
  1084    792
  1019    793
  1020    793
  1021    793
  1032    793
  1033    793
  1045    793
  1046    793
  1047    793
  1057    793
  1058    793
  1068    793
  1069    793
  1070    793
  1082    793
  1083    793
  1017    794
  1018    794
  1019    794
  1030    794
  1031    794
  1032    794
  1044    794
  1045    794
  1055    794
  1056    794
  1057    794
  1067    794
  1068    794
  1081    794
  1082    794
  1016    795
  1017    795
  1029    795
  1030    795
  1042    795
  1043    795
  1044    795
  1054    795
  1055    795
  1066    795
  1067    795
  1080    795
  1081    795
  1014    796
  1015    796
  1016    796
  1027    796
  1028    796
  1029    796
  1041    796
  1042    796
  1053    796
  1054    796
  1064    796
  1065    796
  1066    796
  1079    796
  1080    796
  1012    797
  1013    797
  1014    797
  1026    797
  1027    797
  1040    797
  1041    797
  1051    797
  1052    797
  1063    797
  1064    797
  1078    797
  1079    797
  1011    798
  1012    798
  1024    798
  1025    798
  1026    798
  1038    798
  1039    798
  1050    798
  1051    798
  1062    798
  1063    798
  1077    798
  1078    798
  1009    799
  1010    799
  1011    799
  1023    799
  1024    799
  1037    799
  1038    799
  1049    799
  1050    799
  1061    799
  1062    799
  1076    799
  1077    799
  1008    800
  1009    800
  1022    800
  1023    800
  1035    800
  1036    800
  1037    800
  1048    800
  1049    800
  1060    800
  1061    800
  1075    800
  1076    800
  1006    801
  1007    801
  1008    801
  1020    801
  1021    801
  1022    801
  1034    801
  1035    801
  1047    801
  1048    801
  1059    801
  1060    801
  1074    801
  1075    801
  1005    802
  1006    802
  1019    802
  1020    802
  1033    802
  1034    802
  1045    802
  1046    802
  1047    802
  1058    802
  1059    802
  1073    802
  1074    802
  1004    803
  1005    803
  1018    803
  1019    803
  1032    803
  1033    803
  1044    803
  1045    803
  1057    803
  1058    803
  1072    803
  1073    803
  1003    804
  1004    804
  1017    804
  1018    804
  1030    804
  1031    804
  1032    804
  1043    804
  1044    804
  1057    804
  1071    804
  1072    804
  1001    805
  1002    805
  1003    805
  1016    805
  1017    805
  1029    805
  1030    805
  1042    805
  1043    805
  1056    805
  1057    805
  1070    805
  1071    805
  1000    806
  1001    806
  1015    806
  1016    806
  1028    806
  1029    806
  1041    806
  1042    806
  1055    806
  1056    806
  1070    806
  1027    807
  1028    807
  1040    807
  1041    807
  1054    807
  1055    807
  1069    807
  1070    807
  1026    808
  1027    808
  1039    808
  1040    808
  1053    808
  1054    808
  1069    808
  1025    809
  1026    809
  1038    809
  1039    809
  1052    809
  1053    809
  1068    809
  1037    810
  1038    810
  1051    810
  1052    810
  1067    810
  1068    810
  1067    811
  1066    812
  1067    812
  1066    813
