  1253    722
  1254    722
  1255    722
  1256    722
  1257    722
  1258    722
  1259    722
  1260    722
  1261    722
  1262    722
  1263    722
  1264    722
  1265    722
  1266    722
  1267    722
  1268    722
  1269    722
  1270    722
  1271    722
  1272    722
  1284    722
  1285    722
  1286    722
  1287    722
  1288    722
  1289    722
  1290    722
  1271    723
  1278    723
  1279    723
  1280    723
  1281    723
  1282    723
  1283    723
  1291    723
  1292    723
  1293    723
  1294    723
  1295    723
  1296    723
  1297    723
  1298    723
  1255    724
  1267    724
  1268    724
  1269    724
  1270    724
  1271    724
  1277    724
  1278    724
  1279    724
  1244    725
  1245    725
  1246    725
  1247    725
  1248    725
  1249    725
  1250    725
  1251    725
  1252    725
  1253    725
  1254    725
  1256    725
  1257    725
  1258    725
  1259    725
  1260    725
  1261    725
  1262    725
  1263    725
  1264    725
  1265    725
  1266    725
  1276    725
  1277    725
  1239    726
  1240    726
  1241    726
  1242    726
  1243    726
  1271    726
  1272    726
  1273    726
  1274    726
  1275    726
  1231    727
  1232    727
  1233    727
  1234    727
  1235    727
  1236    727
  1237    727
  1238    727
  1239    727
  1263    727
  1264    727
  1265    727
  1266    727
  1267    727
  1268    727
  1269    727
  1270    727
  1220    728
  1221    728
  1222    728
  1223    728
  1224    728
  1225    728
  1226    728
  1227    728
  1228    728
  1229    728
  1230    728
  1259    728
  1260    728
  1261    728
  1262    728
  1216    729
  1217    729
  1218    729
  1219    729
  1251    729
  1252    729
  1253    729
  1254    729
  1255    729
  1256    729
  1257    729
  1258    729
  1208    730
  1209    730
  1210    730
  1211    730
  1212    730
  1215    730
  1216    730
  1217    730
  1232    730
  1233    730
  1234    730
  1235    730
  1236    730
  1237    730
  1245    730
  1246    730
  1247    730
  1248    730
  1249    730
  1250    730
  1203    731
  1204    731
  1205    731
  1206    731
  1213    731
  1214    731
  1215    731
  1218    731
  1219    731
  1220    731
  1221    731
  1222    731
  1223    731
  1224    731
  1225    731
  1226    731
  1227    731
  1228    731
  1229    731
  1230    731
  1231    731
  1238    731
  1239    731
  1240    731
  1241    731
  1242    731
  1243    731
  1244    731
  1196    732
  1197    732
  1198    732
  1199    732
  1200    732
  1202    732
  1210    732
  1211    732
  1212    732
  1213    732
  1214    732
  1225    732
  1226    732
  1190    733
  1191    733
  1192    733
  1193    733
  1194    733
  1195    733
  1201    733
  1202    733
  1203    733
  1204    733
  1205    733
  1206    733
  1207    733
  1208    733
  1209    733
  1215    733
  1225    733
  1231    733
  1232    733
  1233    733
  1234    733
  1235    733
  1236    733
  1237    733
  1188    734
  1189    734
  1216    734
  1224    734
  1226    734
  1227    734
  1228    734
  1229    734
  1230    734
  1238    734
  1239    734
  1240    734
  1241    734
  1242    734
  1220    735
  1221    735
  1222    735
  1223    735
  1224    735
  1215    736
  1216    736
  1217    736
  1218    736
  1219    736
  1210    737
  1211    737
  1212    737
  1213    737
  1214    737
  1206    738
  1207    738
  1208    738
  1209    738
  1185    739
  1186    739
  1187    739
  1192    739
  1193    739
  1194    739
  1202    739
  1203    739
  1204    739
  1205    739
  1182    740
  1184    740
  1188    740
  1189    740
  1190    740
  1191    740
  1197    740
  1198    740
  1199    740
  1200    740
  1201    740
  1159    741
  1160    741
  1161    741
  1162    741
  1163    741
  1178    741
  1179    741
  1180    741
  1181    741
  1183    741
  1193    741
  1194    741
  1195    741
  1196    741
  1164    742
  1165    742
  1166    742
  1173    742
  1174    742
  1175    742
  1176    742
  1177    742
  1183    742
  1184    742
  1185    742
  1186    742
  1187    742
  1188    742
  1189    742
  1190    742
  1191    742
  1192    742
  1160    743
  1161    743
  1162    743
  1163    743
  1168    743
  1169    743
  1170    743
  1171    743
  1172    743
  1140    744
  1141    744
  1142    744
  1143    744
  1144    744
  1145    744
  1155    744
  1156    744
  1157    744
  1158    744
  1159    744
  1164    744
  1165    744
  1166    744
  1167    744
  1177    744
  1178    744
  1179    744
  1136    745
  1137    745
  1138    745
  1139    745
  1151    745
  1152    745
  1153    745
  1154    745
  1161    745
  1162    745
  1163    745
  1169    745
  1170    745
  1171    745
  1172    745
  1173    745
  1174    745
  1175    745
  1176    745
  1132    746
  1133    746
  1134    746
  1135    746
  1141    746
  1142    746
  1143    746
  1148    746
  1149    746
  1150    746
  1157    746
  1158    746
  1159    746
  1160    746
  1165    746
  1166    746
  1167    746
  1168    746
  1174    746
  1129    747
  1130    747
  1131    747
  1138    747
  1139    747
  1140    747
  1145    747
  1146    747
  1147    747
  1154    747
  1155    747
  1156    747
  1162    747
  1163    747
  1164    747
  1170    747
  1171    747
  1172    747
  1173    747
  1174    747
  1175    747
  1176    747
  1125    748
  1126    748
  1127    748
  1128    748
  1134    748
  1135    748
  1136    748
  1137    748
  1142    748
  1143    748
  1144    748
  1150    748
  1151    748
  1152    748
  1153    748
  1159    748
  1160    748
  1161    748
  1167    748
  1168    748
  1169    748
  1170    748
  1122    749
  1123    749
  1124    749
  1131    749
  1132    749
  1133    749
  1139    749
  1140    749
  1141    749
  1147    749
  1148    749
  1149    749
  1156    749
  1157    749
  1158    749
  1164    749
  1165    749
  1166    749
  1119    750
  1120    750
  1121    750
  1128    750
  1129    750
  1130    750
  1136    750
  1137    750
  1138    750
  1144    750
  1145    750
  1146    750
  1153    750
  1154    750
  1155    750
  1161    750
  1162    750
  1163    750
  1116    751
  1117    751
  1118    751
  1125    751
  1126    751
  1127    751
  1133    751
  1134    751
  1135    751
  1141    751
  1142    751
  1143    751
  1150    751
  1151    751
  1152    751
  1158    751
  1159    751
  1160    751
  1113    752
  1114    752
  1115    752
  1122    752
  1123    752
  1124    752
  1130    752
  1131    752
  1132    752
  1138    752
  1139    752
  1140    752
  1147    752
  1148    752
  1149    752
  1155    752
  1156    752
  1157    752
  1110    753
  1111    753
  1112    753
  1119    753
  1120    753
  1121    753
  1127    753
  1128    753
  1129    753
  1135    753
  1136    753
  1137    753
  1144    753
  1145    753
  1146    753
  1153    753
  1154    753
  1104    754
  1105    754
  1106    754
  1107    754
  1108    754
  1109    754
  1116    754
  1117    754
  1118    754
  1124    754
  1125    754
  1126    754
  1132    754
  1133    754
  1134    754
  1142    754
  1143    754
  1150    754
  1151    754
  1152    754
  1113    755
  1114    755
  1115    755
  1122    755
  1123    755
  1130    755
  1131    755
  1132    755
  1138    755
  1139    755
  1140    755
  1141    755
  1148    755
  1149    755
  1109    756
  1110    756
  1111    756
  1112    756
  1119    756
  1120    756
  1121    756
  1127    756
  1128    756
  1129    756
  1135    756
  1136    756
  1137    756
  1138    756
  1145    756
  1146    756
  1147    756
  1102    757
  1103    757
  1104    757
  1105    757
  1106    757
  1107    757
  1108    757
  1117    757
  1118    757
  1125    757
  1126    757
  1134    757
  1135    757
  1139    757
  1140    757
  1141    757
  1142    757
  1143    757
  1144    757
  1114    758
  1115    758
  1116    758
  1122    758
  1123    758
  1124    758
  1131    758
  1132    758
  1133    758
  1137    758
  1138    758
  1111    759
  1112    759
  1113    759
  1114    759
  1119    759
  1120    759
  1121    759
  1130    759
  1109    760
  1110    760
  1118    760
  1119    760
  1088    761
  1089    761
  1090    761
  1091    761
  1092    761
  1093    761
  1094    761
  1095    761
  1106    761
  1107    761
  1108    761
  1115    761
  1116    761
  1117    761
  1126    761
  1127    761
  1130    761
  1085    762
  1086    762
  1087    762
  1096    762
  1103    762
  1104    762
  1105    762
  1113    762
  1114    762
  1121    762
  1122    762
  1123    762
  1124    762
  1125    762
  1128    762
  1129    762
  1082    763
  1083    763
  1084    763
  1092    763
  1093    763
  1094    763
  1095    763
  1101    763
  1102    763
  1103    763
  1109    763
  1110    763
  1111    763
  1112    763
  1118    763
  1119    763
  1120    763
  1130    763
  1131    763
  1080    764
  1081    764
  1089    764
  1090    764
  1091    764
  1092    764
  1099    764
  1100    764
  1101    764
  1107    764
  1108    764
  1109    764
  1116    764
  1117    764
  1118    764
  1126    764
  1127    764
  1128    764
  1129    764
  1077    765
  1078    765
  1079    765
  1086    765
  1087    765
  1088    765
  1097    765
  1098    765
  1105    765
  1106    765
  1107    765
  1114    765
  1115    765
  1116    765
  1124    765
  1125    765
  1126    765
  1073    766
  1074    766
  1075    766
  1076    766
  1083    766
  1084    766
  1085    766
  1093    766
  1094    766
  1095    766
  1096    766
  1103    766
  1104    766
  1105    766
  1112    766
  1113    766
  1114    766
  1122    766
  1123    766
  1071    767
  1072    767
  1073    767
  1081    767
  1082    767
  1083    767
  1091    767
  1092    767
  1093    767
  1101    767
  1102    767
  1103    767
  1109    767
  1110    767
  1111    767
  1112    767
  1120    767
  1121    767
  1069    768
  1070    768
  1079    768
  1080    768
  1089    768
  1090    768
  1091    768
  1099    768
  1100    768
  1101    768
  1107    768
  1108    768
  1109    768
  1118    768
  1119    768
  1120    768
  1066    769
  1067    769
  1068    769
  1076    769
  1077    769
  1078    769
  1087    769
  1088    769
  1089    769
  1097    769
  1098    769
  1099    769
  1105    769
  1106    769
  1107    769
  1116    769
  1117    769
  1118    769
  1064    770
  1065    770
  1074    770
  1075    770
  1076    770
  1085    770
  1086    770
  1087    770
  1095    770
  1096    770
  1097    770
  1103    770
  1104    770
  1105    770
  1114    770
  1115    770
  1116    770
  1061    771
  1062    771
  1063    771
  1064    771
  1072    771
  1073    771
  1074    771
  1083    771
  1084    771
  1085    771
  1093    771
  1094    771
  1095    771
  1102    771
  1103    771
  1112    771
  1113    771
  1114    771
  1059    772
  1060    772
  1061    772
  1070    772
  1071    772
  1072    772
  1081    772
  1082    772
  1083    772
  1091    772
  1092    772
  1093    772
  1100    772
  1101    772
  1111    772
  1112    772
  1057    773
  1058    773
  1068    773
  1069    773
  1070    773
  1079    773
  1080    773
  1089    773
  1090    773
  1091    773
  1098    773
  1099    773
  1109    773
  1110    773
  1111    773
  1055    774
  1056    774
  1057    774
  1066    774
  1067    774
  1068    774
  1076    774
  1077    774
  1078    774
  1087    774
  1088    774
  1096    774
  1097    774
  1098    774
  1107    774
  1108    774
  1109    774
  1052    775
  1053    775
  1054    775
  1055    775
  1064    775
  1065    775
  1066    775
  1074    775
  1075    775
  1076    775
  1085    775
  1086    775
  1087    775
  1094    775
  1095    775
  1096    775
  1105    775
  1106    775
  1107    775
  1050    776
  1051    776
  1052    776
  1062    776
  1063    776
  1064    776
  1072    776
  1073    776
  1074    776
  1083    776
  1084    776
  1085    776
  1092    776
  1093    776
  1094    776
  1104    776
  1105    776
  1060    777
  1061    777
  1062    777
  1070    777
  1071    777
  1072    777
  1081    777
  1082    777
  1083    777
  1090    777
  1091    777
  1092    777
  1102    777
  1103    777
  1104    777
  1049    778
  1050    778
  1051    778
  1052    778
  1053    778
  1054    778
  1055    778
  1056    778
  1057    778
  1058    778
  1059    778
  1060    778
  1069    778
  1070    778
  1079    778
  1080    778
  1081    778
  1101    778
  1102    778
  1067    779
  1068    779
  1069    779
  1077    779
  1078    779
  1079    779
  1090    779
  1091    779
  1092    779
  1093    779
  1094    779
  1095    779
  1096    779
  1097    779
  1098    779
  1099    779
  1100    779
  1065    780
  1066    780
  1067    780
  1076    780
  1077    780
  1063    781
  1064    781
  1065    781
  1074    781
  1075    781
  1076    781
  1061    782
  1062    782
  1063    782
  1072    782
  1073    782
  1074    782
  1060    783
  1061    783
  1071    783
  1072    783
  1058    784
  1059    784
  1060    784
  1069    784
  1070    784
  1071    784
  1033    785
  1034    785
  1035    785
  1036    785
  1037    785
  1038    785
  1039    785
  1040    785
  1041    785
  1042    785
  1043    785
  1057    785
  1058    785
  1067    785
  1068    785
  1069    785
  1030    786
  1031    786
  1032    786
  1043    786
  1055    786
  1056    786
  1057    786
  1066    786
  1067    786
  1077    786
  1078    786
  1079    786
  1080    786
  1081    786
  1082    786
  1083    786
  1084    786
  1085    786
  1086    786
  1087    786
  1088    786
  1028    787
  1029    787
  1030    787
  1041    787
  1042    787
  1043    787
  1053    787
  1054    787
  1055    787
  1064    787
  1065    787
  1066    787
  1075    787
  1076    787
  1077    787
  1088    787
  1026    788
  1027    788
  1028    788
  1038    788
  1039    788
  1040    788
  1041    788
  1051    788
  1052    788
  1053    788
  1063    788
  1064    788
  1074    788
  1075    788
  1087    788
  1088    788
  1024    789
  1025    789
  1026    789
  1037    789
  1038    789
  1050    789
  1051    789
  1062    789
  1063    789
  1072    789
  1073    789
  1074    789
  1085    789
  1086    789
  1087    789
  1023    790
  1024    790
  1035    790
  1036    790
  1037    790
  1048    790
  1049    790
  1050    790
  1060    790
  1061    790
  1062    790
  1071    790
  1072    790
  1084    790
  1085    790
  1021    791
  1022    791
  1023    791
  1033    791
  1034    791
  1035    791
  1047    791
  1048    791
  1058    791
  1059    791
  1060    791
  1069    791
  1070    791
  1071    791
  1082    791
  1083    791
  1084    791
  1019    792
  1020    792
  1021    792
  1032    792
  1033    792
  1045    792
  1046    792
  1047    792
  1057    792
  1058    792
  1068    792
  1069    792
  1081    792
  1082    792
  1017    793
  1018    793
  1019    793
  1030    793
  1031    793
  1032    793
  1044    793
  1045    793
  1055    793
  1056    793
  1057    793
  1067    793
  1068    793
  1080    793
  1081    793
  1016    794
  1017    794
  1029    794
  1030    794
  1042    794
  1043    794
  1044    794
  1054    794
  1055    794
  1065    794
  1066    794
  1067    794
  1079    794
  1080    794
  1014    795
  1015    795
  1016    795
  1027    795
  1028    795
  1029    795
  1041    795
  1042    795
  1052    795
  1053    795
  1054    795
  1064    795
  1065    795
  1078    795
  1079    795
  1013    796
  1014    796
  1026    796
  1027    796
  1040    796
  1041    796
  1051    796
  1052    796
  1063    796
  1064    796
  1077    796
  1078    796
  1011    797
  1012    797
  1013    797
  1024    797
  1025    797
  1026    797
  1038    797
  1039    797
  1040    797
  1050    797
  1051    797
  1062    797
  1063    797
  1076    797
  1077    797
  1009    798
  1010    798
  1011    798
  1023    798
  1024    798
  1036    798
  1037    798
  1038    798
  1049    798
  1050    798
  1061    798
  1062    798
  1075    798
  1076    798
  1008    799
  1009    799
  1022    799
  1023    799
  1035    799
  1036    799
  1047    799
  1048    799
  1049    799
  1060    799
  1061    799
  1074    799
  1075    799
  1007    800
  1008    800
  1020    800
  1021    800
  1022    800
  1034    800
  1035    800
  1046    800
  1047    800
  1059    800
  1060    800
  1073    800
  1074    800
  1005    801
  1006    801
  1007    801
  1019    801
  1020    801
  1033    801
  1034    801
  1045    801
  1046    801
  1058    801
  1059    801
  1072    801
  1073    801
  1004    802
  1005    802
  1018    802
  1019    802
  1031    802
  1032    802
  1033    802
  1044    802
  1045    802
  1057    802
  1058    802
  1071    802
  1072    802
  1002    803
  1003    803
  1004    803
  1017    803
  1018    803
  1030    803
  1031    803
  1043    803
  1044    803
  1056    803
  1057    803
  1071    803
  1001    804
  1002    804
  1015    804
  1016    804
  1017    804
  1029    804
  1030    804
  1042    804
  1043    804
  1055    804
  1056    804
  1070    804
  1071    804
  1000    805
  1001    805
  1014    805
  1015    805
  1028    805
  1029    805
  1041    805
  1042    805
  1054    805
  1055    805
  1069    805
  1070    805
  1013    806
  1014    806
  1026    806
  1027    806
  1028    806
  1039    806
  1040    806
  1041    806
  1053    806
  1054    806
  1069    806
  1012    807
  1013    807
  1025    807
  1026    807
  1038    807
  1039    807
  1053    807
  1068    807
  1069    807
  1024    808
  1025    808
  1038    808
  1052    808
  1053    808
  1067    808
  1068    808
  1037    809
  1038    809
  1051    809
  1052    809
  1067    809
  1050    810
  1051    810
  1066    810
  1067    810
