  1281    722
  1282    722
  1283    722
  1284    722
  1285    722
  1286    722
  1287    722
  1288    722
  1289    722
  1296    722
  1297    722
  1298    722
  1299    722
  1278    723
  1279    723
  1280    723
  1290    723
  1291    723
  1292    723
  1293    723
  1294    723
  1295    723
  1277    724
  1278    724
  1275    725
  1276    725
  1277    725
  1268    726
  1269    726
  1270    726
  1271    726
  1272    726
  1273    726
  1274    726
  1260    727
  1261    727
  1262    727
  1263    727
  1264    727
  1265    727
  1266    727
  1267    727
  1255    728
  1256    728
  1257    728
  1258    728
  1259    728
  1250    729
  1251    729
  1252    729
  1253    729
  1254    729
  1228    730
  1229    730
  1230    730
  1231    730
  1232    730
  1233    730
  1234    730
  1235    730
  1236    730
  1237    730
  1241    730
  1242    730
  1243    730
  1244    730
  1245    730
  1246    730
  1247    730
  1248    730
  1249    730
  1218    731
  1219    731
  1220    731
  1221    731
  1222    731
  1223    731
  1224    731
  1225    731
  1226    731
  1227    731
  1238    731
  1239    731
  1240    731
  1218    732
  1215    733
  1216    733
  1217    733
  1218    733
  1219    733
  1221    734
  1222    734
  1217    735
  1218    735
  1219    735
  1220    735
  1221    735
  1211    736
  1212    736
  1213    736
  1214    736
  1215    736
  1216    736
  1207    737
  1208    737
  1209    737
  1210    737
  1203    738
  1204    738
  1205    738
  1206    738
  1198    739
  1199    739
  1200    739
  1201    739
  1202    739
  1179    740
  1180    740
  1181    740
  1182    740
  1194    740
  1195    740
  1196    740
  1197    740
  1174    741
  1175    741
  1176    741
  1177    741
  1178    741
  1182    741
  1183    741
  1190    741
  1191    741
  1192    741
  1193    741
  1169    742
  1170    742
  1171    742
  1172    742
  1173    742
  1183    742
  1184    742
  1185    742
  1186    742
  1187    742
  1188    742
  1189    742
  1156    743
  1157    743
  1158    743
  1159    743
  1164    743
  1165    743
  1166    743
  1167    743
  1178    743
  1179    743
  1180    743
  1137    744
  1138    744
  1139    744
  1140    744
  1141    744
  1142    744
  1143    744
  1144    744
  1152    744
  1153    744
  1154    744
  1155    744
  1161    744
  1162    744
  1163    744
  1170    744
  1171    744
  1172    744
  1173    744
  1174    744
  1175    744
  1176    744
  1177    744
  1133    745
  1134    745
  1135    745
  1136    745
  1148    745
  1149    745
  1150    745
  1151    745
  1157    745
  1158    745
  1159    745
  1160    745
  1165    745
  1166    745
  1167    745
  1168    745
  1169    745
  1129    746
  1130    746
  1131    746
  1132    746
  1138    746
  1139    746
  1140    746
  1145    746
  1146    746
  1147    746
  1154    746
  1155    746
  1156    746
  1162    746
  1163    746
  1164    746
  1172    746
  1173    746
  1126    747
  1127    747
  1128    747
  1134    747
  1135    747
  1136    747
  1137    747
  1142    747
  1143    747
  1144    747
  1150    747
  1151    747
  1152    747
  1153    747
  1159    747
  1160    747
  1161    747
  1167    747
  1168    747
  1169    747
  1170    747
  1171    747
  1122    748
  1123    748
  1124    748
  1125    748
  1131    748
  1132    748
  1133    748
  1134    748
  1139    748
  1140    748
  1141    748
  1147    748
  1148    748
  1149    748
  1156    748
  1157    748
  1158    748
  1164    748
  1165    748
  1166    748
  1119    749
  1120    749
  1121    749
  1128    749
  1129    749
  1130    749
  1136    749
  1137    749
  1138    749
  1144    749
  1145    749
  1146    749
  1152    749
  1153    749
  1154    749
  1155    749
  1161    749
  1162    749
  1163    749
  1116    750
  1117    750
  1118    750
  1124    750
  1125    750
  1126    750
  1127    750
  1132    750
  1133    750
  1134    750
  1135    750
  1141    750
  1142    750
  1143    750
  1150    750
  1151    750
  1158    750
  1159    750
  1160    750
  1113    751
  1114    751
  1115    751
  1122    751
  1123    751
  1124    751
  1130    751
  1131    751
  1132    751
  1138    751
  1139    751
  1140    751
  1147    751
  1148    751
  1149    751
  1155    751
  1156    751
  1157    751
  1110    752
  1111    752
  1112    752
  1119    752
  1120    752
  1121    752
  1127    752
  1128    752
  1129    752
  1135    752
  1136    752
  1137    752
  1144    752
  1145    752
  1146    752
  1152    752
  1153    752
  1154    752
  1106    753
  1107    753
  1108    753
  1109    753
  1116    753
  1117    753
  1118    753
  1124    753
  1125    753
  1126    753
  1132    753
  1133    753
  1134    753
  1141    753
  1142    753
  1143    753
  1150    753
  1151    753
  1152    753
  1101    754
  1102    754
  1103    754
  1104    754
  1105    754
  1106    754
  1113    754
  1114    754
  1115    754
  1121    754
  1122    754
  1123    754
  1129    754
  1130    754
  1131    754
  1138    754
  1139    754
  1140    754
  1141    754
  1147    754
  1148    754
  1149    754
  1110    755
  1111    755
  1112    755
  1118    755
  1119    755
  1120    755
  1127    755
  1128    755
  1129    755
  1135    755
  1136    755
  1137    755
  1138    755
  1145    755
  1146    755
  1095    756
  1096    756
  1097    756
  1098    756
  1099    756
  1100    756
  1101    756
  1102    756
  1103    756
  1104    756
  1105    756
  1106    756
  1107    756
  1108    756
  1109    756
  1116    756
  1117    756
  1118    756
  1124    756
  1125    756
  1126    756
  1132    756
  1133    756
  1134    756
  1141    756
  1142    756
  1143    756
  1144    756
  1092    757
  1093    757
  1094    757
  1114    757
  1115    757
  1122    757
  1123    757
  1130    757
  1131    757
  1136    757
  1137    757
  1138    757
  1139    757
  1140    757
  1084    758
  1085    758
  1086    758
  1087    758
  1088    758
  1089    758
  1090    758
  1091    758
  1111    758
  1112    758
  1113    758
  1119    758
  1120    758
  1121    758
  1128    758
  1129    758
  1130    758
  1081    759
  1082    759
  1083    759
  1108    759
  1109    759
  1110    759
  1116    759
  1117    759
  1118    759
  1078    760
  1079    760
  1080    760
  1090    760
  1091    760
  1092    760
  1093    760
  1094    760
  1105    760
  1106    760
  1107    760
  1114    760
  1115    760
  1116    760
  1075    761
  1076    761
  1077    761
  1085    761
  1086    761
  1087    761
  1088    761
  1089    761
  1095    761
  1103    761
  1104    761
  1112    761
  1113    761
  1121    761
  1122    761
  1123    761
  1124    761
  1125    761
  1126    761
  1127    761
  1128    761
  1073    762
  1074    762
  1082    762
  1083    762
  1084    762
  1092    762
  1093    762
  1094    762
  1100    762
  1101    762
  1102    762
  1109    762
  1110    762
  1111    762
  1118    762
  1119    762
  1120    762
  1079    763
  1080    763
  1081    763
  1088    763
  1089    763
  1090    763
  1091    763
  1092    763
  1098    763
  1099    763
  1100    763
  1106    763
  1107    763
  1108    763
  1115    763
  1116    763
  1117    763
  1118    763
  1126    763
  1127    763
  1128    763
  1129    763
  1076    764
  1077    764
  1078    764
  1086    764
  1087    764
  1088    764
  1095    764
  1096    764
  1097    764
  1104    764
  1105    764
  1106    764
  1113    764
  1114    764
  1115    764
  1123    764
  1124    764
  1125    764
  1074    765
  1075    765
  1083    765
  1084    765
  1085    765
  1093    765
  1094    765
  1095    765
  1102    765
  1103    765
  1104    765
  1111    765
  1112    765
  1113    765
  1121    765
  1122    765
  1123    765
  1071    766
  1072    766
  1073    766
  1081    766
  1082    766
  1091    766
  1092    766
  1093    766
  1100    766
  1101    766
  1102    766
  1108    766
  1109    766
  1110    766
  1111    766
  1118    766
  1119    766
  1120    766
  1068    767
  1069    767
  1070    767
  1078    767
  1079    767
  1080    767
  1088    767
  1089    767
  1090    767
  1091    767
  1098    767
  1099    767
  1100    767
  1106    767
  1107    767
  1108    767
  1117    767
  1118    767
  1066    768
  1067    768
  1076    768
  1077    768
  1087    768
  1088    768
  1096    768
  1097    768
  1098    768
  1104    768
  1105    768
  1106    768
  1115    768
  1116    768
  1117    768
  1063    769
  1064    769
  1065    769
  1073    769
  1074    769
  1075    769
  1084    769
  1085    769
  1086    769
  1094    769
  1095    769
  1096    769
  1102    769
  1103    769
  1104    769
  1113    769
  1114    769
  1115    769
  1061    770
  1062    770
  1063    770
  1071    770
  1072    770
  1073    770
  1082    770
  1083    770
  1084    770
  1092    770
  1093    770
  1094    770
  1100    770
  1101    770
  1102    770
  1111    770
  1112    770
  1113    770
  1058    771
  1059    771
  1060    771
  1069    771
  1070    771
  1071    771
  1079    771
  1080    771
  1081    771
  1082    771
  1090    771
  1091    771
  1092    771
  1098    771
  1099    771
  1100    771
  1109    771
  1110    771
  1111    771
  1056    772
  1057    772
  1058    772
  1067    772
  1068    772
  1069    772
  1077    772
  1078    772
  1079    772
  1087    772
  1088    772
  1089    772
  1090    772
  1097    772
  1098    772
  1108    772
  1109    772
  1054    773
  1055    773
  1065    773
  1066    773
  1067    773
  1075    773
  1076    773
  1077    773
  1085    773
  1086    773
  1087    773
  1095    773
  1096    773
  1097    773
  1106    773
  1107    773
  1108    773
  1052    774
  1053    774
  1054    774
  1063    774
  1064    774
  1065    774
  1073    774
  1074    774
  1083    774
  1084    774
  1085    774
  1093    774
  1094    774
  1095    774
  1104    774
  1105    774
  1106    774
  1049    775
  1050    775
  1051    775
  1052    775
  1061    775
  1062    775
  1063    775
  1071    775
  1072    775
  1073    775
  1081    775
  1082    775
  1083    775
  1091    775
  1092    775
  1093    775
  1102    775
  1103    775
  1104    775
  1059    776
  1060    776
  1061    776
  1069    776
  1070    776
  1071    776
  1080    776
  1081    776
  1088    776
  1089    776
  1090    776
  1091    776
  1101    776
  1102    776
  1049    777
  1051    777
  1052    777
  1053    777
  1054    777
  1055    777
  1056    777
  1057    777
  1058    777
  1059    777
  1067    777
  1068    777
  1069    777
  1078    777
  1079    777
  1085    777
  1086    777
  1087    777
  1099    777
  1100    777
  1101    777
  1048    778
  1049    778
  1050    778
  1066    778
  1067    778
  1076    778
  1077    778
  1078    778
  1084    778
  1089    778
  1090    778
  1091    778
  1092    778
  1093    778
  1094    778
  1095    778
  1096    778
  1097    778
  1098    778
  1064    779
  1065    779
  1066    779
  1074    779
  1075    779
  1076    779
  1062    780
  1063    780
  1064    780
  1073    780
  1074    780
  1060    781
  1061    781
  1062    781
  1071    781
  1072    781
  1073    781
  1058    782
  1059    782
  1060    782
  1069    782
  1070    782
  1071    782
  1057    783
  1058    783
  1067    783
  1068    783
  1069    783
  1031    784
  1032    784
  1033    784
  1034    784
  1035    784
  1036    784
  1037    784
  1038    784
  1039    784
  1040    784
  1041    784
  1055    784
  1056    784
  1057    784
  1066    784
  1067    784
  1029    785
  1030    785
  1053    785
  1054    785
  1055    785
  1064    785
  1065    785
  1066    785
  1075    785
  1076    785
  1077    785
  1078    785
  1079    785
  1080    785
  1081    785
  1082    785
  1083    785
  1084    785
  1085    785
  1086    785
  1027    786
  1028    786
  1039    786
  1040    786
  1041    786
  1042    786
  1052    786
  1053    786
  1063    786
  1064    786
  1073    786
  1074    786
  1075    786
  1025    787
  1026    787
  1027    787
  1037    787
  1038    787
  1039    787
  1050    787
  1051    787
  1052    787
  1061    787
  1062    787
  1063    787
  1072    787
  1073    787
  1085    787
  1086    787
  1023    788
  1024    788
  1025    788
  1035    788
  1036    788
  1037    788
  1048    788
  1049    788
  1050    788
  1060    788
  1061    788
  1071    788
  1072    788
  1083    788
  1084    788
  1085    788
  1021    789
  1022    789
  1023    789
  1034    789
  1035    789
  1047    789
  1048    789
  1058    789
  1059    789
  1060    789
  1069    789
  1070    789
  1071    789
  1082    789
  1083    789
  1019    790
  1020    790
  1021    790
  1032    790
  1033    790
  1034    790
  1045    790
  1046    790
  1047    790
  1057    790
  1058    790
  1068    790
  1069    790
  1081    790
  1082    790
  1018    791
  1019    791
  1030    791
  1031    791
  1032    791
  1044    791
  1045    791
  1055    791
  1056    791
  1057    791
  1066    791
  1067    791
  1080    791
  1081    791
  1016    792
  1017    792
  1018    792
  1029    792
  1030    792
  1042    792
  1043    792
  1044    792
  1054    792
  1055    792
  1065    792
  1066    792
  1079    792
  1080    792
  1014    793
  1015    793
  1016    793
  1027    793
  1028    793
  1029    793
  1041    793
  1042    793
  1052    793
  1053    793
  1054    793
  1064    793
  1065    793
  1077    793
  1078    793
  1079    793
  1013    794
  1014    794
  1026    794
  1027    794
  1039    794
  1040    794
  1041    794
  1051    794
  1052    794
  1062    794
  1063    794
  1064    794
  1076    794
  1077    794
  1011    795
  1012    795
  1013    795
  1024    795
  1025    795
  1026    795
  1038    795
  1039    795
  1049    795
  1050    795
  1051    795
  1061    795
  1062    795
  1075    795
  1076    795
  1009    796
  1010    796
  1011    796
  1023    796
  1024    796
  1036    796
  1037    796
  1038    796
  1048    796
  1049    796
  1060    796
  1061    796
  1074    796
  1075    796
  1008    797
  1009    797
  1021    797
  1022    797
  1023    797
  1035    797
  1036    797
  1047    797
  1048    797
  1059    797
  1060    797
  1073    797
  1074    797
  1006    798
  1007    798
  1008    798
  1020    798
  1021    798
  1033    798
  1034    798
  1035    798
  1045    798
  1046    798
  1047    798
  1058    798
  1059    798
  1072    798
  1073    798
  1005    799
  1006    799
  1019    799
  1020    799
  1032    799
  1033    799
  1044    799
  1045    799
  1057    799
  1058    799
  1071    799
  1072    799
  1004    800
  1005    800
  1018    800
  1019    800
  1031    800
  1032    800
  1043    800
  1044    800
  1056    800
  1057    800
  1070    800
  1071    800
  1002    801
  1003    801
  1004    801
  1016    801
  1017    801
  1018    801
  1030    801
  1031    801
  1042    801
  1043    801
  1055    801
  1056    801
  1070    801
  1001    802
  1002    802
  1015    802
  1016    802
  1028    802
  1029    802
  1030    802
  1041    802
  1042    802
  1054    802
  1055    802
  1069    802
  1000    803
  1001    803
  1014    803
  1015    803
  1027    803
  1028    803
  1040    803
  1041    803
  1053    803
  1054    803
  1068    803
  1069    803
   999    804
  1000    804
  1013    804
  1014    804
  1026    804
  1027    804
  1039    804
  1040    804
  1052    804
  1053    804
  1067    804
  1068    804
   997    805
   998    805
   999    805
  1012    805
  1013    805
  1025    805
  1026    805
  1038    805
  1039    805
  1051    805
  1052    805
  1066    805
  1067    805
   997    806
  1011    806
  1012    806
  1024    806
  1025    806
  1037    806
  1038    806
  1051    806
  1066    806
  1010    807
  1011    807
  1023    807
  1024    807
  1036    807
  1037    807
  1050    807
  1051    807
  1065    807
  1066    807
  1009    808
  1010    808
  1021    808
  1022    808
  1023    808
  1035    808
  1036    808
  1049    808
  1050    808
  1065    808
  1020    809
  1021    809
  1034    809
  1035    809
  1048    809
  1049    809
  1064    809
  1065    809
  1047    810
  1048    810
  1063    810
  1064    810
  1047    811
  1063    811
  1062    812
  1063    812
