  1318    730
  1319    730
  1329    730
  1330    730
  1331    730
  1318    731
  1322    731
  1323    731
  1324    731
  1325    731
  1326    731
  1327    731
  1328    731
  1316    732
  1317    732
  1318    732
  1319    732
  1320    732
  1321    732
  1311    733
  1312    733
  1313    733
  1314    733
  1315    733
  1305    734
  1306    734
  1307    734
  1308    734
  1309    734
  1310    734
  1301    735
  1302    735
  1303    735
  1304    735
  1297    736
  1298    736
  1299    736
  1300    736
  1276    737
  1277    737
  1278    737
  1279    737
  1291    737
  1292    737
  1293    737
  1294    737
  1295    737
  1296    737
  1272    738
  1273    738
  1274    738
  1275    738
  1279    738
  1280    738
  1286    738
  1287    738
  1288    738
  1289    738
  1290    738
  1265    739
  1266    739
  1267    739
  1268    739
  1269    739
  1270    739
  1271    739
  1280    739
  1281    739
  1282    739
  1283    739
  1284    739
  1285    739
  1251    740
  1252    740
  1253    740
  1254    740
  1255    740
  1232    741
  1233    741
  1234    741
  1235    741
  1236    741
  1237    741
  1238    741
  1239    741
  1240    741
  1247    741
  1248    741
  1249    741
  1250    741
  1256    741
  1257    741
  1258    741
  1266    741
  1267    741
  1228    742
  1229    742
  1230    742
  1231    742
  1240    742
  1243    742
  1244    742
  1245    742
  1246    742
  1253    742
  1254    742
  1255    742
  1260    742
  1261    742
  1262    742
  1263    742
  1264    742
  1265    742
  1268    742
  1269    742
  1270    742
  1224    743
  1225    743
  1226    743
  1227    743
  1234    743
  1235    743
  1236    743
  1240    743
  1241    743
  1242    743
  1249    743
  1250    743
  1251    743
  1256    743
  1257    743
  1258    743
  1259    743
  1219    744
  1220    744
  1221    744
  1222    744
  1223    744
  1229    744
  1230    744
  1231    744
  1232    744
  1237    744
  1238    744
  1239    744
  1252    744
  1253    744
  1254    744
  1255    744
  1261    744
  1262    744
  1263    744
  1264    744
  1265    744
  1215    745
  1216    745
  1217    745
  1218    745
  1225    745
  1226    745
  1227    745
  1228    745
  1233    745
  1234    745
  1235    745
  1236    745
  1240    745
  1241    745
  1242    745
  1243    745
  1249    745
  1250    745
  1251    745
  1258    745
  1259    745
  1260    745
  1211    746
  1212    746
  1213    746
  1214    746
  1221    746
  1222    746
  1223    746
  1224    746
  1229    746
  1230    746
  1231    746
  1232    746
  1237    746
  1238    746
  1239    746
  1240    746
  1245    746
  1246    746
  1247    746
  1248    746
  1254    746
  1255    746
  1256    746
  1257    746
  1207    747
  1208    747
  1209    747
  1210    747
  1217    747
  1218    747
  1219    747
  1220    747
  1226    747
  1227    747
  1228    747
  1234    747
  1235    747
  1236    747
  1242    747
  1243    747
  1244    747
  1250    747
  1251    747
  1252    747
  1253    747
  1204    748
  1205    748
  1206    748
  1213    748
  1214    748
  1215    748
  1216    748
  1222    748
  1223    748
  1224    748
  1225    748
  1230    748
  1231    748
  1232    748
  1233    748
  1238    748
  1239    748
  1240    748
  1241    748
  1247    748
  1248    748
  1249    748
  1200    749
  1201    749
  1202    749
  1203    749
  1209    749
  1210    749
  1211    749
  1212    749
  1218    749
  1219    749
  1220    749
  1221    749
  1227    749
  1228    749
  1229    749
  1235    749
  1236    749
  1237    749
  1244    749
  1245    749
  1246    749
  1195    750
  1196    750
  1197    750
  1198    750
  1199    750
  1206    750
  1207    750
  1208    750
  1215    750
  1216    750
  1217    750
  1223    750
  1224    750
  1225    750
  1226    750
  1232    750
  1233    750
  1234    750
  1240    750
  1241    750
  1242    750
  1243    750
  1192    751
  1193    751
  1194    751
  1195    751
  1202    751
  1203    751
  1204    751
  1205    751
  1211    751
  1212    751
  1213    751
  1214    751
  1220    751
  1221    751
  1222    751
  1228    751
  1229    751
  1230    751
  1231    751
  1237    751
  1238    751
  1239    751
  1199    752
  1200    752
  1201    752
  1208    752
  1209    752
  1210    752
  1217    752
  1218    752
  1219    752
  1234    752
  1235    752
  1236    752
  1190    753
  1191    753
  1192    753
  1193    753
  1194    753
  1195    753
  1196    753
  1197    753
  1198    753
  1205    753
  1206    753
  1207    753
  1214    753
  1215    753
  1216    753
  1229    753
  1230    753
  1231    753
  1232    753
  1233    753
  1190    754
  1202    754
  1203    754
  1204    754
  1211    754
  1212    754
  1213    754
  1226    754
  1227    754
  1228    754
  1189    755
  1190    755
  1199    755
  1200    755
  1201    755
  1208    755
  1209    755
  1210    755
  1196    756
  1197    756
  1198    756
  1205    756
  1206    756
  1207    756
  1175    757
  1176    757
  1177    757
  1178    757
  1179    757
  1180    757
  1181    757
  1184    757
  1185    757
  1193    757
  1194    757
  1195    757
  1202    757
  1203    757
  1204    757
  1215    757
  1216    757
  1217    757
  1218    757
  1172    758
  1173    758
  1174    758
  1182    758
  1183    758
  1190    758
  1191    758
  1192    758
  1200    758
  1201    758
  1209    758
  1210    758
  1211    758
  1212    758
  1213    758
  1214    758
  1169    759
  1170    759
  1171    759
  1178    759
  1179    759
  1180    759
  1181    759
  1188    759
  1189    759
  1197    759
  1198    759
  1199    759
  1207    759
  1208    759
  1166    760
  1167    760
  1168    760
  1176    760
  1177    760
  1178    760
  1185    760
  1186    760
  1187    760
  1194    760
  1195    760
  1196    760
  1204    760
  1205    760
  1206    760
  1213    760
  1214    760
  1215    760
  1216    760
  1164    761
  1165    761
  1173    761
  1174    761
  1175    761
  1182    761
  1183    761
  1184    761
  1192    761
  1193    761
  1201    761
  1202    761
  1203    761
  1211    761
  1212    761
  1213    761
  1161    762
  1162    762
  1163    762
  1171    762
  1172    762
  1180    762
  1181    762
  1182    762
  1189    762
  1190    762
  1191    762
  1199    762
  1200    762
  1201    762
  1209    762
  1210    762
  1211    762
  1159    763
  1160    763
  1168    763
  1169    763
  1170    763
  1177    763
  1178    763
  1179    763
  1180    763
  1186    763
  1187    763
  1188    763
  1196    763
  1197    763
  1198    763
  1206    763
  1207    763
  1208    763
  1156    764
  1157    764
  1158    764
  1165    764
  1166    764
  1167    764
  1168    764
  1175    764
  1176    764
  1177    764
  1184    764
  1185    764
  1186    764
  1194    764
  1195    764
  1196    764
  1204    764
  1205    764
  1206    764
  1153    765
  1154    765
  1155    765
  1156    765
  1163    765
  1164    765
  1165    765
  1173    765
  1174    765
  1182    765
  1183    765
  1184    765
  1192    765
  1193    765
  1194    765
  1202    765
  1203    765
  1204    765
  1151    766
  1152    766
  1153    766
  1161    766
  1162    766
  1163    766
  1171    766
  1172    766
  1173    766
  1180    766
  1181    766
  1182    766
  1190    766
  1191    766
  1192    766
  1200    766
  1201    766
  1202    766
  1149    767
  1150    767
  1151    767
  1159    767
  1160    767
  1161    767
  1168    767
  1169    767
  1170    767
  1171    767
  1178    767
  1179    767
  1180    767
  1188    767
  1189    767
  1190    767
  1198    767
  1199    767
  1200    767
  1146    768
  1147    768
  1148    768
  1149    768
  1156    768
  1157    768
  1158    768
  1166    768
  1167    768
  1168    768
  1176    768
  1177    768
  1178    768
  1186    768
  1187    768
  1188    768
  1197    768
  1198    768
  1144    769
  1145    769
  1146    769
  1154    769
  1155    769
  1156    769
  1165    769
  1166    769
  1174    769
  1175    769
  1176    769
  1184    769
  1185    769
  1186    769
  1195    769
  1196    769
  1197    769
  1142    770
  1143    770
  1144    770
  1152    770
  1153    770
  1154    770
  1163    770
  1164    770
  1165    770
  1172    770
  1173    770
  1174    770
  1183    770
  1184    770
  1194    770
  1195    770
  1139    771
  1140    771
  1141    771
  1142    771
  1150    771
  1151    771
  1152    771
  1161    771
  1162    771
  1163    771
  1170    771
  1171    771
  1172    771
  1181    771
  1182    771
  1183    771
  1192    771
  1193    771
  1194    771
  1137    772
  1138    772
  1139    772
  1148    772
  1149    772
  1150    772
  1159    772
  1160    772
  1161    772
  1168    772
  1169    772
  1170    772
  1179    772
  1180    772
  1181    772
  1191    772
  1192    772
  1146    773
  1147    773
  1148    773
  1157    773
  1158    773
  1159    773
  1167    773
  1168    773
  1189    773
  1190    773
  1191    773
  1136    774
  1137    774
  1138    774
  1139    774
  1140    774
  1141    774
  1142    774
  1143    774
  1144    774
  1145    774
  1155    774
  1156    774
  1157    774
  1165    774
  1166    774
  1167    774
  1180    774
  1181    774
  1182    774
  1183    774
  1186    774
  1187    774
  1188    774
  1189    774
  1153    775
  1154    775
  1155    775
  1163    775
  1164    775
  1165    775
  1184    775
  1185    775
  1152    776
  1153    776
  1161    776
  1162    776
  1163    776
  1150    777
  1151    777
  1152    777
  1160    777
  1161    777
  1148    778
  1149    778
  1150    778
  1158    778
  1159    778
  1160    778
  1146    779
  1147    779
  1148    779
  1157    779
  1158    779
  1145    780
  1146    780
  1155    780
  1156    780
  1157    780
  1121    781
  1122    781
  1123    781
  1124    781
  1125    781
  1126    781
  1127    781
  1128    781
  1129    781
  1130    781
  1143    781
  1144    781
  1145    781
  1153    781
  1154    781
  1155    781
  1165    781
  1166    781
  1167    781
  1168    781
  1169    781
  1170    781
  1171    781
  1172    781
  1173    781
  1174    781
  1175    781
  1176    781
  1118    782
  1119    782
  1120    782
  1141    782
  1142    782
  1143    782
  1152    782
  1153    782
  1163    782
  1164    782
  1116    783
  1117    783
  1118    783
  1128    783
  1129    783
  1130    783
  1140    783
  1141    783
  1150    783
  1151    783
  1152    783
  1161    783
  1162    783
  1163    783
  1174    783
  1175    783
  1176    783
  1114    784
  1115    784
  1116    784
  1126    784
  1127    784
  1128    784
  1138    784
  1139    784
  1140    784
  1148    784
  1149    784
  1150    784
  1160    784
  1161    784
  1172    784
  1173    784
  1174    784
  1112    785
  1113    785
  1114    785
  1124    785
  1125    785
  1126    785
  1137    785
  1138    785
  1147    785
  1148    785
  1158    785
  1159    785
  1160    785
  1170    785
  1171    785
  1172    785
  1110    786
  1111    786
  1112    786
  1122    786
  1123    786
  1124    786
  1135    786
  1136    786
  1137    786
  1146    786
  1147    786
  1157    786
  1158    786
  1169    786
  1170    786
  1109    787
  1110    787
  1121    787
  1122    787
  1133    787
  1134    787
  1135    787
  1144    787
  1145    787
  1146    787
  1155    787
  1156    787
  1157    787
  1168    787
  1169    787
  1107    788
  1108    788
  1109    788
  1119    788
  1120    788
  1121    788
  1132    788
  1133    788
  1143    788
  1144    788
  1154    788
  1155    788
  1166    788
  1167    788
  1168    788
  1105    789
  1106    789
  1107    789
  1117    789
  1118    789
  1119    789
  1130    789
  1131    789
  1132    789
  1142    789
  1143    789
  1152    789
  1153    789
  1154    789
  1165    789
  1166    789
  1103    790
  1104    790
  1105    790
  1116    790
  1117    790
  1129    790
  1130    790
  1140    790
  1141    790
  1142    790
  1151    790
  1152    790
  1164    790
  1165    790
  1101    791
  1102    791
  1103    791
  1114    791
  1115    791
  1116    791
  1127    791
  1128    791
  1129    791
  1139    791
  1140    791
  1149    791
  1150    791
  1151    791
  1163    791
  1164    791
  1100    792
  1101    792
  1113    792
  1114    792
  1126    792
  1127    792
  1138    792
  1139    792
  1148    792
  1149    792
  1162    792
  1163    792
  1098    793
  1099    793
  1100    793
  1111    793
  1112    793
  1113    793
  1125    793
  1126    793
  1137    793
  1138    793
  1147    793
  1148    793
  1161    793
  1162    793
  1097    794
  1098    794
  1110    794
  1111    794
  1123    794
  1124    794
  1125    794
  1135    794
  1136    794
  1137    794
  1146    794
  1147    794
  1160    794
  1161    794
  1095    795
  1096    795
  1097    795
  1108    795
  1109    795
  1110    795
  1122    795
  1123    795
  1134    795
  1135    795
  1145    795
  1146    795
  1159    795
  1160    795
  1093    796
  1094    796
  1095    796
  1107    796
  1108    796
  1120    796
  1121    796
  1122    796
  1133    796
  1134    796
  1144    796
  1145    796
  1158    796
  1159    796
  1092    797
  1093    797
  1105    797
  1106    797
  1107    797
  1119    797
  1120    797
  1132    797
  1133    797
  1143    797
  1144    797
  1157    797
  1158    797
  1090    798
  1091    798
  1092    798
  1104    798
  1105    798
  1117    798
  1118    798
  1119    798
  1130    798
  1131    798
  1132    798
  1142    798
  1143    798
  1156    798
  1157    798
  1089    799
  1090    799
  1103    799
  1104    799
  1116    799
  1117    799
  1129    799
  1130    799
  1140    799
  1141    799
  1142    799
  1155    799
  1156    799
  1088    800
  1089    800
  1101    800
  1102    800
  1103    800
  1115    800
  1116    800
  1128    800
  1129    800
  1139    800
  1140    800
  1154    800
  1155    800
  1086    801
  1087    801
  1088    801
  1100    801
  1101    801
  1114    801
  1115    801
  1126    801
  1127    801
  1128    801
  1138    801
  1139    801
  1153    801
  1154    801
  1085    802
  1086    802
  1099    802
  1100    802
  1112    802
  1113    802
  1114    802
  1125    802
  1126    802
  1137    802
  1138    802
  1152    802
  1153    802
  1083    803
  1084    803
  1085    803
  1097    803
  1098    803
  1099    803
  1111    803
  1112    803
  1124    803
  1125    803
  1136    803
  1137    803
  1151    803
  1152    803
  1081    804
  1082    804
  1083    804
  1096    804
  1097    804
  1110    804
  1111    804
  1123    804
  1124    804
  1135    804
  1136    804
  1150    804
  1151    804
  1081    805
  1095    805
  1096    805
  1109    805
  1110    805
  1122    805
  1123    805
  1134    805
  1135    805
  1149    805
  1150    805
  1094    806
  1095    806
  1107    806
  1108    806
  1109    806
  1121    806
  1122    806
  1134    806
  1148    806
  1149    806
  1081    807
  1082    807
  1083    807
  1084    807
  1085    807
  1086    807
  1087    807
  1088    807
  1089    807
  1090    807
  1091    807
  1092    807
  1093    807
  1106    807
  1107    807
  1120    807
  1121    807
  1147    807
  1148    807
  1135    808
  1136    808
  1137    808
  1138    808
  1139    808
  1140    808
  1141    808
  1142    808
  1143    808
  1144    808
  1145    808
  1146    808
  1147    808
