  1368    723
  1369    723
  1370    723
  1371    723
  1372    723
  1362    724
  1363    724
  1364    724
  1365    724
  1366    724
  1367    724
  1356    725
  1357    725
  1358    725
  1359    725
  1360    725
  1361    725
  1350    726
  1351    726
  1352    726
  1353    726
  1354    726
  1355    726
  1306    727
  1307    727
  1308    727
  1316    727
  1317    727
  1318    727
  1327    727
  1328    727
  1329    727
  1330    727
  1343    727
  1344    727
  1345    727
  1346    727
  1347    727
  1348    727
  1349    727
  1287    728
  1288    728
  1289    728
  1290    728
  1291    728
  1292    728
  1293    728
  1294    728
  1295    728
  1296    728
  1297    728
  1298    728
  1299    728
  1300    728
  1301    728
  1302    728
  1303    728
  1304    728
  1305    728
  1308    728
  1309    728
  1310    728
  1311    728
  1312    728
  1313    728
  1314    728
  1315    728
  1319    728
  1323    728
  1324    728
  1325    728
  1326    728
  1331    728
  1332    728
  1333    728
  1334    728
  1335    728
  1336    728
  1337    728
  1338    728
  1339    728
  1340    728
  1341    728
  1342    728
  1279    729
  1280    729
  1281    729
  1282    729
  1283    729
  1284    729
  1285    729
  1286    729
  1320    729
  1321    729
  1322    729
  1275    730
  1276    730
  1277    730
  1278    730
  1290    730
  1291    730
  1292    730
  1293    730
  1294    730
  1295    730
  1296    730
  1302    730
  1303    730
  1304    730
  1305    730
  1306    730
  1307    730
  1308    730
  1309    730
  1320    730
  1269    731
  1270    731
  1271    731
  1272    731
  1273    731
  1274    731
  1284    731
  1285    731
  1286    731
  1287    731
  1288    731
  1289    731
  1296    731
  1297    731
  1298    731
  1299    731
  1300    731
  1301    731
  1310    731
  1311    731
  1319    731
  1277    732
  1278    732
  1279    732
  1280    732
  1281    732
  1282    732
  1283    732
  1315    732
  1316    732
  1317    732
  1318    732
  1271    733
  1272    733
  1273    733
  1274    733
  1275    733
  1276    733
  1278    733
  1310    733
  1311    733
  1312    733
  1313    733
  1314    733
  1265    734
  1266    734
  1267    734
  1268    734
  1269    734
  1270    734
  1305    734
  1306    734
  1307    734
  1308    734
  1309    734
  1259    735
  1260    735
  1261    735
  1262    735
  1263    735
  1264    735
  1271    735
  1301    735
  1302    735
  1303    735
  1304    735
  1250    736
  1251    736
  1252    736
  1253    736
  1254    736
  1255    736
  1256    736
  1257    736
  1258    736
  1296    736
  1297    736
  1298    736
  1299    736
  1300    736
  1290    737
  1291    737
  1292    737
  1293    737
  1294    737
  1295    737
  1248    738
  1249    738
  1250    738
  1251    738
  1252    738
  1253    738
  1254    738
  1271    738
  1272    738
  1273    738
  1274    738
  1275    738
  1276    738
  1277    738
  1278    738
  1279    738
  1286    738
  1287    738
  1288    738
  1289    738
  1243    739
  1244    739
  1245    739
  1246    739
  1247    739
  1253    739
  1265    739
  1266    739
  1267    739
  1268    739
  1269    739
  1270    739
  1279    739
  1280    739
  1281    739
  1282    739
  1283    739
  1284    739
  1285    739
  1241    740
  1242    740
  1251    740
  1252    740
  1253    740
  1254    740
  1255    740
  1231    741
  1232    741
  1233    741
  1234    741
  1235    741
  1236    741
  1237    741
  1238    741
  1246    741
  1247    741
  1248    741
  1249    741
  1250    741
  1256    741
  1257    741
  1227    742
  1228    742
  1229    742
  1230    742
  1238    742
  1242    742
  1243    742
  1244    742
  1245    742
  1252    742
  1253    742
  1254    742
  1259    742
  1260    742
  1261    742
  1262    742
  1263    742
  1264    742
  1223    743
  1224    743
  1225    743
  1226    743
  1239    743
  1240    743
  1241    743
  1255    743
  1256    743
  1257    743
  1258    743
  1219    744
  1220    744
  1221    744
  1222    744
  1229    744
  1230    744
  1231    744
  1237    744
  1238    744
  1252    744
  1253    744
  1254    744
  1260    744
  1261    744
  1262    744
  1263    744
  1264    744
  1265    744
  1214    745
  1215    745
  1216    745
  1217    745
  1218    745
  1224    745
  1225    745
  1226    745
  1227    745
  1232    745
  1233    745
  1234    745
  1240    745
  1241    745
  1242    745
  1248    745
  1249    745
  1250    745
  1251    745
  1257    745
  1258    745
  1259    745
  1210    746
  1211    746
  1212    746
  1213    746
  1220    746
  1221    746
  1222    746
  1223    746
  1228    746
  1229    746
  1230    746
  1231    746
  1236    746
  1237    746
  1238    746
  1239    746
  1244    746
  1245    746
  1246    746
  1247    746
  1253    746
  1254    746
  1255    746
  1256    746
  1206    747
  1207    747
  1208    747
  1209    747
  1216    747
  1217    747
  1218    747
  1219    747
  1225    747
  1226    747
  1227    747
  1233    747
  1234    747
  1235    747
  1241    747
  1242    747
  1243    747
  1249    747
  1250    747
  1251    747
  1252    747
  1203    748
  1204    748
  1205    748
  1212    748
  1213    748
  1214    748
  1215    748
  1221    748
  1222    748
  1223    748
  1229    748
  1230    748
  1231    748
  1232    748
  1237    748
  1238    748
  1239    748
  1240    748
  1246    748
  1247    748
  1248    748
  1199    749
  1200    749
  1201    749
  1202    749
  1208    749
  1209    749
  1210    749
  1211    749
  1217    749
  1218    749
  1219    749
  1220    749
  1226    749
  1227    749
  1228    749
  1234    749
  1235    749
  1236    749
  1243    749
  1244    749
  1245    749
  1195    750
  1196    750
  1197    750
  1198    750
  1205    750
  1206    750
  1207    750
  1214    750
  1215    750
  1216    750
  1222    750
  1223    750
  1224    750
  1225    750
  1230    750
  1231    750
  1232    750
  1233    750
  1239    750
  1240    750
  1241    750
  1242    750
  1202    751
  1203    751
  1204    751
  1210    751
  1211    751
  1212    751
  1213    751
  1219    751
  1220    751
  1221    751
  1227    751
  1228    751
  1229    751
  1230    751
  1236    751
  1237    751
  1238    751
  1189    752
  1198    752
  1199    752
  1200    752
  1201    752
  1207    752
  1208    752
  1209    752
  1216    752
  1217    752
  1218    752
  1233    752
  1234    752
  1235    752
  1190    753
  1191    753
  1192    753
  1193    753
  1194    753
  1195    753
  1196    753
  1197    753
  1204    753
  1205    753
  1206    753
  1213    753
  1214    753
  1215    753
  1227    753
  1228    753
  1229    753
  1230    753
  1231    753
  1232    753
  1201    754
  1202    754
  1203    754
  1210    754
  1211    754
  1212    754
  1225    754
  1226    754
  1198    755
  1199    755
  1200    755
  1207    755
  1208    755
  1209    755
  1194    756
  1195    756
  1196    756
  1197    756
  1204    756
  1205    756
  1206    756
  1174    757
  1175    757
  1176    757
  1177    757
  1178    757
  1179    757
  1180    757
  1192    757
  1193    757
  1201    757
  1202    757
  1203    757
  1211    757
  1212    757
  1213    757
  1214    757
  1215    757
  1216    757
  1217    757
  1171    758
  1172    758
  1173    758
  1181    758
  1182    758
  1189    758
  1190    758
  1191    758
  1198    758
  1199    758
  1200    758
  1208    758
  1209    758
  1210    758
  1168    759
  1169    759
  1170    759
  1177    759
  1178    759
  1179    759
  1180    759
  1187    759
  1188    759
  1196    759
  1197    759
  1205    759
  1206    759
  1207    759
  1216    759
  1217    759
  1166    760
  1167    760
  1175    760
  1176    760
  1177    760
  1184    760
  1185    760
  1186    760
  1193    760
  1194    760
  1195    760
  1203    760
  1204    760
  1205    760
  1213    760
  1214    760
  1215    760
  1163    761
  1164    761
  1165    761
  1172    761
  1173    761
  1174    761
  1181    761
  1182    761
  1183    761
  1191    761
  1192    761
  1201    761
  1202    761
  1203    761
  1209    761
  1210    761
  1211    761
  1212    761
  1160    762
  1161    762
  1162    762
  1170    762
  1171    762
  1179    762
  1180    762
  1188    762
  1189    762
  1190    762
  1197    762
  1198    762
  1199    762
  1200    762
  1208    762
  1209    762
  1158    763
  1159    763
  1167    763
  1168    763
  1169    763
  1177    763
  1178    763
  1179    763
  1186    763
  1187    763
  1188    763
  1195    763
  1196    763
  1197    763
  1205    763
  1206    763
  1207    763
  1155    764
  1156    764
  1157    764
  1165    764
  1166    764
  1174    764
  1175    764
  1176    764
  1183    764
  1184    764
  1185    764
  1193    764
  1194    764
  1195    764
  1203    764
  1204    764
  1205    764
  1152    765
  1153    765
  1154    765
  1162    765
  1163    765
  1164    765
  1172    765
  1173    765
  1181    765
  1182    765
  1183    765
  1191    765
  1192    765
  1193    765
  1201    765
  1202    765
  1203    765
  1150    766
  1151    766
  1152    766
  1160    766
  1161    766
  1162    766
  1170    766
  1171    766
  1172    766
  1179    766
  1180    766
  1181    766
  1189    766
  1190    766
  1191    766
  1199    766
  1200    766
  1201    766
  1148    767
  1149    767
  1158    767
  1159    767
  1160    767
  1168    767
  1169    767
  1170    767
  1177    767
  1178    767
  1179    767
  1187    767
  1188    767
  1189    767
  1197    767
  1198    767
  1199    767
  1146    768
  1147    768
  1148    768
  1156    768
  1157    768
  1158    768
  1166    768
  1167    768
  1168    768
  1174    768
  1175    768
  1176    768
  1177    768
  1185    768
  1186    768
  1187    768
  1196    768
  1197    768
  1144    769
  1145    769
  1153    769
  1154    769
  1155    769
  1163    769
  1164    769
  1165    769
  1166    769
  1172    769
  1173    769
  1174    769
  1183    769
  1184    769
  1185    769
  1194    769
  1195    769
  1196    769
  1141    770
  1142    770
  1143    770
  1151    770
  1152    770
  1153    770
  1161    770
  1162    770
  1163    770
  1171    770
  1172    770
  1182    770
  1183    770
  1193    770
  1194    770
  1138    771
  1139    771
  1140    771
  1141    771
  1149    771
  1150    771
  1151    771
  1160    771
  1161    771
  1169    771
  1170    771
  1171    771
  1180    771
  1181    771
  1182    771
  1191    771
  1192    771
  1193    771
  1147    772
  1148    772
  1149    772
  1158    772
  1159    772
  1160    772
  1167    772
  1168    772
  1169    772
  1178    772
  1179    772
  1180    772
  1190    772
  1191    772
  1138    773
  1139    773
  1140    773
  1141    773
  1142    773
  1143    773
  1144    773
  1145    773
  1146    773
  1156    773
  1157    773
  1158    773
  1166    773
  1167    773
  1178    773
  1188    773
  1189    773
  1190    773
  1135    774
  1136    774
  1137    774
  1138    774
  1154    774
  1155    774
  1156    774
  1164    774
  1165    774
  1178    774
  1179    774
  1180    774
  1181    774
  1182    774
  1183    774
  1184    774
  1185    774
  1186    774
  1187    774
  1188    774
  1152    775
  1153    775
  1154    775
  1162    775
  1163    775
  1164    775
  1151    776
  1152    776
  1160    776
  1161    776
  1162    776
  1149    777
  1150    777
  1151    777
  1158    777
  1159    777
  1160    777
  1147    778
  1148    778
  1149    778
  1157    778
  1158    778
  1145    779
  1146    779
  1147    779
  1155    779
  1156    779
  1157    779
  1123    780
  1124    780
  1125    780
  1126    780
  1127    780
  1128    780
  1129    780
  1130    780
  1143    780
  1144    780
  1145    780
  1154    780
  1155    780
  1120    781
  1121    781
  1122    781
  1128    781
  1142    781
  1143    781
  1152    781
  1153    781
  1154    781
  1163    781
  1164    781
  1165    781
  1166    781
  1167    781
  1168    781
  1169    781
  1170    781
  1171    781
  1172    781
  1173    781
  1174    781
  1175    781
  1117    782
  1118    782
  1119    782
  1129    782
  1130    782
  1131    782
  1140    782
  1141    782
  1142    782
  1150    782
  1151    782
  1152    782
  1162    782
  1163    782
  1174    782
  1115    783
  1116    783
  1117    783
  1126    783
  1127    783
  1128    783
  1129    783
  1138    783
  1139    783
  1140    783
  1149    783
  1150    783
  1160    783
  1161    783
  1162    783
  1173    783
  1174    783
  1175    783
  1113    784
  1114    784
  1115    784
  1124    784
  1125    784
  1126    784
  1137    784
  1138    784
  1147    784
  1148    784
  1149    784
  1158    784
  1159    784
  1160    784
  1171    784
  1172    784
  1173    784
  1111    785
  1112    785
  1113    785
  1123    785
  1124    785
  1135    785
  1136    785
  1137    785
  1146    785
  1147    785
  1157    785
  1158    785
  1169    785
  1170    785
  1171    785
  1109    786
  1110    786
  1111    786
  1121    786
  1122    786
  1123    786
  1134    786
  1135    786
  1144    786
  1145    786
  1146    786
  1155    786
  1156    786
  1157    786
  1168    786
  1169    786
  1107    787
  1108    787
  1109    787
  1119    787
  1120    787
  1121    787
  1132    787
  1133    787
  1134    787
  1143    787
  1144    787
  1154    787
  1155    787
  1166    787
  1167    787
  1168    787
  1106    788
  1107    788
  1118    788
  1119    788
  1130    788
  1131    788
  1132    788
  1142    788
  1143    788
  1152    788
  1153    788
  1154    788
  1165    788
  1166    788
  1104    789
  1105    789
  1106    789
  1116    789
  1117    789
  1118    789
  1129    789
  1130    789
  1141    789
  1142    789
  1151    789
  1152    789
  1164    789
  1165    789
  1102    790
  1103    790
  1104    790
  1114    790
  1115    790
  1116    790
  1128    790
  1129    790
  1139    790
  1140    790
  1141    790
  1150    790
  1151    790
  1162    790
  1163    790
  1164    790
  1100    791
  1101    791
  1102    791
  1113    791
  1114    791
  1126    791
  1127    791
  1128    791
  1138    791
  1139    791
  1148    791
  1149    791
  1150    791
  1161    791
  1162    791
  1098    792
  1099    792
  1100    792
  1111    792
  1112    792
  1113    792
  1125    792
  1126    792
  1137    792
  1138    792
  1147    792
  1148    792
  1160    792
  1161    792
  1097    793
  1098    793
  1110    793
  1111    793
  1123    793
  1124    793
  1125    793
  1135    793
  1136    793
  1137    793
  1146    793
  1147    793
  1159    793
  1160    793
  1095    794
  1096    794
  1097    794
  1108    794
  1109    794
  1110    794
  1122    794
  1123    794
  1134    794
  1135    794
  1145    794
  1146    794
  1158    794
  1159    794
  1094    795
  1095    795
  1107    795
  1108    795
  1120    795
  1121    795
  1122    795
  1133    795
  1134    795
  1144    795
  1145    795
  1157    795
  1158    795
  1092    796
  1093    796
  1094    796
  1105    796
  1106    796
  1107    796
  1119    796
  1120    796
  1131    796
  1132    796
  1133    796
  1142    796
  1143    796
  1144    796
  1156    796
  1157    796
  1091    797
  1092    797
  1104    797
  1105    797
  1117    797
  1118    797
  1119    797
  1130    797
  1131    797
  1141    797
  1142    797
  1155    797
  1156    797
  1089    798
  1090    798
  1091    798
  1103    798
  1104    798
  1116    798
  1117    798
  1129    798
  1130    798
  1140    798
  1141    798
  1154    798
  1155    798
  1088    799
  1089    799
  1101    799
  1102    799
  1103    799
  1115    799
  1116    799
  1128    799
  1129    799
  1139    799
  1140    799
  1153    799
  1154    799
  1086    800
  1087    800
  1088    800
  1100    800
  1101    800
  1113    800
  1114    800
  1115    800
  1126    800
  1127    800
  1128    800
  1138    800
  1139    800
  1152    800
  1153    800
  1085    801
  1086    801
  1099    801
  1100    801
  1112    801
  1113    801
  1125    801
  1126    801
  1137    801
  1138    801
  1151    801
  1152    801
  1084    802
  1085    802
  1097    802
  1098    802
  1099    802
  1111    802
  1112    802
  1124    802
  1125    802
  1136    802
  1137    802
  1150    802
  1151    802
  1082    803
  1083    803
  1084    803
  1096    803
  1097    803
  1110    803
  1111    803
  1123    803
  1124    803
  1135    803
  1136    803
  1149    803
  1150    803
  1080    804
  1081    804
  1082    804
  1095    804
  1096    804
  1108    804
  1109    804
  1110    804
  1121    804
  1122    804
  1123    804
  1134    804
  1135    804
  1148    804
  1149    804
  1080    805
  1094    805
  1095    805
  1107    805
  1108    805
  1120    805
  1121    805
  1133    805
  1134    805
  1147    805
  1148    805
  1080    806
  1082    806
  1093    806
  1094    806
  1106    806
  1107    806
  1119    806
  1120    806
  1132    806
  1146    806
  1147    806
  1104    807
  1105    807
  1106    807
  1118    807
  1119    807
  1133    807
  1134    807
  1135    807
  1136    807
  1137    807
  1138    807
  1139    807
  1140    807
  1141    807
  1142    807
  1143    807
  1144    807
  1145    807
  1146    807
  1117    808
  1118    808
