  1322    729
  1324    729
  1325    729
  1326    729
  1306    730
  1307    730
  1323    730
  1324    730
  1301    731
  1302    731
  1303    731
  1304    731
  1305    731
  1323    731
  1320    732
  1321    732
  1322    732
  1315    733
  1316    733
  1317    733
  1318    733
  1319    733
  1308    734
  1309    734
  1310    734
  1311    734
  1312    734
  1313    734
  1314    734
  1304    735
  1305    735
  1306    735
  1307    735
  1299    736
  1300    736
  1301    736
  1302    736
  1303    736
  1294    737
  1295    737
  1296    737
  1297    737
  1298    737
  1275    738
  1276    738
  1277    738
  1278    738
  1279    738
  1280    738
  1281    738
  1289    738
  1290    738
  1291    738
  1292    738
  1293    738
  1269    739
  1270    739
  1271    739
  1272    739
  1273    739
  1274    739
  1281    739
  1282    739
  1283    739
  1284    739
  1285    739
  1286    739
  1287    739
  1288    739
  1253    740
  1254    740
  1255    740
  1256    740
  1257    740
  1258    740
  1262    740
  1263    740
  1264    740
  1265    740
  1266    740
  1267    740
  1268    740
  1235    741
  1236    741
  1237    741
  1238    741
  1239    741
  1240    741
  1241    741
  1250    741
  1251    741
  1252    741
  1253    741
  1254    741
  1259    741
  1260    741
  1231    742
  1232    742
  1233    742
  1234    742
  1240    742
  1246    742
  1247    742
  1248    742
  1249    742
  1255    742
  1256    742
  1257    742
  1263    742
  1264    742
  1265    742
  1266    742
  1267    742
  1268    742
  1269    742
  1270    742
  1271    742
  1272    742
  1226    743
  1227    743
  1228    743
  1229    743
  1230    743
  1236    743
  1237    743
  1238    743
  1243    743
  1244    743
  1245    743
  1251    743
  1252    743
  1253    743
  1254    743
  1259    743
  1260    743
  1261    743
  1262    743
  1222    744
  1223    744
  1224    744
  1225    744
  1232    744
  1233    744
  1234    744
  1235    744
  1240    744
  1241    744
  1242    744
  1248    744
  1249    744
  1250    744
  1255    744
  1256    744
  1257    744
  1258    744
  1264    744
  1265    744
  1266    744
  1267    744
  1268    744
  1269    744
  1218    745
  1219    745
  1220    745
  1221    745
  1228    745
  1229    745
  1230    745
  1231    745
  1236    745
  1237    745
  1238    745
  1239    745
  1244    745
  1245    745
  1246    745
  1252    745
  1253    745
  1254    745
  1261    745
  1262    745
  1263    745
  1214    746
  1215    746
  1216    746
  1217    746
  1224    746
  1225    746
  1226    746
  1227    746
  1232    746
  1233    746
  1234    746
  1235    746
  1240    746
  1241    746
  1242    746
  1243    746
  1248    746
  1249    746
  1250    746
  1251    746
  1257    746
  1258    746
  1259    746
  1260    746
  1210    747
  1211    747
  1212    747
  1213    747
  1220    747
  1221    747
  1222    747
  1223    747
  1229    747
  1230    747
  1231    747
  1236    747
  1237    747
  1238    747
  1239    747
  1245    747
  1246    747
  1247    747
  1253    747
  1254    747
  1255    747
  1256    747
  1206    748
  1207    748
  1208    748
  1209    748
  1216    748
  1217    748
  1218    748
  1219    748
  1225    748
  1226    748
  1227    748
  1228    748
  1233    748
  1234    748
  1235    748
  1241    748
  1242    748
  1243    748
  1244    748
  1250    748
  1251    748
  1252    748
  1203    749
  1204    749
  1205    749
  1213    749
  1214    749
  1215    749
  1222    749
  1223    749
  1224    749
  1230    749
  1231    749
  1232    749
  1238    749
  1239    749
  1240    749
  1247    749
  1248    749
  1249    749
  1200    750
  1201    750
  1202    750
  1209    750
  1210    750
  1211    750
  1212    750
  1218    750
  1219    750
  1220    750
  1221    750
  1226    750
  1227    750
  1228    750
  1229    750
  1235    750
  1236    750
  1237    750
  1243    750
  1244    750
  1245    750
  1246    750
  1193    751
  1194    751
  1195    751
  1196    751
  1197    751
  1198    751
  1199    751
  1205    751
  1206    751
  1207    751
  1208    751
  1214    751
  1215    751
  1216    751
  1217    751
  1223    751
  1224    751
  1225    751
  1231    751
  1232    751
  1233    751
  1234    751
  1240    751
  1241    751
  1242    751
  1191    752
  1202    752
  1203    752
  1204    752
  1211    752
  1212    752
  1213    752
  1220    752
  1221    752
  1222    752
  1228    752
  1229    752
  1230    752
  1231    752
  1237    752
  1238    752
  1239    752
  1191    753
  1192    753
  1193    753
  1197    753
  1198    753
  1199    753
  1200    753
  1201    753
  1208    753
  1209    753
  1210    753
  1217    753
  1218    753
  1219    753
  1226    753
  1234    753
  1235    753
  1236    753
  1194    754
  1195    754
  1196    754
  1205    754
  1206    754
  1207    754
  1214    754
  1215    754
  1216    754
  1225    754
  1227    754
  1228    754
  1229    754
  1230    754
  1231    754
  1232    754
  1233    754
  1202    755
  1203    755
  1204    755
  1211    755
  1212    755
  1213    755
  1199    756
  1200    756
  1201    756
  1208    756
  1209    756
  1210    756
  1182    757
  1183    757
  1196    757
  1197    757
  1198    757
  1205    757
  1206    757
  1207    757
  1175    758
  1176    758
  1177    758
  1178    758
  1179    758
  1180    758
  1181    758
  1185    758
  1193    758
  1194    758
  1195    758
  1203    758
  1204    758
  1212    758
  1213    758
  1214    758
  1215    758
  1216    758
  1217    758
  1218    758
  1219    758
  1220    758
  1172    759
  1173    759
  1174    759
  1182    759
  1183    759
  1184    759
  1191    759
  1192    759
  1200    759
  1201    759
  1202    759
  1210    759
  1211    759
  1169    760
  1170    760
  1171    760
  1179    760
  1180    760
  1181    760
  1182    760
  1188    760
  1189    760
  1190    760
  1197    760
  1198    760
  1199    760
  1207    760
  1208    760
  1209    760
  1217    760
  1218    760
  1219    760
  1220    760
  1167    761
  1168    761
  1176    761
  1177    761
  1178    761
  1186    761
  1187    761
  1194    761
  1195    761
  1196    761
  1205    761
  1206    761
  1214    761
  1215    761
  1216    761
  1217    761
  1164    762
  1165    762
  1166    762
  1174    762
  1175    762
  1183    762
  1184    762
  1185    762
  1192    762
  1193    762
  1194    762
  1202    762
  1203    762
  1204    762
  1211    762
  1212    762
  1213    762
  1162    763
  1163    763
  1171    763
  1172    763
  1173    763
  1180    763
  1181    763
  1182    763
  1183    763
  1189    763
  1190    763
  1191    763
  1199    763
  1200    763
  1201    763
  1202    763
  1209    763
  1210    763
  1211    763
  1159    764
  1160    764
  1161    764
  1169    764
  1170    764
  1178    764
  1179    764
  1180    764
  1187    764
  1188    764
  1189    764
  1197    764
  1198    764
  1199    764
  1207    764
  1208    764
  1209    764
  1156    765
  1157    765
  1158    765
  1167    765
  1168    765
  1169    765
  1176    765
  1177    765
  1178    765
  1184    765
  1185    765
  1186    765
  1187    765
  1195    765
  1196    765
  1197    765
  1205    765
  1206    765
  1207    765
  1154    766
  1155    766
  1156    766
  1164    766
  1165    766
  1166    766
  1173    766
  1174    766
  1175    766
  1176    766
  1183    766
  1184    766
  1193    766
  1194    766
  1195    766
  1203    766
  1204    766
  1205    766
  1152    767
  1153    767
  1154    767
  1162    767
  1163    767
  1164    767
  1171    767
  1172    767
  1173    767
  1181    767
  1182    767
  1183    767
  1192    767
  1193    767
  1202    767
  1203    767
  1149    768
  1150    768
  1151    768
  1159    768
  1160    768
  1161    768
  1162    768
  1169    768
  1170    768
  1171    768
  1178    768
  1179    768
  1180    768
  1190    768
  1191    768
  1192    768
  1200    768
  1201    768
  1202    768
  1147    769
  1148    769
  1149    769
  1157    769
  1158    769
  1159    769
  1167    769
  1168    769
  1169    769
  1176    769
  1177    769
  1178    769
  1188    769
  1189    769
  1190    769
  1198    769
  1199    769
  1200    769
  1145    770
  1146    770
  1147    770
  1155    770
  1156    770
  1157    770
  1165    770
  1166    770
  1167    770
  1175    770
  1176    770
  1186    770
  1187    770
  1188    770
  1197    770
  1198    770
  1143    771
  1144    771
  1153    771
  1154    771
  1155    771
  1163    771
  1164    771
  1165    771
  1173    771
  1174    771
  1175    771
  1185    771
  1186    771
  1195    771
  1196    771
  1197    771
  1140    772
  1141    772
  1142    772
  1143    772
  1151    772
  1152    772
  1153    772
  1162    772
  1163    772
  1172    772
  1173    772
  1183    772
  1184    772
  1185    772
  1194    772
  1195    772
  1149    773
  1150    773
  1151    773
  1160    773
  1161    773
  1162    773
  1170    773
  1171    773
  1172    773
  1181    773
  1182    773
  1183    773
  1192    773
  1193    773
  1194    773
  1140    774
  1142    774
  1143    774
  1144    774
  1145    774
  1146    774
  1147    774
  1148    774
  1149    774
  1158    774
  1159    774
  1160    774
  1168    774
  1169    774
  1170    774
  1181    774
  1190    774
  1191    774
  1192    774
  1139    775
  1140    775
  1141    775
  1156    775
  1157    775
  1158    775
  1166    775
  1167    775
  1168    775
  1181    775
  1182    775
  1183    775
  1184    775
  1185    775
  1186    775
  1187    775
  1188    775
  1189    775
  1190    775
  1155    776
  1156    776
  1164    776
  1165    776
  1166    776
  1153    777
  1154    777
  1155    777
  1162    777
  1163    777
  1164    777
  1152    778
  1153    778
  1161    778
  1162    778
  1150    779
  1151    779
  1152    779
  1159    779
  1160    779
  1161    779
  1148    780
  1149    780
  1158    780
  1159    780
  1125    781
  1126    781
  1127    781
  1128    781
  1129    781
  1130    781
  1131    781
  1132    781
  1146    781
  1147    781
  1148    781
  1156    781
  1157    781
  1158    781
  1122    782
  1123    782
  1124    782
  1130    782
  1144    782
  1145    782
  1146    782
  1155    782
  1156    782
  1166    782
  1167    782
  1168    782
  1169    782
  1170    782
  1171    782
  1172    782
  1173    782
  1174    782
  1175    782
  1176    782
  1177    782
  1120    783
  1121    783
  1131    783
  1132    783
  1133    783
  1134    783
  1143    783
  1144    783
  1153    783
  1154    783
  1155    783
  1164    783
  1165    783
  1166    783
  1177    783
  1117    784
  1118    784
  1119    784
  1120    784
  1129    784
  1130    784
  1131    784
  1141    784
  1142    784
  1143    784
  1151    784
  1152    784
  1153    784
  1163    784
  1164    784
  1176    784
  1177    784
  1178    784
  1115    785
  1116    785
  1117    785
  1127    785
  1128    785
  1129    785
  1140    785
  1141    785
  1150    785
  1151    785
  1161    785
  1162    785
  1163    785
  1174    785
  1175    785
  1176    785
  1114    786
  1115    786
  1125    786
  1126    786
  1127    786
  1138    786
  1139    786
  1140    786
  1148    786
  1149    786
  1150    786
  1160    786
  1161    786
  1172    786
  1173    786
  1174    786
  1112    787
  1113    787
  1114    787
  1124    787
  1125    787
  1137    787
  1138    787
  1147    787
  1148    787
  1158    787
  1159    787
  1160    787
  1171    787
  1172    787
  1110    788
  1111    788
  1112    788
  1122    788
  1123    788
  1124    788
  1135    788
  1136    788
  1137    788
  1146    788
  1147    788
  1157    788
  1158    788
  1170    788
  1171    788
  1108    789
  1109    789
  1110    789
  1120    789
  1121    789
  1122    789
  1133    789
  1134    789
  1135    789
  1145    789
  1146    789
  1155    789
  1156    789
  1157    789
  1168    789
  1169    789
  1170    789
  1106    790
  1107    790
  1108    790
  1119    790
  1120    790
  1132    790
  1133    790
  1143    790
  1144    790
  1145    790
  1154    790
  1155    790
  1167    790
  1168    790
  1105    791
  1106    791
  1117    791
  1118    791
  1119    791
  1130    791
  1131    791
  1132    791
  1142    791
  1143    791
  1153    791
  1154    791
  1166    791
  1167    791
  1103    792
  1104    792
  1105    792
  1116    792
  1117    792
  1129    792
  1130    792
  1141    792
  1142    792
  1151    792
  1152    792
  1153    792
  1165    792
  1166    792
  1101    793
  1102    793
  1103    793
  1114    793
  1115    793
  1116    793
  1128    793
  1129    793
  1140    793
  1141    793
  1150    793
  1151    793
  1164    793
  1165    793
  1100    794
  1101    794
  1113    794
  1114    794
  1126    794
  1127    794
  1128    794
  1138    794
  1139    794
  1140    794
  1149    794
  1150    794
  1163    794
  1164    794
  1098    795
  1099    795
  1111    795
  1112    795
  1113    795
  1125    795
  1126    795
  1137    795
  1138    795
  1148    795
  1149    795
  1162    795
  1163    795
  1096    796
  1097    796
  1098    796
  1110    796
  1111    796
  1123    796
  1124    796
  1125    796
  1136    796
  1137    796
  1147    796
  1148    796
  1161    796
  1162    796
  1095    797
  1096    797
  1108    797
  1109    797
  1110    797
  1122    797
  1123    797
  1135    797
  1136    797
  1146    797
  1147    797
  1160    797
  1161    797
  1093    798
  1094    798
  1095    798
  1107    798
  1108    798
  1121    798
  1122    798
  1133    798
  1134    798
  1135    798
  1145    798
  1146    798
  1159    798
  1160    798
  1092    799
  1093    799
  1106    799
  1107    799
  1119    799
  1120    799
  1121    799
  1132    799
  1133    799
  1144    799
  1145    799
  1158    799
  1159    799
  1090    800
  1091    800
  1092    800
  1105    800
  1106    800
  1118    800
  1119    800
  1131    800
  1132    800
  1143    800
  1144    800
  1157    800
  1158    800
  1089    801
  1090    801
  1103    801
  1104    801
  1105    801
  1117    801
  1118    801
  1130    801
  1131    801
  1141    801
  1142    801
  1143    801
  1156    801
  1157    801
  1088    802
  1089    802
  1102    802
  1103    802
  1115    802
  1116    802
  1117    802
  1128    802
  1129    802
  1130    802
  1140    802
  1141    802
  1155    802
  1156    802
  1086    803
  1087    803
  1088    803
  1100    803
  1101    803
  1102    803
  1114    803
  1115    803
  1127    803
  1128    803
  1139    803
  1140    803
  1154    803
  1155    803
  1084    804
  1085    804
  1086    804
  1100    804
  1112    804
  1113    804
  1114    804
  1126    804
  1127    804
  1138    804
  1139    804
  1153    804
  1154    804
  1075    805
  1126    805
  1137    805
  1138    805
  1152    805
  1153    805
  1151    806
  1152    806
  1075    807
  1150    807
  1151    807
  1149    808
  1150    808
