  1355    725
  1356    725
  1357    725
  1358    725
  1348    726
  1349    726
  1350    726
  1351    726
  1352    726
  1353    726
  1354    726
  1305    727
  1306    727
  1307    727
  1317    727
  1318    727
  1319    727
  1327    727
  1328    727
  1329    727
  1330    727
  1342    727
  1343    727
  1344    727
  1345    727
  1346    727
  1347    727
  1293    728
  1294    728
  1295    728
  1296    728
  1297    728
  1298    728
  1299    728
  1300    728
  1301    728
  1302    728
  1303    728
  1304    728
  1307    728
  1308    728
  1309    728
  1310    728
  1311    728
  1312    728
  1313    728
  1314    728
  1315    728
  1316    728
  1323    728
  1324    728
  1325    728
  1326    728
  1331    728
  1332    728
  1333    728
  1334    728
  1335    728
  1336    728
  1337    728
  1338    728
  1339    728
  1340    728
  1341    728
  1320    729
  1321    729
  1322    729
  1320    730
  1318    731
  1319    731
  1320    731
  1314    732
  1315    732
  1316    732
  1317    732
  1318    732
  1309    733
  1310    733
  1311    733
  1312    733
  1313    733
  1304    734
  1305    734
  1306    734
  1307    734
  1308    734
  1297    736
  1298    736
  1274    737
  1275    737
  1276    737
  1289    737
  1290    737
  1291    737
  1292    737
  1293    737
  1256    738
  1257    738
  1258    738
  1270    738
  1271    738
  1272    738
  1273    738
  1277    738
  1278    738
  1279    738
  1284    738
  1285    738
  1286    738
  1287    738
  1288    738
  1255    739
  1262    739
  1263    739
  1264    739
  1265    739
  1266    739
  1267    739
  1268    739
  1269    739
  1279    739
  1280    739
  1281    739
  1282    739
  1283    739
  1249    740
  1250    740
  1251    740
  1252    740
  1253    740
  1254    740
  1257    740
  1258    740
  1259    740
  1230    741
  1231    741
  1232    741
  1233    741
  1234    741
  1235    741
  1236    741
  1237    741
  1238    741
  1239    741
  1240    741
  1245    741
  1246    741
  1247    741
  1248    741
  1255    741
  1256    741
  1226    742
  1227    742
  1228    742
  1229    742
  1241    742
  1242    742
  1243    742
  1244    742
  1251    742
  1252    742
  1253    742
  1221    743
  1222    743
  1223    743
  1224    743
  1225    743
  1231    743
  1232    743
  1233    743
  1234    743
  1238    743
  1239    743
  1240    743
  1254    743
  1255    743
  1256    743
  1264    743
  1265    743
  1217    744
  1218    744
  1219    744
  1220    744
  1227    744
  1228    744
  1229    744
  1230    744
  1235    744
  1236    744
  1237    744
  1242    744
  1243    744
  1244    744
  1250    744
  1251    744
  1252    744
  1253    744
  1259    744
  1260    744
  1261    744
  1262    744
  1263    744
  1213    745
  1214    745
  1215    745
  1216    745
  1223    745
  1224    745
  1225    745
  1226    745
  1231    745
  1232    745
  1233    745
  1238    745
  1239    745
  1240    745
  1241    745
  1246    745
  1247    745
  1248    745
  1249    745
  1255    745
  1256    745
  1257    745
  1258    745
  1209    746
  1210    746
  1211    746
  1212    746
  1218    746
  1219    746
  1220    746
  1221    746
  1227    746
  1228    746
  1229    746
  1235    746
  1236    746
  1237    746
  1243    746
  1244    746
  1245    746
  1252    746
  1253    746
  1254    746
  1205    747
  1206    747
  1207    747
  1208    747
  1215    747
  1216    747
  1217    747
  1223    747
  1224    747
  1225    747
  1231    747
  1232    747
  1233    747
  1234    747
  1239    747
  1240    747
  1241    747
  1242    747
  1248    747
  1249    747
  1250    747
  1251    747
  1201    748
  1202    748
  1203    748
  1204    748
  1211    748
  1212    748
  1213    748
  1214    748
  1219    748
  1220    748
  1221    748
  1222    748
  1228    748
  1229    748
  1230    748
  1236    748
  1237    748
  1238    748
  1244    748
  1245    748
  1246    748
  1247    748
  1198    749
  1199    749
  1200    749
  1207    749
  1208    749
  1209    749
  1210    749
  1216    749
  1217    749
  1218    749
  1224    749
  1225    749
  1226    749
  1227    749
  1232    749
  1233    749
  1234    749
  1235    749
  1241    749
  1242    749
  1243    749
  1192    750
  1193    750
  1194    750
  1195    750
  1196    750
  1197    750
  1203    750
  1204    750
  1205    750
  1206    750
  1212    750
  1213    750
  1214    750
  1215    750
  1221    750
  1222    750
  1223    750
  1229    750
  1230    750
  1231    750
  1238    750
  1239    750
  1240    750
  1200    751
  1201    751
  1202    751
  1209    751
  1210    751
  1211    751
  1218    751
  1219    751
  1220    751
  1226    751
  1227    751
  1228    751
  1229    751
  1235    751
  1236    751
  1237    751
  1196    752
  1197    752
  1198    752
  1199    752
  1205    752
  1206    752
  1207    752
  1208    752
  1214    752
  1215    752
  1216    752
  1217    752
  1232    752
  1233    752
  1234    752
  1191    753
  1192    753
  1193    753
  1194    753
  1195    753
  1202    753
  1203    753
  1204    753
  1211    753
  1212    753
  1213    753
  1225    753
  1226    753
  1227    753
  1228    753
  1229    753
  1230    753
  1231    753
  1189    754
  1190    754
  1199    754
  1200    754
  1201    754
  1208    754
  1209    754
  1210    754
  1187    755
  1188    755
  1196    755
  1197    755
  1198    755
  1205    755
  1206    755
  1207    755
  1179    756
  1180    756
  1181    756
  1193    756
  1194    756
  1195    756
  1202    756
  1203    756
  1204    756
  1172    757
  1173    757
  1174    757
  1175    757
  1176    757
  1177    757
  1178    757
  1182    757
  1190    757
  1191    757
  1192    757
  1200    757
  1201    757
  1209    757
  1210    757
  1211    757
  1212    757
  1213    757
  1214    757
  1215    757
  1216    757
  1217    757
  1170    758
  1171    758
  1179    758
  1180    758
  1181    758
  1188    758
  1189    758
  1197    758
  1198    758
  1199    758
  1206    758
  1207    758
  1208    758
  1167    759
  1168    759
  1169    759
  1176    759
  1177    759
  1178    759
  1179    759
  1185    759
  1186    759
  1187    759
  1194    759
  1195    759
  1196    759
  1204    759
  1205    759
  1213    759
  1214    759
  1215    759
  1216    759
  1164    760
  1165    760
  1166    760
  1173    760
  1174    760
  1175    760
  1183    760
  1184    760
  1191    760
  1192    760
  1193    760
  1202    760
  1203    760
  1204    760
  1211    760
  1212    760
  1213    760
  1161    761
  1162    761
  1163    761
  1171    761
  1172    761
  1180    761
  1181    761
  1182    761
  1188    761
  1189    761
  1190    761
  1199    761
  1200    761
  1201    761
  1208    761
  1209    761
  1210    761
  1159    762
  1160    762
  1168    762
  1169    762
  1170    762
  1177    762
  1178    762
  1179    762
  1186    762
  1187    762
  1188    762
  1196    762
  1197    762
  1198    762
  1206    762
  1207    762
  1208    762
  1156    763
  1157    763
  1158    763
  1166    763
  1167    763
  1175    763
  1176    763
  1177    763
  1184    763
  1185    763
  1186    763
  1194    763
  1195    763
  1196    763
  1203    763
  1204    763
  1205    763
  1154    764
  1155    764
  1163    764
  1164    764
  1165    764
  1172    764
  1173    764
  1174    764
  1181    764
  1182    764
  1183    764
  1184    764
  1192    764
  1193    764
  1194    764
  1201    764
  1202    764
  1203    764
  1151    765
  1152    765
  1153    765
  1160    765
  1161    765
  1162    765
  1170    765
  1171    765
  1172    765
  1179    765
  1180    765
  1181    765
  1189    765
  1190    765
  1191    765
  1192    765
  1200    765
  1201    765
  1148    766
  1149    766
  1150    766
  1158    766
  1159    766
  1160    766
  1168    766
  1169    766
  1170    766
  1177    766
  1178    766
  1179    766
  1187    766
  1188    766
  1189    766
  1198    766
  1199    766
  1200    766
  1146    767
  1147    767
  1148    767
  1157    767
  1158    767
  1166    767
  1167    767
  1168    767
  1175    767
  1176    767
  1177    767
  1185    767
  1186    767
  1187    767
  1196    767
  1197    767
  1198    767
  1144    768
  1145    768
  1146    768
  1154    768
  1155    768
  1156    768
  1164    768
  1165    768
  1166    768
  1173    768
  1174    768
  1175    768
  1184    768
  1185    768
  1194    768
  1195    768
  1196    768
  1142    769
  1143    769
  1144    769
  1152    769
  1153    769
  1162    769
  1163    769
  1164    769
  1171    769
  1172    769
  1173    769
  1182    769
  1183    769
  1184    769
  1193    769
  1194    769
  1139    770
  1140    770
  1141    770
  1150    770
  1151    770
  1152    770
  1160    770
  1161    770
  1162    770
  1169    770
  1170    770
  1171    770
  1180    770
  1181    770
  1182    770
  1191    770
  1192    770
  1193    770
  1136    771
  1137    771
  1138    771
  1139    771
  1148    771
  1149    771
  1150    771
  1158    771
  1159    771
  1160    771
  1168    771
  1169    771
  1179    771
  1180    771
  1190    771
  1191    771
  1136    772
  1145    772
  1146    772
  1147    772
  1148    772
  1156    772
  1157    772
  1158    772
  1166    772
  1167    772
  1168    772
  1176    772
  1177    772
  1178    772
  1179    772
  1188    772
  1189    772
  1190    772
  1135    773
  1136    773
  1137    773
  1138    773
  1139    773
  1140    773
  1141    773
  1142    773
  1143    773
  1144    773
  1154    773
  1155    773
  1156    773
  1164    773
  1165    773
  1166    773
  1187    773
  1188    773
  1153    774
  1154    774
  1162    774
  1163    774
  1164    774
  1177    774
  1178    774
  1179    774
  1180    774
  1181    774
  1182    774
  1183    774
  1184    774
  1185    774
  1186    774
  1151    775
  1152    775
  1153    775
  1160    775
  1161    775
  1162    775
  1149    776
  1150    776
  1151    776
  1159    776
  1160    776
  1147    777
  1148    777
  1149    777
  1157    777
  1158    777
  1159    777
  1145    778
  1146    778
  1147    778
  1156    778
  1157    778
  1143    779
  1144    779
  1145    779
  1154    779
  1155    779
  1120    780
  1121    780
  1122    780
  1123    780
  1124    780
  1125    780
  1126    780
  1127    780
  1128    780
  1129    780
  1142    780
  1143    780
  1152    780
  1153    780
  1154    780
  1165    780
  1166    780
  1167    780
  1168    780
  1169    780
  1170    780
  1171    780
  1172    780
  1173    780
  1117    781
  1118    781
  1119    781
  1140    781
  1141    781
  1142    781
  1150    781
  1151    781
  1152    781
  1162    781
  1163    781
  1164    781
  1115    782
  1116    782
  1117    782
  1127    782
  1128    782
  1129    782
  1138    782
  1139    782
  1140    782
  1149    782
  1150    782
  1160    782
  1161    782
  1162    782
  1173    782
  1174    782
  1113    783
  1114    783
  1115    783
  1125    783
  1126    783
  1127    783
  1137    783
  1138    783
  1147    783
  1148    783
  1149    783
  1158    783
  1159    783
  1160    783
  1171    783
  1172    783
  1173    783
  1111    784
  1112    784
  1113    784
  1123    784
  1124    784
  1125    784
  1135    784
  1136    784
  1137    784
  1146    784
  1147    784
  1157    784
  1158    784
  1169    784
  1170    784
  1171    784
  1110    785
  1111    785
  1121    785
  1122    785
  1123    785
  1134    785
  1135    785
  1144    785
  1145    785
  1146    785
  1155    785
  1156    785
  1157    785
  1168    785
  1169    785
  1108    786
  1109    786
  1110    786
  1119    786
  1120    786
  1121    786
  1132    786
  1133    786
  1134    786
  1143    786
  1144    786
  1154    786
  1155    786
  1166    786
  1167    786
  1168    786
  1106    787
  1107    787
  1108    787
  1118    787
  1119    787
  1130    787
  1131    787
  1132    787
  1142    787
  1143    787
  1152    787
  1153    787
  1154    787
  1165    787
  1166    787
  1104    788
  1105    788
  1106    788
  1116    788
  1117    788
  1118    788
  1129    788
  1130    788
  1140    788
  1141    788
  1142    788
  1151    788
  1152    788
  1164    788
  1165    788
  1102    789
  1103    789
  1104    789
  1115    789
  1116    789
  1127    789
  1128    789
  1129    789
  1139    789
  1140    789
  1149    789
  1150    789
  1151    789
  1162    789
  1163    789
  1164    789
  1100    790
  1101    790
  1102    790
  1113    790
  1114    790
  1115    790
  1126    790
  1127    790
  1138    790
  1139    790
  1148    790
  1149    790
  1161    790
  1162    790
  1099    791
  1100    791
  1111    791
  1112    791
  1113    791
  1124    791
  1125    791
  1126    791
  1136    791
  1137    791
  1138    791
  1147    791
  1148    791
  1160    791
  1161    791
  1097    792
  1098    792
  1099    792
  1110    792
  1111    792
  1123    792
  1124    792
  1135    792
  1136    792
  1145    792
  1146    792
  1147    792
  1159    792
  1160    792
  1095    793
  1096    793
  1097    793
  1108    793
  1109    793
  1110    793
  1122    793
  1123    793
  1134    793
  1135    793
  1144    793
  1145    793
  1158    793
  1159    793
  1093    794
  1094    794
  1095    794
  1106    794
  1107    794
  1108    794
  1120    794
  1121    794
  1122    794
  1132    794
  1133    794
  1134    794
  1143    794
  1144    794
  1157    794
  1158    794
  1092    795
  1093    795
  1105    795
  1106    795
  1119    795
  1120    795
  1131    795
  1132    795
  1142    795
  1143    795
  1156    795
  1157    795
  1091    796
  1104    796
  1105    796
  1117    796
  1118    796
  1119    796
  1130    796
  1131    796
  1141    796
  1142    796
  1155    796
  1156    796
  1090    797
  1102    797
  1103    797
  1104    797
  1116    797
  1117    797
  1129    797
  1130    797
  1139    797
  1140    797
  1141    797
  1154    797
  1155    797
  1088    798
  1101    798
  1102    798
  1115    798
  1116    798
  1127    798
  1128    798
  1129    798
  1138    798
  1139    798
  1153    798
  1154    798
  1086    799
  1087    799
  1100    799
  1101    799
  1113    799
  1114    799
  1115    799
  1126    799
  1127    799
  1137    799
  1138    799
  1152    799
  1153    799
  1084    800
  1085    800
  1086    800
  1098    800
  1099    800
  1100    800
  1112    800
  1113    800
  1125    800
  1126    800
  1136    800
  1137    800
  1151    800
  1152    800
  1083    801
  1084    801
  1097    801
  1098    801
  1111    801
  1112    801
  1124    801
  1125    801
  1135    801
  1136    801
  1150    801
  1151    801
  1082    802
  1083    802
  1096    802
  1097    802
  1109    802
  1110    802
  1111    802
  1122    802
  1123    802
  1124    802
  1134    802
  1135    802
  1149    802
  1150    802
  1080    803
  1081    803
  1082    803
  1094    803
  1095    803
  1096    803
  1108    803
  1109    803
  1121    803
  1122    803
  1133    803
  1134    803
  1148    803
  1149    803
  1080    804
  1093    804
  1094    804
  1107    804
  1108    804
  1120    804
  1121    804
  1132    804
  1133    804
  1147    804
  1148    804
  1091    805
  1092    805
  1093    805
  1106    805
  1107    805
  1118    805
  1119    805
  1120    805
  1131    805
  1132    805
  1146    805
  1147    805
  1084    806
  1085    806
  1086    806
  1087    806
  1088    806
  1089    806
  1090    806
  1105    806
  1106    806
  1117    806
  1118    806
  1132    806
  1133    806
  1144    806
  1145    806
  1146    806
  1103    807
  1104    807
  1105    807
  1116    807
  1117    807
  1134    807
  1135    807
  1136    807
  1137    807
  1138    807
  1139    807
  1140    807
  1141    807
  1142    807
  1143    807
  1102    808
  1103    808
  1116    808
