  1319    727
  1297    728
  1298    728
  1299    728
  1300    728
  1301    728
  1302    728
  1303    728
  1304    728
  1305    728
  1306    728
  1307    728
  1308    728
  1309    728
  1310    728
  1311    728
  1312    728
  1313    728
  1314    728
  1315    728
  1316    728
  1317    728
  1318    728
  1283    731
  1280    732
  1281    732
  1282    732
  1272    733
  1273    733
  1274    733
  1275    733
  1276    733
  1277    733
  1278    733
  1279    733
  1312    733
  1313    733
  1314    733
  1315    733
  1316    733
  1317    733
  1266    734
  1267    734
  1268    734
  1269    734
  1270    734
  1271    734
  1307    734
  1308    734
  1309    734
  1310    734
  1311    734
  1261    735
  1262    735
  1263    735
  1264    735
  1265    735
  1302    735
  1303    735
  1304    735
  1305    735
  1306    735
  1298    736
  1299    736
  1300    736
  1301    736
  1293    737
  1294    737
  1295    737
  1296    737
  1297    737
  1248    738
  1249    738
  1250    738
  1251    738
  1252    738
  1253    738
  1254    738
  1255    738
  1256    738
  1257    738
  1258    738
  1259    738
  1273    738
  1274    738
  1275    738
  1276    738
  1277    738
  1278    738
  1279    738
  1280    738
  1287    738
  1288    738
  1289    738
  1290    738
  1291    738
  1292    738
  1242    739
  1244    739
  1245    739
  1246    739
  1247    739
  1266    739
  1267    739
  1268    739
  1269    739
  1270    739
  1271    739
  1272    739
  1280    739
  1281    739
  1282    739
  1283    739
  1284    739
  1285    739
  1286    739
  1242    740
  1243    740
  1252    740
  1253    740
  1254    740
  1255    740
  1256    740
  1234    741
  1235    741
  1236    741
  1237    741
  1238    741
  1239    741
  1240    741
  1241    741
  1248    741
  1249    741
  1250    741
  1251    741
  1257    741
  1258    741
  1259    741
  1268    741
  1269    741
  1272    741
  1273    741
  1274    741
  1275    741
  1276    741
  1229    742
  1230    742
  1231    742
  1232    742
  1233    742
  1241    742
  1244    742
  1245    742
  1246    742
  1247    742
  1254    742
  1255    742
  1256    742
  1261    742
  1262    742
  1263    742
  1264    742
  1265    742
  1266    742
  1267    742
  1269    742
  1270    742
  1271    742
  1225    743
  1226    743
  1227    743
  1228    743
  1235    743
  1236    743
  1237    743
  1241    743
  1242    743
  1243    743
  1257    743
  1258    743
  1259    743
  1260    743
  1220    744
  1221    744
  1222    744
  1223    744
  1224    744
  1230    744
  1231    744
  1232    744
  1233    744
  1238    744
  1239    744
  1240    744
  1246    744
  1247    744
  1248    744
  1254    744
  1255    744
  1256    744
  1263    744
  1264    744
  1265    744
  1266    744
  1267    744
  1216    745
  1217    745
  1218    745
  1219    745
  1226    745
  1227    745
  1228    745
  1229    745
  1234    745
  1235    745
  1236    745
  1237    745
  1242    745
  1243    745
  1244    745
  1245    745
  1250    745
  1251    745
  1252    745
  1253    745
  1259    745
  1260    745
  1261    745
  1262    745
  1213    746
  1214    746
  1215    746
  1222    746
  1223    746
  1224    746
  1225    746
  1231    746
  1232    746
  1233    746
  1239    746
  1240    746
  1241    746
  1246    746
  1247    746
  1248    746
  1249    746
  1255    746
  1256    746
  1257    746
  1258    746
  1209    747
  1210    747
  1211    747
  1212    747
  1218    747
  1219    747
  1220    747
  1221    747
  1227    747
  1228    747
  1229    747
  1235    747
  1236    747
  1237    747
  1238    747
  1243    747
  1244    747
  1245    747
  1246    747
  1252    747
  1253    747
  1254    747
  1205    748
  1206    748
  1207    748
  1208    748
  1215    748
  1216    748
  1217    748
  1223    748
  1224    748
  1225    748
  1226    748
  1231    748
  1232    748
  1233    748
  1234    748
  1240    748
  1241    748
  1242    748
  1248    748
  1249    748
  1250    748
  1251    748
  1201    749
  1202    749
  1203    749
  1204    749
  1211    749
  1212    749
  1213    749
  1214    749
  1220    749
  1221    749
  1222    749
  1228    749
  1229    749
  1230    749
  1236    749
  1237    749
  1238    749
  1239    749
  1245    749
  1246    749
  1247    749
  1197    750
  1198    750
  1199    750
  1200    750
  1207    750
  1208    750
  1209    750
  1210    750
  1216    750
  1217    750
  1218    750
  1219    750
  1225    750
  1226    750
  1227    750
  1233    750
  1234    750
  1235    750
  1242    750
  1243    750
  1244    750
  1193    751
  1194    751
  1195    751
  1196    751
  1197    751
  1204    751
  1205    751
  1206    751
  1213    751
  1214    751
  1215    751
  1222    751
  1223    751
  1224    751
  1229    751
  1230    751
  1231    751
  1232    751
  1239    751
  1240    751
  1241    751
  1201    752
  1202    752
  1203    752
  1209    752
  1210    752
  1211    752
  1212    752
  1218    752
  1219    752
  1220    752
  1221    752
  1227    752
  1228    752
  1235    752
  1236    752
  1237    752
  1238    752
  1191    753
  1192    753
  1193    753
  1194    753
  1195    753
  1196    753
  1197    753
  1198    753
  1199    753
  1200    753
  1206    753
  1207    753
  1208    753
  1215    753
  1216    753
  1217    753
  1225    753
  1231    753
  1232    753
  1233    753
  1234    753
  1191    754
  1203    754
  1204    754
  1205    754
  1212    754
  1213    754
  1214    754
  1225    754
  1226    754
  1227    754
  1228    754
  1229    754
  1230    754
  1190    755
  1191    755
  1200    755
  1201    755
  1202    755
  1209    755
  1210    755
  1211    755
  1188    756
  1189    756
  1197    756
  1198    756
  1199    756
  1206    756
  1207    756
  1208    756
  1177    757
  1178    757
  1179    757
  1180    757
  1181    757
  1182    757
  1183    757
  1185    757
  1186    757
  1194    757
  1195    757
  1196    757
  1203    757
  1204    757
  1205    757
  1206    757
  1174    758
  1175    758
  1176    758
  1184    758
  1192    758
  1193    758
  1201    758
  1202    758
  1211    758
  1212    758
  1213    758
  1214    758
  1215    758
  1216    758
  1217    758
  1218    758
  1170    759
  1171    759
  1172    759
  1173    759
  1180    759
  1181    759
  1182    759
  1189    759
  1190    759
  1191    759
  1198    759
  1199    759
  1200    759
  1208    759
  1209    759
  1210    759
  1167    760
  1168    760
  1169    760
  1177    760
  1178    760
  1179    760
  1180    760
  1186    760
  1187    760
  1188    760
  1195    760
  1196    760
  1197    760
  1205    760
  1206    760
  1207    760
  1208    760
  1215    760
  1216    760
  1217    760
  1218    760
  1164    761
  1165    761
  1166    761
  1175    761
  1176    761
  1184    761
  1185    761
  1193    761
  1194    761
  1202    761
  1203    761
  1204    761
  1205    761
  1212    761
  1213    761
  1214    761
  1162    762
  1163    762
  1164    762
  1172    762
  1173    762
  1174    762
  1181    762
  1182    762
  1183    762
  1190    762
  1191    762
  1192    762
  1200    762
  1201    762
  1202    762
  1210    762
  1211    762
  1212    762
  1160    763
  1161    763
  1170    763
  1171    763
  1172    763
  1179    763
  1180    763
  1181    763
  1187    763
  1188    763
  1189    763
  1190    763
  1198    763
  1199    763
  1200    763
  1208    763
  1209    763
  1157    764
  1158    764
  1159    764
  1167    764
  1168    764
  1169    764
  1177    764
  1178    764
  1179    764
  1185    764
  1186    764
  1187    764
  1195    764
  1196    764
  1197    764
  1198    764
  1205    764
  1206    764
  1207    764
  1155    765
  1156    765
  1157    765
  1165    765
  1166    765
  1167    765
  1175    765
  1176    765
  1183    765
  1184    765
  1185    765
  1193    765
  1194    765
  1195    765
  1203    765
  1204    765
  1205    765
  1153    766
  1154    766
  1155    766
  1162    766
  1163    766
  1164    766
  1172    766
  1173    766
  1174    766
  1181    766
  1182    766
  1183    766
  1191    766
  1192    766
  1193    766
  1202    766
  1203    766
  1150    767
  1151    767
  1152    767
  1160    767
  1161    767
  1162    767
  1170    767
  1171    767
  1172    767
  1179    767
  1180    767
  1181    767
  1189    767
  1190    767
  1191    767
  1200    767
  1201    767
  1202    767
  1147    768
  1148    768
  1149    768
  1158    768
  1159    768
  1168    768
  1169    768
  1170    768
  1177    768
  1178    768
  1179    768
  1187    768
  1188    768
  1189    768
  1198    768
  1199    768
  1200    768
  1145    769
  1146    769
  1147    769
  1156    769
  1157    769
  1158    769
  1166    769
  1167    769
  1168    769
  1175    769
  1176    769
  1177    769
  1186    769
  1187    769
  1197    769
  1198    769
  1144    770
  1145    770
  1154    770
  1155    770
  1156    770
  1164    770
  1165    770
  1166    770
  1173    770
  1174    770
  1175    770
  1184    770
  1185    770
  1186    770
  1195    770
  1196    770
  1197    770
  1140    771
  1141    771
  1142    771
  1143    771
  1152    771
  1153    771
  1154    771
  1162    771
  1163    771
  1164    771
  1171    771
  1172    771
  1173    771
  1183    771
  1184    771
  1193    771
  1194    771
  1195    771
  1138    772
  1139    772
  1140    772
  1149    772
  1150    772
  1151    772
  1152    772
  1160    772
  1161    772
  1162    772
  1170    772
  1171    772
  1181    772
  1182    772
  1183    772
  1192    772
  1193    772
  1148    773
  1149    773
  1158    773
  1159    773
  1160    773
  1168    773
  1169    773
  1170    773
  1175    773
  1176    773
  1178    773
  1179    773
  1180    773
  1181    773
  1190    773
  1191    773
  1192    773
  1137    774
  1138    774
  1139    774
  1140    774
  1141    774
  1142    774
  1143    774
  1144    774
  1145    774
  1146    774
  1147    774
  1156    774
  1157    774
  1158    774
  1166    774
  1167    774
  1168    774
  1174    774
  1177    774
  1182    774
  1188    774
  1189    774
  1190    774
  1155    775
  1156    775
  1164    775
  1165    775
  1166    775
  1173    775
  1180    775
  1181    775
  1182    775
  1183    775
  1184    775
  1185    775
  1186    775
  1187    775
  1153    776
  1154    776
  1155    776
  1163    776
  1164    776
  1171    776
  1172    776
  1151    777
  1152    777
  1153    777
  1161    777
  1162    777
  1163    777
  1150    778
  1151    778
  1159    778
  1160    778
  1161    778
  1148    779
  1149    779
  1150    779
  1158    779
  1159    779
  1146    780
  1147    780
  1148    780
  1156    780
  1157    780
  1158    780
  1123    781
  1124    781
  1125    781
  1126    781
  1127    781
  1128    781
  1129    781
  1130    781
  1131    781
  1144    781
  1145    781
  1146    781
  1154    781
  1155    781
  1156    781
  1168    781
  1174    781
  1175    781
  1176    781
  1120    782
  1121    782
  1122    782
  1143    782
  1144    782
  1153    782
  1154    782
  1164    782
  1165    782
  1166    782
  1167    782
  1169    782
  1170    782
  1171    782
  1172    782
  1173    782
  1175    782
  1118    783
  1119    783
  1129    783
  1130    783
  1131    783
  1132    783
  1141    783
  1142    783
  1143    783
  1151    783
  1152    783
  1153    783
  1163    783
  1164    783
  1176    783
  1177    783
  1116    784
  1117    784
  1118    784
  1127    784
  1128    784
  1129    784
  1139    784
  1140    784
  1141    784
  1150    784
  1151    784
  1161    784
  1162    784
  1163    784
  1174    784
  1175    784
  1176    784
  1114    785
  1115    785
  1116    785
  1125    785
  1126    785
  1127    785
  1138    785
  1139    785
  1148    785
  1149    785
  1150    785
  1159    785
  1160    785
  1161    785
  1172    785
  1173    785
  1174    785
  1112    786
  1113    786
  1114    786
  1124    786
  1125    786
  1136    786
  1137    786
  1138    786
  1147    786
  1148    786
  1158    786
  1159    786
  1171    786
  1172    786
  1110    787
  1111    787
  1112    787
  1122    787
  1123    787
  1124    787
  1135    787
  1136    787
  1145    787
  1146    787
  1147    787
  1157    787
  1158    787
  1169    787
  1170    787
  1108    788
  1109    788
  1110    788
  1120    788
  1121    788
  1122    788
  1133    788
  1134    788
  1135    788
  1144    788
  1145    788
  1155    788
  1156    788
  1157    788
  1168    788
  1169    788
  1106    789
  1107    789
  1108    789
  1119    789
  1120    789
  1132    789
  1133    789
  1143    789
  1144    789
  1154    789
  1155    789
  1167    789
  1168    789
  1105    790
  1106    790
  1117    790
  1118    790
  1119    790
  1130    790
  1131    790
  1132    790
  1142    790
  1143    790
  1152    790
  1153    790
  1154    790
  1165    790
  1166    790
  1103    791
  1104    791
  1105    791
  1116    791
  1117    791
  1129    791
  1130    791
  1141    791
  1142    791
  1151    791
  1152    791
  1164    791
  1165    791
  1101    792
  1102    792
  1103    792
  1114    792
  1115    792
  1116    792
  1127    792
  1128    792
  1129    792
  1139    792
  1140    792
  1141    792
  1150    792
  1151    792
  1163    792
  1164    792
  1100    793
  1101    793
  1112    793
  1113    793
  1114    793
  1126    793
  1127    793
  1138    793
  1139    793
  1148    793
  1149    793
  1150    793
  1162    793
  1163    793
  1098    794
  1099    794
  1100    794
  1111    794
  1112    794
  1124    794
  1125    794
  1126    794
  1137    794
  1138    794
  1147    794
  1148    794
  1161    794
  1162    794
  1096    795
  1097    795
  1098    795
  1109    795
  1110    795
  1111    795
  1123    795
  1124    795
  1135    795
  1136    795
  1137    795
  1146    795
  1147    795
  1160    795
  1161    795
  1095    796
  1096    796
  1108    796
  1109    796
  1122    796
  1123    796
  1134    796
  1135    796
  1145    796
  1146    796
  1159    796
  1160    796
  1093    797
  1094    797
  1095    797
  1107    797
  1108    797
  1120    797
  1121    797
  1122    797
  1133    797
  1134    797
  1144    797
  1145    797
  1158    797
  1159    797
  1092    798
  1093    798
  1105    798
  1106    798
  1107    798
  1119    798
  1120    798
  1132    798
  1133    798
  1143    798
  1144    798
  1157    798
  1158    798
  1090    799
  1091    799
  1092    799
  1104    799
  1105    799
  1117    799
  1118    799
  1119    799
  1130    799
  1131    799
  1132    799
  1142    799
  1143    799
  1156    799
  1157    799
  1089    800
  1090    800
  1103    800
  1104    800
  1116    800
  1117    800
  1129    800
  1130    800
  1141    800
  1142    800
  1155    800
  1156    800
  1087    801
  1088    801
  1089    801
  1101    801
  1102    801
  1103    801
  1115    801
  1116    801
  1128    801
  1129    801
  1140    801
  1141    801
  1154    801
  1155    801
  1086    802
  1087    802
  1100    802
  1101    802
  1114    802
  1115    802
  1127    802
  1128    802
  1139    802
  1140    802
  1153    802
  1154    802
  1085    803
  1086    803
  1099    803
  1100    803
  1112    803
  1113    803
  1114    803
  1126    803
  1127    803
  1138    803
  1139    803
  1152    803
  1153    803
  1083    804
  1084    804
  1085    804
  1098    804
  1099    804
  1111    804
  1112    804
  1124    804
  1125    804
  1126    804
  1137    804
  1138    804
  1151    804
  1152    804
  1081    805
  1082    805
  1083    805
  1097    805
  1098    805
  1136    805
  1137    805
  1150    805
  1151    805
  1081    806
  1135    806
  1136    806
  1149    806
  1150    806
  1081    807
  1082    807
  1083    807
  1084    807
  1085    807
  1086    807
  1087    807
  1148    807
  1149    807
  1147    808
  1148    808
