  1005    750
  1006    750
  1007    750
  1000    751
  1001    751
  1002    751
  1006    751
   996    752
   997    752
   998    752
   999    752
  1000    752
  1001    752
   993    753
   994    753
   995    753
   996    753
   997    753
   998    753
   999    753
  1000    753
   989    754
   990    754
   991    754
   992    754
   993    754
   994    754
   995    754
   996    754
   997    754
   998    754
   999    754
   987    755
   988    755
   989    755
   990    755
   991    755
   992    755
   993    755
   994    755
   995    755
   996    755
   983    756
   984    756
   985    756
   986    756
   987    756
   988    756
   989    756
   990    756
   991    756
   992    756
   993    756
   981    757
   982    757
   983    757
   984    757
   985    757
   986    757
   987    757
   988    757
   989    757
   990    757
   991    757
   978    758
   979    758
   980    758
   981    758
   982    758
   983    758
   984    758
   985    758
   986    758
   987    758
   988    758
   989    758
   976    759
   977    759
   978    759
   979    759
   980    759
   981    759
   982    759
   983    759
   984    759
   985    759
   986    759
   972    760
   973    760
   974    760
   975    760
   976    760
   977    760
   978    760
   979    760
   980    760
   981    760
   982    760
   983    760
   984    760
   969    761
   970    761
   971    761
   972    761
   973    761
   974    761
   975    761
   976    761
   977    761
   978    761
   979    761
   980    761
   981    761
   966    762
   967    762
   968    762
   969    762
   970    762
   971    762
   972    762
   973    762
   974    762
   975    762
   976    762
   977    762
   978    762
   964    763
   965    763
   966    763
   967    763
   968    763
   969    763
   970    763
   971    763
   972    763
   973    763
   974    763
   975    763
   976    763
   962    764
   963    764
   964    764
   965    764
   966    764
   967    764
   968    764
   969    764
   970    764
   971    764
   972    764
   973    764
   974    764
   959    765
   960    765
   961    765
   962    765
   963    765
   964    765
   965    765
   966    765
   967    765
   968    765
   969    765
   970    765
   971    765
   956    766
   957    766
   958    766
   959    766
   960    766
   961    766
   962    766
   963    766
   964    766
   965    766
   966    766
   967    766
   968    766
   969    766
   955    767
   956    767
   957    767
   958    767
   959    767
   960    767
   961    767
   962    767
   963    767
   964    767
   965    767
   966    767
   967    767
   952    768
   953    768
   954    768
   955    768
   956    768
   957    768
   958    768
   959    768
   960    768
   961    768
   962    768
   963    768
   964    768
   965    768
   950    769
   951    769
   952    769
   953    769
   954    769
   955    769
   956    769
   957    769
   958    769
   959    769
   960    769
   961    769
   962    769
   948    770
   949    770
   950    770
   951    770
   952    770
   953    770
   954    770
   955    770
   956    770
   957    770
   958    770
   959    770
   945    771
   946    771
   947    771
   948    771
   949    771
   950    771
   951    771
   952    771
   953    771
   954    771
   955    771
   956    771
   957    771
   958    771
   943    772
   944    772
   945    772
   946    772
   947    772
   948    772
   949    772
   950    772
   951    772
   952    772
   953    772
   954    772
   955    772
   956    772
   941    773
   942    773
   943    773
   944    773
   945    773
   946    773
   947    773
   948    773
   949    773
   950    773
   951    773
   952    773
   953    773
   954    773
   939    774
   940    774
   941    774
   942    774
   943    774
   944    774
   945    774
   946    774
   947    774
   948    774
   949    774
   950    774
   951    774
   937    775
   938    775
   939    775
   940    775
   941    775
   942    775
   943    775
   944    775
   945    775
   946    775
   947    775
   948    775
   949    775
   950    775
   935    776
   936    776
   937    776
   938    776
   939    776
   940    776
   941    776
   942    776
   943    776
   944    776
   945    776
   946    776
   947    776
   948    776
   933    777
   934    777
   935    777
   936    777
   937    777
   938    777
   939    777
   940    777
   941    777
   942    777
   943    777
   944    777
   945    777
   946    777
   931    778
   932    778
   933    778
   934    778
   935    778
   936    778
   937    778
   938    778
   939    778
   940    778
   941    778
   942    778
   943    778
   944    778
   929    779
   930    779
   931    779
   932    779
   933    779
   934    779
   935    779
   936    779
   937    779
   938    779
   939    779
   940    779
   941    779
   942    779
   928    780
   929    780
   930    780
   931    780
   932    780
   933    780
   934    780
   935    780
   936    780
   937    780
   938    780
   939    780
   940    780
   926    781
   927    781
   928    781
   929    781
   930    781
   931    781
   932    781
   933    781
   934    781
   935    781
   936    781
   937    781
   938    781
   939    781
   924    782
   925    782
   926    782
   927    782
   928    782
   929    782
   930    782
   931    782
   932    782
   933    782
   934    782
   935    782
   936    782
   937    782
   923    783
   924    783
   925    783
   926    783
   927    783
   928    783
   929    783
   930    783
   931    783
   932    783
   933    783
   934    783
   935    783
   921    784
   922    784
   923    784
   924    784
   925    784
   926    784
   927    784
   928    784
   929    784
   930    784
   931    784
   932    784
   933    784
   934    784
   921    785
   922    785
   923    785
   924    785
   925    785
   926    785
   927    785
   928    785
   929    785
   930    785
   931    785
   932    785
   925    786
   926    786
   927    786
   928    786
   929    786
   930    786
   931    786
   922    787
   923    787
   924    788
   925    788
   926    788
   927    788
   928    788
   929    788
   930    788
