   597    692
   598    693
   596    694
   599    694
   596    695
   597    695
   599    695
   600    695
   597    696
   599    696
   600    696
   598    697
   600    697
   601    697
   598    698
   599    698
   600    698
   601    698
   599    699
   601    699
   602    699
   599    700
   600    700
   602    700
   603    700
   600    701
   601    701
   603    701
   604    701
   600    702
   601    702
   602    702
   604    702
   605    702
   601    703
   602    703
   602    704
   603    704
   605    704
   606    704
   603    705
   604    705
   605    705
   606    705
   607    705
   604    706
   605    706
   606    706
   607    706
   608    706
   605    707
   606    707
   607    707
   608    707
   609    707
   605    708
   606    708
   607    708
   608    708
   609    708
   610    708
   606    709
   607    709
   608    709
   609    709
   610    709
   611    709
   606    710
   607    710
   608    710
   609    710
   610    710
   611    710
   607    711
   608    711
   609    711
   610    711
   611    711
   612    711
   608    712
   609    712
   610    712
   611    712
   612    712
   613    712
   609    713
   610    713
   611    713
   612    713
   613    713
   614    713
   609    714
   610    714
   611    714
   612    714
   613    714
   614    714
   615    714
   610    715
   611    715
   612    715
   613    715
   614    715
   615    715
   611    716
   612    716
   613    716
   614    716
   615    716
   616    716
   617    716
   612    717
   613    717
   614    717
   615    717
   616    717
   617    717
   613    718
   614    718
   615    718
   616    718
   617    718
   618    718
   613    719
   614    719
   615    719
   616    719
   617    719
   618    719
   619    719
   614    720
   615    720
   616    720
   617    720
   618    720
   619    720
   620    720
   615    721
   616    721
   617    721
   618    721
   619    721
   620    721
   621    721
   616    722
   617    722
   618    722
   619    722
   620    722
   621    722
   617    723
   618    723
   619    723
   620    723
   621    723
   622    723
   623    723
   617    724
   618    724
   619    724
   620    724
   621    724
   622    724
   623    724
   618    725
   619    725
   620    725
   621    725
   622    725
   623    725
   624    725
   619    726
   620    726
   621    726
   622    726
   623    726
   624    726
   625    726
   620    727
   621    727
   622    727
   623    727
   624    727
   625    727
   626    727
   621    728
   622    728
   623    728
   624    728
   625    728
   626    728
   627    728
   622    729
   623    729
   624    729
   625    729
   626    729
   627    729
   628    729
   622    730
   623    730
   624    730
   625    730
   626    730
   627    730
   628    730
   629    730
   624    731
   625    731
   626    731
   627    731
   628    731
   629    731
   630    731
   624    732
   625    732
   626    732
   627    732
   628    732
   629    732
   630    732
   631    732
   625    733
   626    733
   627    733
   628    733
   629    733
   630    733
   631    733
   632    733
   625    734
   626    734
   627    734
   628    734
   629    734
   630    734
   631    734
   632    734
   626    735
   627    735
   628    735
   629    735
   630    735
   631    735
   632    735
   633    735
   627    736
   628    736
   629    736
   630    736
   631    736
   632    736
   633    736
   634    736
   627    737
   628    737
   629    737
   630    737
   631    737
   632    737
   633    737
   634    737
   628    738
   629    738
   630    738
   631    738
   632    738
   633    738
   634    738
   635    738
   628    739
   629    739
   630    739
   631    739
   632    739
   633    739
   634    739
   635    739
   636    739
   629    740
   630    740
   631    740
   632    740
   633    740
   634    740
   635    740
   636    740
   637    740
   630    741
   631    741
   632    741
   633    741
   634    741
   635    741
   636    741
   637    741
   638    741
   630    742
   631    742
   632    742
   633    742
   634    742
   635    742
   636    742
   637    742
   638    742
   639    742
   631    743
   632    743
   633    743
   634    743
   635    743
   636    743
   637    743
   638    743
   639    743
   632    744
   633    744
   634    744
   635    744
   636    744
   637    744
   638    744
   639    744
   640    744
   633    745
   634    745
   635    745
   636    745
   637    745
   638    745
   639    745
   640    745
   641    745
   633    746
   634    746
   635    746
   636    746
   637    746
   638    746
   639    746
   640    746
   641    746
   642    746
   634    747
   635    747
   636    747
   637    747
   638    747
   639    747
   640    747
   641    747
   642    747
   635    748
   636    748
   637    748
   638    748
   639    748
   640    748
   641    748
   642    748
   643    748
   636    749
   637    749
   638    749
   639    749
   640    749
   641    749
   642    749
   643    749
   644    749
   637    750
   638    750
   639    750
   640    750
   641    750
   642    750
   643    750
   644    750
   645    750
   638    751
   639    751
   640    751
   641    751
   642    751
   643    751
   644    751
   645    751
   646    751
   638    752
   639    752
   640    752
   641    752
   642    752
   643    752
   644    752
   645    752
   646    752
   647    752
   639    753
   640    753
   641    753
   642    753
   643    753
   644    753
   645    753
   646    753
   647    753
   648    753
   640    754
   641    754
   642    754
   643    754
   644    754
   645    754
   646    754
   647    754
   648    754
   640    755
   641    755
   642    755
   643    755
   644    755
   645    755
   646    755
   647    755
   648    755
   649    755
   641    756
   642    756
   643    756
   644    756
   645    756
   646    756
   647    756
   648    756
   649    756
   650    756
   642    757
   643    757
   644    757
   645    757
   646    757
   647    757
   648    757
   649    757
   650    757
   651    757
   643    758
   644    758
   645    758
   646    758
   647    758
   648    758
   649    758
   650    758
   651    758
   652    758
   643    759
   644    759
   645    759
   646    759
   647    759
   648    759
   649    759
   650    759
   651    759
   652    759
   644    760
   645    760
   646    760
   647    760
   648    760
   649    760
   650    760
   651    760
   652    760
   653    760
   645    761
   646    761
   647    761
   648    761
   649    761
   650    761
   651    761
   652    761
   653    761
   654    761
   646    762
   647    762
   648    762
   649    762
   650    762
   651    762
   652    762
   653    762
   654    762
   655    762
   647    763
   648    763
   649    763
   650    763
   651    763
   652    763
   653    763
   654    763
   655    763
   656    763
   647    764
   648    764
   649    764
   650    764
   651    764
   652    764
   653    764
   654    764
   655    764
   656    764
   657    764
   648    765
   649    765
   650    765
   651    765
   652    765
   653    765
   654    765
   655    765
   656    765
   657    765
   658    765
   649    766
   650    766
   651    766
   652    766
   653    766
   654    766
   655    766
   656    766
   657    766
   658    766
   659    766
   650    767
   651    767
   652    767
   653    767
   654    767
   655    767
   656    767
   657    767
   658    767
   659    767
   650    768
   651    768
   652    768
   653    768
   654    768
   655    768
   656    768
   657    768
   658    768
   659    768
   660    768
   661    768
   652    769
   653    769
   654    769
   655    769
   656    769
   657    769
   658    769
   659    769
   660    769
   661    769
   662    769
   652    770
   653    770
   654    770
   655    770
   656    770
   657    770
   658    770
   659    770
   660    770
   661    770
   662    770
   653    771
   654    771
   655    771
   656    771
   657    771
   658    771
   659    771
   660    771
   661    771
   662    771
   663    771
   654    772
   655    772
   656    772
   657    772
   658    772
   659    772
   660    772
   661    772
   662    772
   663    772
   664    772
   655    773
   656    773
   657    773
   658    773
   659    773
   660    773
   661    773
   662    773
   663    773
   664    773
   665    773
   656    774
   657    774
   658    774
   659    774
   660    774
   661    774
   662    774
   663    774
   664    774
   665    774
   666    774
   657    775
   658    775
   659    775
   660    775
   661    775
   662    775
   663    775
   664    775
   665    775
   666    775
   667    775
   657    776
   658    776
   659    776
   660    776
   661    776
   662    776
   663    776
   664    776
   665    776
   666    776
   667    776
   668    776
   658    777
   659    777
   660    777
   661    777
   662    777
   663    777
   664    777
   665    777
   666    777
   667    777
   668    777
   669    777
   659    778
   660    778
   661    778
   662    778
   663    778
   664    778
   665    778
   666    778
   667    778
   668    778
   669    778
   670    778
   660    779
   661    779
   662    779
   663    779
   664    779
   665    779
   666    779
   667    779
   668    779
   669    779
   670    779
   661    780
   662    780
   663    780
   664    780
   665    780
   666    780
   667    780
   668    780
   669    780
   670    780
   671    780
   661    781
   662    781
   663    781
   664    781
   665    781
   666    781
   667    781
   668    781
   669    781
   670    781
   662    782
   664    782
   662    783
   663    783
   664    783
