   591    689
   592    693
   593    694
   593    695
   594    695
   594    696
   596    696
   597    696
   594    697
   595    697
   595    698
   596    698
   598    698
   596    699
   597    699
   598    699
   599    699
   596    700
   597    700
   598    700
   599    700
   600    700
   597    701
   598    701
   597    702
   598    702
   599    702
   598    703
   599    703
   600    703
   599    704
   602    704
   603    704
   600    705
   601    705
   602    705
   603    705
   604    705
   601    706
   602    706
   603    706
   604    706
   605    706
   601    707
   602    707
   603    707
   604    707
   605    707
   606    707
   602    708
   603    708
   604    708
   605    708
   606    708
   603    709
   604    709
   605    709
   606    709
   607    709
   604    710
   605    710
   606    710
   607    710
   608    710
   604    711
   605    711
   606    711
   607    711
   608    711
   609    711
   605    712
   606    712
   607    712
   608    712
   609    712
   610    712
   606    713
   607    713
   608    713
   609    713
   610    713
   611    713
   607    714
   608    714
   609    714
   610    714
   611    714
   612    714
   608    715
   609    715
   610    715
   611    715
   612    715
   613    715
   609    716
   610    716
   611    716
   612    716
   613    716
   614    716
   609    717
   610    717
   611    717
   612    717
   613    717
   614    717
   610    718
   611    718
   612    718
   613    718
   614    718
   615    718
   611    719
   612    719
   613    719
   614    719
   615    719
   616    719
   612    720
   613    720
   614    720
   615    720
   616    720
   617    720
   612    721
   613    721
   614    721
   615    721
   616    721
   617    721
   618    721
   613    722
   614    722
   615    722
   616    722
   617    722
   618    722
   619    722
   614    723
   615    723
   616    723
   617    723
   618    723
   619    723
   620    723
   615    724
   616    724
   617    724
   618    724
   619    724
   620    724
   621    724
   616    725
   617    725
   618    725
   619    725
   620    725
   621    725
   622    725
   617    726
   618    726
   619    726
   620    726
   621    726
   622    726
   623    726
   618    727
   619    727
   620    727
   621    727
   622    727
   623    727
   624    727
   618    728
   619    728
   620    728
   621    728
   622    728
   623    728
   624    728
   619    729
   620    729
   621    729
   622    729
   623    729
   624    729
   625    729
   620    730
   621    730
   622    730
   623    730
   624    730
   625    730
   626    730
   621    731
   622    731
   623    731
   624    731
   625    731
   626    731
   627    731
   622    732
   623    732
   624    732
   625    732
   626    732
   627    732
   628    732
   623    733
   624    733
   625    733
   626    733
   627    733
   628    733
   629    733
   623    734
   624    734
   625    734
   626    734
   627    734
   628    734
   629    734
   630    734
   623    735
   624    735
   625    735
   626    735
   627    735
   628    735
   629    735
   630    735
   631    735
   624    736
   625    736
   626    736
   627    736
   628    736
   629    736
   630    736
   631    736
   632    736
   625    737
   626    737
   627    737
   628    737
   629    737
   630    737
   631    737
   632    737
   625    738
   626    738
   627    738
   628    738
   629    738
   630    738
   631    738
   632    738
   633    738
   626    739
   627    739
   628    739
   629    739
   630    739
   631    739
   632    739
   633    739
   634    739
   627    740
   628    740
   629    740
   630    740
   631    740
   632    740
   633    740
   634    740
   627    741
   628    741
   629    741
   630    741
   631    741
   632    741
   633    741
   634    741
   635    741
   628    742
   629    742
   630    742
   631    742
   632    742
   633    742
   634    742
   635    742
   636    742
   629    743
   630    743
   631    743
   632    743
   633    743
   634    743
   635    743
   636    743
   637    743
   630    744
   631    744
   632    744
   633    744
   634    744
   635    744
   636    744
   637    744
   638    744
   631    745
   632    745
   633    745
   634    745
   635    745
   636    745
   637    745
   638    745
   639    745
   632    746
   633    746
   634    746
   635    746
   636    746
   637    746
   638    746
   639    746
   640    746
   632    747
   633    747
   634    747
   635    747
   636    747
   637    747
   638    747
   639    747
   640    747
   633    748
   634    748
   635    748
   636    748
   637    748
   638    748
   639    748
   640    748
   641    748
   634    749
   635    749
   636    749
   637    749
   638    749
   639    749
   640    749
   641    749
   642    749
   635    750
   636    750
   637    750
   638    750
   639    750
   640    750
   641    750
   642    750
   643    750
   635    751
   636    751
   637    751
   638    751
   639    751
   640    751
   641    751
   642    751
   643    751
   644    751
   636    752
   637    752
   638    752
   639    752
   640    752
   641    752
   642    752
   643    752
   644    752
   637    753
   638    753
   639    753
   640    753
   641    753
   642    753
   643    753
   644    753
   645    753
   638    754
   639    754
   640    754
   641    754
   642    754
   643    754
   644    754
   645    754
   646    754
   647    754
   638    755
   639    755
   640    755
   641    755
   642    755
   643    755
   644    755
   645    755
   646    755
   647    755
   639    756
   640    756
   641    756
   642    756
   643    756
   644    756
   645    756
   646    756
   647    756
   648    756
   640    757
   641    757
   642    757
   643    757
   644    757
   645    757
   646    757
   647    757
   648    757
   649    757
   641    758
   642    758
   643    758
   644    758
   645    758
   646    758
   647    758
   648    758
   649    758
   650    758
   642    759
   643    759
   644    759
   645    759
   646    759
   647    759
   648    759
   649    759
   650    759
   651    759
   642    760
   643    760
   644    760
   645    760
   646    760
   647    760
   648    760
   649    760
   650    760
   651    760
   652    760
   643    761
   644    761
   645    761
   646    761
   647    761
   648    761
   649    761
   650    761
   651    761
   652    761
   653    761
   644    762
   645    762
   646    762
   647    762
   648    762
   649    762
   650    762
   651    762
   652    762
   653    762
   654    762
   645    763
   646    763
   647    763
   648    763
   649    763
   650    763
   651    763
   652    763
   653    763
   654    763
   646    764
   647    764
   648    764
   649    764
   650    764
   651    764
   652    764
   653    764
   654    764
   655    764
   646    765
   647    765
   648    765
   649    765
   650    765
   651    765
   652    765
   653    765
   654    765
   655    765
   656    765
   647    766
   648    766
   649    766
   650    766
   651    766
   652    766
   653    766
   654    766
   655    766
   656    766
   657    766
   648    767
   649    767
   650    767
   651    767
   652    767
   653    767
   654    767
   655    767
   656    767
   657    767
   658    767
   649    768
   650    768
   651    768
   652    768
   653    768
   654    768
   655    768
   656    768
   657    768
   658    768
   659    768
   650    769
   651    769
   652    769
   653    769
   654    769
   655    769
   656    769
   657    769
   658    769
   659    769
   660    769
   651    770
   652    770
   653    770
   654    770
   655    770
   656    770
   657    770
   658    770
   659    770
   660    770
   652    771
   653    771
   654    771
   655    771
   656    771
   657    771
   658    771
   659    771
   660    771
   661    771
   652    772
   653    772
   654    772
   655    772
   656    772
   657    772
   658    772
   659    772
   660    772
   661    772
   662    772
   653    773
   654    773
   655    773
   656    773
   657    773
   658    773
   659    773
   660    773
   661    773
   662    773
   663    773
   654    774
   655    774
   656    774
   657    774
   658    774
   659    774
   660    774
   661    774
   662    774
   663    774
   664    774
   655    775
   656    775
   657    775
   658    775
   659    775
   660    775
   661    775
   662    775
   663    775
   664    775
   665    775
   656    776
   657    776
   658    776
   659    776
   660    776
   661    776
   662    776
   663    776
   664    776
   665    776
   666    776
   657    777
   658    777
   659    777
   660    777
   661    777
   662    777
   663    777
   664    777
   665    777
   666    777
   667    777
   658    778
   659    778
   660    778
   661    778
   662    778
   663    778
   664    778
   665    778
   666    778
   667    778
   668    778
   658    779
   659    779
   660    779
   661    779
   662    779
   663    779
   664    779
   665    779
   666    779
   667    779
   668    779
   659    780
   660    780
   661    780
   662    780
   663    780
   664    780
   665    780
   666    780
   667    780
   668    780
   669    780
   670    780
   660    781
   661    781
   662    781
   663    781
   664    781
   665    781
   666    781
   667    781
   668    781
   669    781
   670    781
   661    782
   662    782
   663    782
   664    782
   665    782
   666    782
   668    782
   669    782
   661    783
   662    783
