   593    685
   594    685
   594    686
   595    686
   596    689
   597    689
   599    689
   597    690
   598    690
   599    690
   598    691
   601    692
   602    692
   602    693
   603    693
   601    694
   602    694
   603    694
   604    694
   601    695
   602    695
   603    695
   604    695
   605    695
   602    696
   603    696
   604    696
   605    696
   602    697
   603    697
   605    697
   606    697
   602    698
   603    698
   604    698
   606    698
   603    699
   604    699
   606    699
   607    699
   604    700
   605    700
   606    700
   607    700
   608    700
   605    701
   606    701
   607    701
   608    701
   609    701
   605    702
   606    702
   607    702
   609    702
   606    703
   607    703
   607    704
   608    704
   610    704
   611    704
   607    705
   608    705
   610    705
   611    705
   612    705
   609    706
   610    706
   611    706
   612    706
   609    707
   610    707
   611    707
   612    707
   613    707
   610    708
   611    708
   612    708
   613    708
   614    708
   610    709
   611    709
   612    709
   613    709
   614    709
   615    709
   611    710
   612    710
   613    710
   614    710
   615    710
   616    710
   612    711
   613    711
   614    711
   615    711
   616    711
   617    711
   612    712
   613    712
   614    712
   615    712
   616    712
   617    712
   613    713
   614    713
   615    713
   616    713
   617    713
   618    713
   614    714
   615    714
   616    714
   617    714
   618    714
   619    714
   614    715
   615    715
   616    715
   617    715
   618    715
   619    715
   620    715
   615    716
   616    716
   617    716
   618    716
   619    716
   620    716
   621    716
   616    717
   617    717
   618    717
   619    717
   620    717
   621    717
   617    718
   618    718
   619    718
   620    718
   621    718
   622    718
   617    719
   618    719
   619    719
   620    719
   621    719
   622    719
   623    719
   619    720
   620    720
   621    720
   622    720
   623    720
   624    720
   619    721
   620    721
   621    721
   622    721
   623    721
   624    721
   625    721
   620    722
   621    722
   622    722
   623    722
   624    722
   625    722
   626    722
   621    723
   622    723
   623    723
   624    723
   625    723
   626    723
   621    724
   622    724
   623    724
   624    724
   625    724
   626    724
   627    724
   628    724
   622    725
   623    725
   624    725
   625    725
   626    725
   627    725
   628    725
   623    726
   624    726
   625    726
   626    726
   627    726
   628    726
   629    726
   624    727
   625    727
   626    727
   627    727
   628    727
   629    727
   630    727
   631    727
   625    728
   626    728
   627    728
   628    728
   629    728
   630    728
   631    728
   626    729
   627    729
   628    729
   629    729
   630    729
   631    729
   632    729
   627    730
   628    730
   629    730
   630    730
   631    730
   632    730
   633    730
   627    731
   628    731
   629    731
   630    731
   631    731
   632    731
   633    731
   634    731
   628    732
   629    732
   630    732
   631    732
   632    732
   633    732
   634    732
   635    732
   629    733
   630    733
   631    733
   632    733
   633    733
   634    733
   635    733
   636    733
   630    734
   631    734
   632    734
   633    734
   634    734
   635    734
   636    734
   630    735
   631    735
   632    735
   633    735
   634    735
   635    735
   636    735
   637    735
   631    736
   632    736
   633    736
   634    736
   635    736
   636    736
   637    736
   638    736
   631    737
   632    737
   633    737
   634    737
   635    737
   636    737
   637    737
   638    737
   632    738
   633    738
   634    738
   635    738
   636    738
   637    738
   638    738
   639    738
   632    739
   633    739
   634    739
   635    739
   636    739
   637    739
   638    739
   639    739
   640    739
   633    740
   634    740
   635    740
   636    740
   637    740
   638    740
   639    740
   640    740
   641    740
   633    741
   634    741
   635    741
   636    741
   637    741
   638    741
   639    741
   640    741
   641    741
   634    742
   635    742
   636    742
   637    742
   638    742
   639    742
   640    742
   641    742
   642    742
   635    743
   636    743
   637    743
   638    743
   639    743
   640    743
   641    743
   642    743
   643    743
   636    744
   637    744
   638    744
   639    744
   640    744
   641    744
   642    744
   643    744
   644    744
   637    745
   638    745
   639    745
   640    745
   641    745
   642    745
   643    745
   644    745
   645    745
   637    746
   638    746
   639    746
   640    746
   641    746
   642    746
   643    746
   644    746
   645    746
   638    747
   639    747
   640    747
   641    747
   642    747
   643    747
   644    747
   645    747
   646    747
   639    748
   640    748
   641    748
   642    748
   643    748
   644    748
   645    748
   646    748
   647    748
   639    749
   640    749
   641    749
   642    749
   643    749
   644    749
   645    749
   646    749
   647    749
   648    749
   640    750
   641    750
   642    750
   643    750
   644    750
   645    750
   646    750
   647    750
   648    750
   641    751
   642    751
   643    751
   644    751
   645    751
   646    751
   647    751
   648    751
   649    751
   641    752
   642    752
   643    752
   644    752
   645    752
   646    752
   647    752
   648    752
   649    752
   650    752
   642    753
   643    753
   644    753
   645    753
   646    753
   647    753
   648    753
   649    753
   650    753
   651    753
   643    754
   644    754
   645    754
   646    754
   647    754
   648    754
   649    754
   650    754
   651    754
   643    755
   644    755
   645    755
   646    755
   647    755
   648    755
   649    755
   650    755
   651    755
   652    755
   644    756
   645    756
   646    756
   647    756
   648    756
   649    756
   650    756
   651    756
   652    756
   653    756
   645    757
   646    757
   647    757
   648    757
   649    757
   650    757
   651    757
   652    757
   653    757
   654    757
   655    757
   646    758
   647    758
   648    758
   649    758
   650    758
   651    758
   652    758
   653    758
   654    758
   655    758
   647    759
   648    759
   649    759
   650    759
   651    759
   652    759
   653    759
   654    759
   655    759
   656    759
   647    760
   648    760
   649    760
   650    760
   651    760
   652    760
   653    760
   654    760
   655    760
   656    760
   648    761
   649    761
   650    761
   651    761
   652    761
   653    761
   654    761
   655    761
   656    761
   657    761
   649    762
   650    762
   651    762
   652    762
   653    762
   654    762
   655    762
   656    762
   657    762
   658    762
   650    763
   651    763
   652    763
   653    763
   654    763
   655    763
   656    763
   657    763
   658    763
   659    763
   650    764
   651    764
   652    764
   653    764
   654    764
   655    764
   656    764
   657    764
   658    764
   659    764
   660    764
   651    765
   652    765
   653    765
   654    765
   655    765
   656    765
   657    765
   658    765
   659    765
   660    765
   661    765
   651    766
   652    766
   653    766
   654    766
   655    766
   656    766
   657    766
   658    766
   659    766
   660    766
   661    766
   662    766
   652    767
   653    767
   654    767
   655    767
   656    767
   657    767
   658    767
   659    767
   660    767
   661    767
   662    767
   653    768
   654    768
   655    768
   656    768
   657    768
   658    768
   659    768
   660    768
   661    768
   662    768
   663    768
   664    768
   654    769
   655    769
   656    769
   657    769
   658    769
   659    769
   660    769
   661    769
   662    769
   663    769
   664    769
   665    769
   655    770
   656    770
   657    770
   658    770
   659    770
   660    770
   661    770
   662    770
   663    770
   664    770
   665    770
   656    771
   657    771
   658    771
   659    771
   660    771
   661    771
   662    771
   663    771
   664    771
   665    771
   666    771
   657    772
   658    772
   659    772
   660    772
   661    772
   662    772
   663    772
   664    772
   665    772
   666    772
   667    772
   657    773
   658    773
   659    773
   660    773
   661    773
   662    773
   663    773
   664    773
   665    773
   666    773
   667    773
   668    773
   658    774
   659    774
   660    774
   661    774
   662    774
   663    774
   664    774
   665    774
   666    774
   667    774
   668    774
   659    775
   660    775
   661    775
   662    775
   663    775
   664    775
   665    775
   666    775
   667    775
   668    775
   669    775
   670    775
   660    776
   661    776
   662    776
   663    776
   664    776
   665    776
   666    776
   667    776
   668    776
   669    776
   670    776
   661    777
   662    777
   663    777
   664    777
   665    777
   666    777
   667    777
   668    777
   669    777
   670    777
   671    777
   661    778
   662    778
   663    778
   664    778
   665    778
   666    778
   667    778
   668    778
   669    778
   670    778
   663    779
   664    779
   665    779
   666    779
   667    779
   668    779
   669    779
   670    779
   671    779
   662    780
   663    780
   664    780
   665    780
   669    780
   670    780
