   608    697
   609    697
   609    698
   610    698
   607    699
   608    699
   609    699
   610    699
   607    700
   608    700
   609    700
   610    700
   611    700
   608    701
   609    701
   610    701
   611    701
   608    702
   609    702
   610    702
   611    702
   612    702
   609    703
   610    703
   611    703
   609    704
   610    704
   611    704
   612    704
   613    704
   614    704
   610    705
   611    705
   612    705
   613    705
   614    705
   611    706
   612    706
   613    706
   615    706
   612    707
   613    707
   614    707
   615    707
   616    707
   613    708
   614    708
   615    708
   616    708
   617    708
   613    709
   614    709
   615    709
   616    709
   617    709
   618    709
   614    710
   615    710
   616    710
   617    710
   618    710
   614    711
   615    711
   616    711
   617    711
   618    711
   619    711
   615    712
   616    712
   617    712
   618    712
   619    712
   620    712
   616    713
   617    713
   618    713
   619    713
   620    713
   621    713
   617    714
   618    714
   619    714
   620    714
   621    714
   622    714
   617    715
   618    715
   619    715
   620    715
   621    715
   622    715
   623    715
   618    716
   619    716
   620    716
   621    716
   622    716
   623    716
   619    717
   620    717
   621    717
   622    717
   623    717
   624    717
   620    718
   621    718
   622    718
   623    718
   624    718
   625    718
   620    719
   621    719
   622    719
   623    719
   624    719
   625    719
   626    719
   621    720
   622    720
   623    720
   624    720
   625    720
   626    720
   622    721
   623    721
   624    721
   625    721
   626    721
   627    721
   623    722
   624    722
   625    722
   626    722
   627    722
   628    722
   624    723
   625    723
   626    723
   627    723
   628    723
   629    723
   624    724
   625    724
   626    724
   627    724
   628    724
   629    724
   630    724
   625    725
   626    725
   627    725
   628    725
   629    725
   630    725
   631    725
   626    726
   627    726
   628    726
   629    726
   630    726
   631    726
   632    726
   627    727
   628    727
   629    727
   630    727
   631    727
   632    727
   628    728
   629    728
   630    728
   631    728
   632    728
   633    728
   634    728
   628    729
   629    729
   630    729
   631    729
   632    729
   633    729
   634    729
   629    730
   630    730
   631    730
   632    730
   633    730
   634    730
   635    730
   630    731
   631    731
   632    731
   633    731
   634    731
   635    731
   636    731
   630    732
   631    732
   632    732
   633    732
   634    732
   635    732
   636    732
   637    732
   631    733
   632    733
   633    733
   634    733
   635    733
   636    733
   637    733
   638    733
   632    734
   633    734
   634    734
   635    734
   636    734
   637    734
   638    734
   639    734
   633    735
   634    735
   635    735
   636    735
   637    735
   638    735
   639    735
   633    736
   634    736
   635    736
   636    736
   637    736
   638    736
   639    736
   640    736
   634    737
   635    737
   636    737
   637    737
   638    737
   639    737
   640    737
   641    737
   634    738
   635    738
   636    738
   637    738
   638    738
   639    738
   640    738
   641    738
   635    739
   636    739
   637    739
   638    739
   639    739
   640    739
   641    739
   642    739
   635    740
   636    740
   637    740
   638    740
   639    740
   640    740
   641    740
   642    740
   643    740
   636    741
   637    741
   638    741
   639    741
   640    741
   641    741
   642    741
   643    741
   636    742
   637    742
   638    742
   639    742
   640    742
   641    742
   642    742
   643    742
   644    742
   637    743
   638    743
   639    743
   640    743
   641    743
   642    743
   643    743
   644    743
   645    743
   638    744
   639    744
   640    744
   641    744
   642    744
   643    744
   644    744
   645    744
   646    744
   639    745
   640    745
   641    745
   642    745
   643    745
   644    745
   645    745
   646    745
   639    746
   640    746
   641    746
   642    746
   643    746
   644    746
   645    746
   646    746
   647    746
   640    747
   641    747
   642    747
   643    747
   644    747
   645    747
   646    747
   647    747
   648    747
   641    748
   642    748
   643    748
   644    748
   645    748
   646    748
   647    748
   648    748
   649    748
   642    749
   643    749
   644    749
   645    749
   646    749
   647    749
   648    749
   649    749
   650    749
   642    750
   643    750
   644    750
   645    750
   646    750
   647    750
   648    750
   649    750
   650    750
   643    751
   644    751
   645    751
   646    751
   647    751
   648    751
   649    751
   650    751
   651    751
   644    752
   645    752
   646    752
   647    752
   648    752
   649    752
   650    752
   651    752
   652    752
   645    753
   646    753
   647    753
   648    753
   649    753
   650    753
   651    753
   652    753
   653    753
   645    754
   646    754
   647    754
   648    754
   649    754
   650    754
   651    754
   652    754
   653    754
   646    755
   647    755
   648    755
   649    755
   650    755
   651    755
   652    755
   653    755
   654    755
   647    756
   648    756
   649    756
   650    756
   651    756
   652    756
   653    756
   654    756
   655    756
   647    757
   648    757
   649    757
   650    757
   651    757
   652    757
   653    757
   654    757
   655    757
   656    757
   648    758
   649    758
   650    758
   651    758
   652    758
   653    758
   654    758
   655    758
   656    758
   657    758
   649    759
   650    759
   651    759
   652    759
   653    759
   654    759
   655    759
   656    759
   657    759
   658    759
   650    760
   651    760
   652    760
   653    760
   654    760
   655    760
   656    760
   657    760
   658    760
   650    761
   651    761
   652    761
   653    761
   654    761
   655    761
   656    761
   657    761
   658    761
   659    761
   651    762
   652    762
   653    762
   654    762
   655    762
   656    762
   657    762
   658    762
   659    762
   660    762
   652    763
   653    763
   654    763
   655    763
   656    763
   657    763
   658    763
   659    763
   660    763
   661    763
   652    764
   653    764
   654    764
   655    764
   656    764
   657    764
   658    764
   659    764
   660    764
   661    764
   653    765
   654    765
   655    765
   656    765
   657    765
   658    765
   659    765
   660    765
   661    765
   662    765
   654    766
   655    766
   656    766
   657    766
   658    766
   659    766
   660    766
   661    766
   662    766
   663    766
   654    767
   655    767
   656    767
   657    767
   658    767
   659    767
   660    767
   661    767
   662    767
   663    767
   664    767
   655    768
   656    768
   657    768
   658    768
   659    768
   660    768
   661    768
   662    768
   663    768
   664    768
   665    768
   656    769
   657    769
   658    769
   659    769
   660    769
   661    769
   662    769
   663    769
   664    769
   665    769
   666    769
   656    770
   657    770
   658    770
   659    770
   660    770
   661    770
   662    770
   663    770
   664    770
   665    770
   666    770
   667    770
   657    771
   658    771
   659    771
   660    771
   661    771
   662    771
   663    771
   664    771
   665    771
   666    771
   667    771
   668    771
   659    772
   660    772
   661    772
   662    772
   663    772
   664    772
   665    772
   666    772
   667    772
   668    772
   659    773
   660    773
   661    773
   662    773
   663    773
   664    773
   665    773
   666    773
   667    773
   668    773
   669    773
   660    774
   661    774
   662    774
   663    774
   664    774
   665    774
   666    774
   667    774
   668    774
   669    774
   670    774
   661    775
   662    775
   663    775
   664    775
   665    775
   666    775
   667    775
   668    775
   669    775
   670    775
   671    775
   662    776
   663    776
   664    776
   665    776
   666    776
   667    776
   668    776
   669    776
   670    776
   671    776
   663    777
   664    777
   665    777
   666    777
   667    777
   668    777
   669    777
   670    777
   671    777
   663    778
   664    778
   665    778
   666    778
   667    778
   668    778
   669    778
   670    778
   671    778
   663    779
