   604    688
   605    688
   605    689
   606    689
   605    690
   606    690
   606    691
   607    691
   608    692
   608    693
   609    693
   608    694
   609    694
   610    694
   608    695
   610    695
   608    696
   609    696
   610    696
   611    696
   608    697
   609    697
   611    697
   612    697
   609    698
   610    698
   612    698
   610    699
   612    699
   613    699
   610    700
   613    700
   611    701
   614    701
   611    702
   612    702
   615    702
   612    703
   615    703
   616    703
   612    704
   613    704
   615    704
   616    704
   613    705
   614    705
   615    705
   616    705
   617    705
   614    706
   615    706
   617    706
   618    706
   615    707
   616    707
   617    707
   618    707
   619    707
   616    708
   617    708
   618    708
   619    708
   616    709
   617    709
   618    709
   619    709
   620    709
   616    710
   617    710
   618    710
   619    710
   620    710
   621    710
   617    711
   618    711
   619    711
   620    711
   621    711
   622    711
   618    712
   619    712
   620    712
   621    712
   622    712
   623    712
   619    713
   620    713
   621    713
   622    713
   623    713
   620    714
   621    714
   622    714
   623    714
   624    714
   620    715
   621    715
   622    715
   623    715
   624    715
   625    715
   620    716
   621    716
   622    716
   623    716
   624    716
   625    716
   626    716
   621    717
   622    717
   623    717
   624    717
   625    717
   626    717
   622    718
   623    718
   624    718
   625    718
   626    718
   627    718
   628    718
   623    719
   624    719
   625    719
   626    719
   627    719
   628    719
   624    720
   625    720
   626    720
   627    720
   628    720
   629    720
   624    721
   625    721
   626    721
   627    721
   628    721
   629    721
   630    721
   625    722
   626    722
   627    722
   628    722
   629    722
   630    722
   631    722
   626    723
   627    723
   628    723
   629    723
   630    723
   631    723
   627    724
   628    724
   629    724
   630    724
   631    724
   632    724
   627    725
   628    725
   629    725
   630    725
   631    725
   632    725
   633    725
   628    726
   629    726
   630    726
   631    726
   632    726
   633    726
   634    726
   629    727
   630    727
   631    727
   632    727
   633    727
   634    727
   635    727
   630    728
   631    728
   632    728
   633    728
   634    728
   635    728
   636    728
   630    729
   631    729
   632    729
   633    729
   634    729
   635    729
   636    729
   637    729
   631    730
   632    730
   633    730
   634    730
   635    730
   636    730
   637    730
   632    731
   633    731
   634    731
   635    731
   636    731
   637    731
   638    731
   633    732
   634    732
   635    732
   636    732
   637    732
   638    732
   639    732
   633    733
   634    733
   635    733
   636    733
   637    733
   638    733
   639    733
   640    733
   634    734
   635    734
   636    734
   637    734
   638    734
   639    734
   640    734
   641    734
   635    735
   636    735
   637    735
   638    735
   639    735
   640    735
   641    735
   642    735
   635    736
   636    736
   637    736
   638    736
   639    736
   640    736
   641    736
   642    736
   643    736
   636    737
   637    737
   638    737
   639    737
   640    737
   641    737
   642    737
   643    737
   637    738
   638    738
   639    738
   640    738
   641    738
   642    738
   643    738
   644    738
   637    739
   638    739
   639    739
   640    739
   641    739
   642    739
   643    739
   644    739
   638    740
   639    740
   640    740
   641    740
   642    740
   643    740
   644    740
   645    740
   638    741
   639    741
   640    741
   641    741
   642    741
   643    741
   644    741
   645    741
   646    741
   639    742
   640    742
   641    742
   642    742
   643    742
   644    742
   645    742
   646    742
   647    742
   639    743
   640    743
   641    743
   642    743
   643    743
   644    743
   645    743
   646    743
   647    743
   640    744
   641    744
   642    744
   643    744
   644    744
   645    744
   646    744
   647    744
   648    744
   640    745
   641    745
   642    745
   643    745
   644    745
   645    745
   646    745
   647    745
   648    745
   649    745
   642    746
   643    746
   644    746
   645    746
   646    746
   647    746
   648    746
   649    746
   642    747
   643    747
   644    747
   645    747
   646    747
   647    747
   648    747
   649    747
   650    747
   643    748
   644    748
   645    748
   646    748
   647    748
   648    748
   649    748
   650    748
   651    748
   644    749
   645    749
   646    749
   647    749
   648    749
   649    749
   650    749
   651    749
   652    749
   644    750
   645    750
   646    750
   647    750
   648    750
   649    750
   650    750
   651    750
   652    750
   645    751
   646    751
   647    751
   648    751
   649    751
   650    751
   651    751
   652    751
   653    751
   646    752
   647    752
   648    752
   649    752
   650    752
   651    752
   652    752
   653    752
   654    752
   647    753
   648    753
   649    753
   650    753
   651    753
   652    753
   653    753
   654    753
   655    753
   647    754
   648    754
   649    754
   650    754
   651    754
   652    754
   653    754
   654    754
   655    754
   647    755
   648    755
   649    755
   650    755
   651    755
   652    755
   653    755
   654    755
   655    755
   656    755
   648    756
   649    756
   650    756
   651    756
   652    756
   653    756
   654    756
   655    756
   656    756
   657    756
   649    757
   650    757
   651    757
   652    757
   653    757
   654    757
   655    757
   656    757
   657    757
   658    757
   650    758
   651    758
   652    758
   653    758
   654    758
   655    758
   656    758
   657    758
   658    758
   659    758
   650    759
   651    759
   652    759
   653    759
   654    759
   655    759
   656    759
   657    759
   658    759
   659    759
   660    759
   651    760
   652    760
   653    760
   654    760
   655    760
   656    760
   657    760
   658    760
   659    760
   660    760
   652    761
   653    761
   654    761
   655    761
   656    761
   657    761
   658    761
   659    761
   660    761
   661    761
   652    762
   653    762
   654    762
   655    762
   656    762
   657    762
   658    762
   659    762
   660    762
   661    762
   662    762
   653    763
   654    763
   655    763
   656    763
   657    763
   658    763
   659    763
   660    763
   661    763
   662    763
   663    763
   654    764
   655    764
   656    764
   657    764
   658    764
   659    764
   660    764
   661    764
   662    764
   663    764
   655    765
   656    765
   657    765
   658    765
   659    765
   660    765
   661    765
   662    765
   663    765
   664    765
   655    766
   656    766
   657    766
   658    766
   659    766
   660    766
   661    766
   662    766
   663    766
   664    766
   665    766
   656    767
   657    767
   658    767
   659    767
   660    767
   661    767
   662    767
   663    767
   664    767
   665    767
   657    768
   658    768
   659    768
   660    768
   661    768
   662    768
   663    768
   664    768
   665    768
   666    768
   658    769
   659    769
   660    769
   661    769
   662    769
   663    769
   664    769
   665    769
   666    769
   667    769
   668    769
   658    770
   659    770
   660    770
   661    770
   662    770
   663    770
   664    770
   665    770
   666    770
   667    770
   668    770
   659    771
   660    771
   661    771
   662    771
   663    771
   664    771
   665    771
   666    771
   667    771
   668    771
   669    771
   660    772
   661    772
   662    772
   663    772
   664    772
   665    772
   666    772
   667    772
   668    772
   669    772
   670    772
   661    773
   662    773
   663    773
   664    773
   665    773
   666    773
   667    773
   668    773
   669    773
   670    773
   671    773
   662    774
   663    774
   664    774
   665    774
   666    774
   667    774
   668    774
   669    774
   670    774
   671    774
   662    775
   663    775
   664    775
   665    775
   666    775
   667    775
   668    775
   669    775
   670    775
   671    775
   663    776
   664    776
   665    776
   666    776
   667    776
   668    776
   669    776
   670    776
   671    776
   664    778
   665    778
