   608    689
   611    692
   611    693
   612    693
   612    694
   613    694
   612    695
   613    695
   614    695
   611    696
   613    696
   614    696
   611    697
   612    697
   613    697
   614    697
   615    697
   612    698
   613    698
   614    698
   615    698
   612    699
   613    699
   614    699
   615    699
   616    699
   613    700
   616    700
   617    700
   613    701
   614    701
   616    701
   617    701
   614    702
   615    702
   616    702
   617    702
   618    702
   615    703
   616    703
   617    703
   618    703
   615    704
   616    704
   617    704
   618    704
   619    704
   615    705
   616    705
   617    705
   618    705
   619    705
   620    705
   616    706
   617    706
   618    706
   620    706
   617    707
   618    707
   619    707
   620    707
   621    707
   622    707
   618    708
   619    708
   620    708
   621    708
   622    708
   619    709
   620    709
   621    709
   622    709
   623    709
   619    710
   620    710
   621    710
   622    710
   623    710
   620    711
   621    711
   622    711
   623    711
   624    711
   620    712
   621    712
   622    712
   623    712
   624    712
   625    712
   621    713
   622    713
   623    713
   624    713
   625    713
   626    713
   622    714
   623    714
   624    714
   625    714
   626    714
   627    714
   622    715
   623    715
   624    715
   625    715
   626    715
   627    715
   628    715
   623    716
   624    716
   625    716
   626    716
   627    716
   628    716
   624    717
   625    717
   626    717
   627    717
   628    717
   629    717
   624    718
   625    718
   626    718
   627    718
   628    718
   629    718
   630    718
   625    719
   626    719
   627    719
   628    719
   629    719
   630    719
   631    719
   626    720
   627    720
   628    720
   629    720
   630    720
   631    720
   632    720
   627    721
   628    721
   629    721
   630    721
   631    721
   632    721
   627    722
   628    722
   629    722
   630    722
   631    722
   632    722
   633    722
   628    723
   629    723
   630    723
   631    723
   632    723
   633    723
   634    723
   629    724
   630    724
   631    724
   632    724
   633    724
   634    724
   635    724
   630    725
   631    725
   632    725
   633    725
   634    725
   635    725
   636    725
   630    726
   631    726
   632    726
   633    726
   634    726
   635    726
   636    726
   631    727
   632    727
   633    727
   634    727
   635    727
   636    727
   637    727
   632    728
   633    728
   634    728
   635    728
   636    728
   637    728
   638    728
   633    729
   634    729
   635    729
   636    729
   637    729
   638    729
   639    729
   633    730
   634    730
   635    730
   636    730
   637    730
   638    730
   639    730
   640    730
   634    731
   635    731
   636    731
   637    731
   638    731
   639    731
   640    731
   641    731
   635    732
   636    732
   637    732
   638    732
   639    732
   640    732
   641    732
   636    733
   637    733
   638    733
   639    733
   640    733
   641    733
   642    733
   636    734
   637    734
   638    734
   639    734
   640    734
   641    734
   642    734
   643    734
   637    735
   638    735
   639    735
   640    735
   641    735
   642    735
   643    735
   644    735
   638    736
   639    736
   640    736
   641    736
   642    736
   643    736
   644    736
   638    737
   639    737
   640    737
   641    737
   642    737
   643    737
   644    737
   645    737
   639    738
   640    738
   641    738
   642    738
   643    738
   644    738
   645    738
   646    738
   639    739
   640    739
   641    739
   642    739
   643    739
   644    739
   645    739
   646    739
   640    740
   641    740
   642    740
   643    740
   644    740
   645    740
   646    740
   647    740
   648    740
   640    741
   641    741
   642    741
   643    741
   644    741
   645    741
   646    741
   647    741
   648    741
   641    742
   642    742
   643    742
   644    742
   645    742
   646    742
   647    742
   648    742
   641    743
   642    743
   643    743
   644    743
   645    743
   646    743
   647    743
   648    743
   649    743
   642    744
   643    744
   644    744
   645    744
   646    744
   647    744
   648    744
   649    744
   650    744
   643    745
   644    745
   645    745
   646    745
   647    745
   648    745
   649    745
   650    745
   651    745
   644    746
   645    746
   646    746
   647    746
   648    746
   649    746
   650    746
   651    746
   652    746
   644    747
   645    747
   646    747
   647    747
   648    747
   649    747
   650    747
   651    747
   652    747
   645    748
   646    748
   647    748
   648    748
   649    748
   650    748
   651    748
   652    748
   653    748
   646    749
   647    749
   648    749
   649    749
   650    749
   651    749
   652    749
   653    749
   654    749
   646    750
   647    750
   648    750
   649    750
   650    750
   651    750
   652    750
   653    750
   654    750
   647    751
   648    751
   649    751
   650    751
   651    751
   652    751
   653    751
   654    751
   655    751
   647    752
   648    752
   649    752
   650    752
   651    752
   652    752
   653    752
   654    752
   655    752
   656    752
   648    753
   649    753
   650    753
   651    753
   652    753
   653    753
   654    753
   655    753
   656    753
   649    754
   650    754
   651    754
   652    754
   653    754
   654    754
   655    754
   656    754
   657    754
   650    755
   651    755
   652    755
   653    755
   654    755
   655    755
   656    755
   657    755
   658    755
   650    756
   651    756
   652    756
   653    756
   654    756
   655    756
   656    756
   657    756
   658    756
   659    756
   651    757
   652    757
   653    757
   654    757
   655    757
   656    757
   657    757
   658    757
   659    757
   660    757
   651    758
   652    758
   653    758
   654    758
   655    758
   656    758
   657    758
   658    758
   659    758
   660    758
   652    759
   653    759
   654    759
   655    759
   656    759
   657    759
   658    759
   659    759
   660    759
   661    759
   653    760
   654    760
   655    760
   656    760
   657    760
   658    760
   659    760
   660    760
   661    760
   662    760
   654    761
   655    761
   656    761
   657    761
   658    761
   659    761
   660    761
   661    761
   662    761
   663    761
   655    762
   656    762
   657    762
   658    762
   659    762
   660    762
   661    762
   662    762
   663    762
   655    763
   656    763
   657    763
   658    763
   659    763
   660    763
   661    763
   662    763
   663    763
   664    763
   665    763
   656    764
   657    764
   658    764
   659    764
   660    764
   661    764
   662    764
   663    764
   664    764
   665    764
   656    765
   657    765
   658    765
   659    765
   660    765
   661    765
   662    765
   663    765
   664    765
   665    765
   666    765
   657    766
   658    766
   659    766
   660    766
   661    766
   662    766
   663    766
   664    766
   665    766
   666    766
   667    766
   657    767
   658    767
   659    767
   660    767
   661    767
   662    767
   663    767
   664    767
   665    767
   666    767
   667    767
   658    768
   659    768
   660    768
   661    768
   662    768
   663    768
   664    768
   665    768
   666    768
   667    768
   668    768
   659    769
   660    769
   661    769
   662    769
   663    769
   664    769
   665    769
   666    769
   667    769
   668    769
   669    769
   659    770
   660    770
   661    770
   662    770
   663    770
   664    770
   665    770
   666    770
   667    770
   668    770
   669    770
   670    770
   660    771
   661    771
   662    771
   663    771
   664    771
   665    771
   666    771
   667    771
   668    771
   669    771
   670    771
   671    771
   662    772
   663    772
   664    772
   665    772
   666    772
   667    772
   668    772
   669    772
   670    772
   671    772
   662    773
   663    773
   664    773
   665    773
   666    773
   667    773
   668    773
   669    773
   670    773
   671    773
   672    773
   663    774
   664    774
   665    774
   666    774
   667    774
   668    774
   669    774
   670    774
   671    774
   664    775
   665    775
   666    775
   667    775
   668    775
   669    775
   670    775
   671    775
   669    776
