   605    687
   606    688
   604    689
   605    689
   606    689
   607    689
   607    690
   605    691
   606    691
   610    693
   611    694
   609    695
   610    695
   611    695
   612    695
   609    696
   610    696
   611    696
   612    696
   613    696
   610    697
   611    697
   612    697
   613    697
   610    698
   611    698
   612    698
   613    698
   614    698
   611    699
   612    699
   613    699
   614    699
   615    699
   612    700
   613    700
   614    700
   615    700
   612    701
   613    701
   614    701
   615    701
   616    701
   612    702
   613    702
   614    702
   615    702
   616    702
   613    703
   614    703
   615    703
   616    703
   617    703
   614    704
   615    704
   616    704
   617    704
   618    704
   614    705
   615    705
   616    705
   617    705
   618    705
   615    706
   616    706
   617    706
   618    706
   619    706
   616    707
   617    707
   618    707
   619    707
   620    707
   617    708
   618    708
   619    708
   620    708
   621    708
   617    709
   618    709
   619    709
   620    709
   621    709
   622    709
   618    710
   619    710
   620    710
   621    710
   622    710
   623    710
   618    711
   619    711
   620    711
   621    711
   622    711
   623    711
   619    712
   620    712
   621    712
   622    712
   623    712
   624    712
   620    713
   621    713
   622    713
   623    713
   624    713
   625    713
   620    714
   621    714
   622    714
   623    714
   624    714
   625    714
   626    714
   621    715
   622    715
   623    715
   624    715
   625    715
   626    715
   622    716
   623    716
   624    716
   625    716
   626    716
   627    716
   622    717
   623    717
   624    717
   625    717
   626    717
   627    717
   628    717
   623    718
   624    718
   625    718
   626    718
   627    718
   628    718
   629    718
   624    719
   625    719
   626    719
   627    719
   628    719
   629    719
   630    719
   625    720
   626    720
   627    720
   628    720
   629    720
   630    720
   626    721
   627    721
   628    721
   629    721
   630    721
   631    721
   626    722
   627    722
   628    722
   629    722
   630    722
   631    722
   632    722
   627    723
   628    723
   629    723
   630    723
   631    723
   632    723
   633    723
   628    724
   629    724
   630    724
   631    724
   632    724
   633    724
   634    724
   629    725
   630    725
   631    725
   632    725
   633    725
   634    725
   629    726
   630    726
   631    726
   632    726
   633    726
   634    726
   635    726
   630    727
   631    727
   632    727
   633    727
   634    727
   635    727
   636    727
   631    728
   632    728
   633    728
   634    728
   635    728
   636    728
   637    728
   632    729
   633    729
   634    729
   635    729
   636    729
   637    729
   638    729
   632    730
   633    730
   634    730
   635    730
   636    730
   637    730
   638    730
   639    730
   633    731
   634    731
   635    731
   636    731
   637    731
   638    731
   639    731
   634    732
   635    732
   636    732
   637    732
   638    732
   639    732
   640    732
   634    733
   635    733
   636    733
   637    733
   638    733
   639    733
   640    733
   641    733
   635    734
   636    734
   637    734
   638    734
   639    734
   640    734
   641    734
   642    734
   636    735
   637    735
   638    735
   639    735
   640    735
   641    735
   642    735
   643    735
   636    736
   637    736
   638    736
   639    736
   640    736
   641    736
   642    736
   643    736
   644    736
   637    737
   638    737
   639    737
   640    737
   641    737
   642    737
   643    737
   644    737
   638    738
   639    738
   640    738
   641    738
   642    738
   643    738
   644    738
   645    738
   638    739
   639    739
   640    739
   641    739
   642    739
   643    739
   644    739
   645    739
   639    740
   640    740
   641    740
   642    740
   643    740
   644    740
   645    740
   646    740
   639    741
   640    741
   641    741
   642    741
   643    741
   644    741
   645    741
   646    741
   647    741
   640    742
   641    742
   642    742
   643    742
   644    742
   645    742
   646    742
   647    742
   640    743
   641    743
   642    743
   643    743
   644    743
   645    743
   646    743
   647    743
   648    743
   641    744
   642    744
   643    744
   644    744
   645    744
   646    744
   647    744
   648    744
   649    744
   642    745
   643    745
   644    745
   645    745
   646    745
   647    745
   648    745
   649    745
   643    746
   644    746
   645    746
   646    746
   647    746
   648    746
   649    746
   650    746
   643    747
   644    747
   645    747
   646    747
   647    747
   648    747
   649    747
   650    747
   644    748
   645    748
   646    748
   647    748
   648    748
   649    748
   650    748
   651    748
   645    749
   646    749
   647    749
   648    749
   649    749
   650    749
   651    749
   645    750
   646    750
   647    750
   648    750
   649    750
   650    750
   651    750
   646    751
   647    751
   648    751
   649    751
   650    751
   651    751
   652    751
   647    752
   648    752
   649    752
   650    752
   651    752
   652    752
   648    753
   649    753
   650    753
   651    753
   652    753
   648    754
   649    754
   650    754
   651    754
   652    754
   649    755
   650    755
   651    755
   652    755
   653    755
   650    756
   651    756
   652    756
   653    756
   650    757
   651    757
   652    757
   653    757
   651    758
   652    758
   653    758
   654    758
   652    759
   653    759
   654    759
   652    760
   653    760
   654    760
   654    761
