   614    688
   615    688
   615    689
   616    689
   615    690
   616    690
   616    691
   617    691
   616    694
   617    694
   621    696
   621    697
   622    697
   619    698
   621    698
   622    698
   619    699
   620    699
   621    699
   622    699
   620    700
   622    700
   623    700
   620    701
   621    701
   622    701
   623    701
   624    701
   621    702
   622    702
   621    703
   622    703
   623    703
   625    703
   622    704
   623    704
   624    704
   625    704
   626    704
   622    705
   623    705
   624    705
   625    705
   626    705
   627    705
   623    706
   624    706
   625    706
   626    706
   627    706
   624    707
   625    707
   626    707
   627    707
   628    707
   624    708
   625    708
   626    708
   627    708
   628    708
   625    709
   626    709
   627    709
   628    709
   629    709
   626    710
   627    710
   628    710
   629    710
   630    710
   626    711
   627    711
   628    711
   629    711
   630    711
   631    711
   627    712
   628    712
   629    712
   630    712
   631    712
   632    712
   627    713
   628    713
   629    713
   630    713
   631    713
   632    713
   628    714
   629    714
   630    714
   631    714
   632    714
   633    714
   629    715
   630    715
   631    715
   632    715
   633    715
   634    715
   629    716
   630    716
   631    716
   632    716
   633    716
   634    716
   635    716
   630    717
   631    717
   632    717
   633    717
   634    717
   635    717
   631    718
   632    718
   633    718
   634    718
   635    718
   636    718
   631    719
   632    719
   633    719
   634    719
   635    719
   636    719
   637    719
   632    720
   633    720
   634    720
   635    720
   636    720
   637    720
   638    720
   632    721
   633    721
   634    721
   635    721
   636    721
   637    721
   638    721
   633    722
   634    722
   635    722
   636    722
   637    722
   638    722
   639    722
   634    723
   635    723
   636    723
   637    723
   638    723
   639    723
   635    724
   636    724
   637    724
   638    724
   639    724
   640    724
   641    724
   635    725
   636    725
   637    725
   638    725
   639    725
   640    725
   641    725
   636    726
   637    726
   638    726
   639    726
   640    726
   641    726
   642    726
   637    727
   638    727
   639    727
   640    727
   641    727
   642    727
   643    727
   638    728
   639    728
   640    728
   641    728
   642    728
   643    728
   644    728
   638    729
   639    729
   640    729
   641    729
   642    729
   643    729
   644    729
   645    729
   639    730
   640    730
   641    730
   642    730
   643    730
   644    730
   645    730
   646    730
   640    731
   641    731
   642    731
   643    731
   644    731
   645    731
   646    731
   640    732
   641    732
   642    732
   643    732
   644    732
   645    732
   646    732
   647    732
   641    733
   642    733
   643    733
   644    733
   645    733
   646    733
   647    733
   648    733
   642    734
   643    734
   644    734
   645    734
   646    734
   647    734
   648    734
   643    735
   644    735
   645    735
   646    735
   647    735
   648    735
   649    735
   643    736
   644    736
   645    736
   646    736
   647    736
   648    736
   649    736
   650    736
   644    737
   645    737
   646    737
   647    737
   648    737
   649    737
   650    737
   651    737
   644    738
   645    738
   646    738
   647    738
   648    738
   649    738
   650    738
   651    738
   645    739
   646    739
   647    739
   648    739
   649    739
   650    739
   651    739
   652    739
   645    740
   646    740
   647    740
   648    740
   649    740
   650    740
   651    740
   652    740
   653    740
   646    741
   647    741
   648    741
   649    741
   650    741
   651    741
   652    741
   653    741
   646    742
   647    742
   648    742
   649    742
   650    742
   651    742
   652    742
   653    742
   654    742
   646    743
   647    743
   648    743
   649    743
   650    743
   651    743
   652    743
   653    743
   654    743
   655    743
   647    744
   648    744
   649    744
   650    744
   651    744
   652    744
   653    744
   654    744
   655    744
   647    745
   648    745
   649    745
   650    745
   651    745
   652    745
   653    745
   654    745
   655    745
   656    745
   648    746
   649    746
   650    746
   651    746
   652    746
   653    746
   654    746
   655    746
   656    746
   649    747
   650    747
   651    747
   652    747
   653    747
   654    747
   655    747
   656    747
   657    747
   650    748
   651    748
   652    748
   653    748
   654    748
   655    748
   656    748
   657    748
   658    748
   651    749
   652    749
   653    749
   654    749
   655    749
   656    749
   657    749
   658    749
   659    749
   651    750
   652    750
   653    750
   654    750
   655    750
   656    750
   657    750
   658    750
   659    750
   652    751
   653    751
   654    751
   655    751
   656    751
   657    751
   658    751
   659    751
   660    751
   652    752
   653    752
   654    752
   655    752
   656    752
   657    752
   658    752
   659    752
   660    752
   653    753
   654    753
   655    753
   656    753
   657    753
   658    753
   659    753
   660    753
   661    753
   654    754
   655    754
   656    754
   657    754
   658    754
   659    754
   660    754
   661    754
   662    754
   654    755
   655    755
   656    755
   657    755
   658    755
   659    755
   660    755
   661    755
   662    755
   663    755
   655    756
   656    756
   657    756
   658    756
   659    756
   660    756
   661    756
   662    756
   663    756
   656    757
   657    757
   658    757
   659    757
   660    757
   661    757
   662    757
   663    757
   664    757
   656    758
   657    758
   658    758
   659    758
   660    758
   661    758
   662    758
   663    758
   664    758
   665    758
   657    759
   658    759
   659    759
   660    759
   661    759
   662    759
   663    759
   664    759
   665    759
   657    760
   658    760
   659    760
   660    760
   661    760
   662    760
   663    760
   664    760
   665    760
   666    760
   658    761
   659    761
   660    761
   661    761
   662    761
   663    761
   664    761
   665    761
   666    761
   667    761
   659    762
   660    762
   661    762
   662    762
   663    762
   664    762
   665    762
   666    762
   667    762
   668    762
   660    763
   661    763
   662    763
   663    763
   664    763
   665    763
   666    763
   667    763
   668    763
   669    763
   660    764
   661    764
   662    764
   663    764
   664    764
   665    764
   666    764
   667    764
   668    764
   669    764
   661    765
   662    765
   663    765
   664    765
   665    765
   666    765
   667    765
   668    765
   669    765
   670    765
   661    766
   662    766
   663    766
   664    766
   665    766
   666    766
   667    766
   668    766
   669    766
   670    766
   671    766
   662    767
   663    767
   664    767
   665    767
   666    767
   667    767
   668    767
   669    767
   670    767
   671    767
   662    768
   663    768
   664    768
   665    768
   666    768
   667    768
   668    768
   669    768
   670    768
   671    768
   672    768
   663    769
   664    769
   665    769
   666    769
   667    769
   668    769
   669    769
   670    769
   671    769
   672    769
   673    769
   664    770
   665    770
   666    770
   667    770
   668    770
   669    770
   670    770
   671    770
   672    770
   673    770
   674    770
   664    771
   665    771
   666    771
   667    771
   668    771
   669    771
   670    771
   671    771
   672    771
   673    771
   674    771
   665    772
   666    772
   667    772
   668    772
   669    772
   670    772
   671    772
   672    772
   673    772
   674    772
   675    772
   666    773
   667    773
   668    773
   669    773
   670    773
   671    773
   672    773
   673    773
   674    773
   675    773
   676    773
   667    774
   668    774
   669    774
   670    774
   671    774
   672    774
   673    774
   674    774
   675    774
   676    774
   667    775
   668    775
   669    775
   670    775
   671    775
   672    775
   673    775
   674    775
   675    775
   676    775
   668    776
   669    776
   670    776
   671    776
   672    776
   673    776
   669    777
   673    777
