   622    693
   621    694
   623    694
   621    695
   622    695
   622    696
   622    697
   623    697
   625    697
   626    697
   623    698
   624    698
   626    698
   623    699
   624    699
   625    699
   626    699
   627    699
   623    700
   624    700
   625    700
   626    700
   627    700
   624    701
   625    701
   626    701
   625    702
   626    702
   625    703
   626    703
   627    703
   626    704
   627    704
   629    704
   626    705
   627    705
   629    705
   630    705
   627    706
   628    706
   629    706
   630    706
   631    706
   628    707
   629    707
   630    707
   631    707
   628    708
   629    708
   630    708
   631    708
   632    708
   629    709
   630    709
   631    709
   632    709
   633    709
   629    710
   630    710
   631    710
   632    710
   633    710
   634    710
   630    711
   631    711
   632    711
   633    711
   634    711
   631    712
   632    712
   633    712
   634    712
   635    712
   631    713
   632    713
   633    713
   634    713
   635    713
   636    713
   632    714
   633    714
   634    714
   635    714
   636    714
   637    714
   632    715
   633    715
   634    715
   635    715
   636    715
   637    715
   633    716
   634    716
   635    716
   636    716
   637    716
   638    716
   634    717
   635    717
   636    717
   637    717
   638    717
   639    717
   634    718
   635    718
   636    718
   637    718
   638    718
   639    718
   634    719
   635    719
   636    719
   637    719
   638    719
   639    719
   640    719
   635    720
   636    720
   637    720
   638    720
   639    720
   640    720
   641    720
   636    721
   637    721
   638    721
   639    721
   640    721
   641    721
   637    722
   638    722
   639    722
   640    722
   641    722
   642    722
   637    723
   638    723
   639    723
   640    723
   641    723
   642    723
   643    723
   638    724
   639    724
   640    724
   641    724
   642    724
   643    724
   644    724
   638    725
   639    725
   640    725
   641    725
   642    725
   643    725
   644    725
   639    726
   640    726
   641    726
   642    726
   643    726
   644    726
   645    726
   640    727
   641    727
   642    727
   643    727
   644    727
   645    727
   646    727
   641    728
   642    728
   643    728
   644    728
   645    728
   646    728
   647    728
   641    729
   642    729
   643    729
   644    729
   645    729
   646    729
   647    729
   648    729
   642    730
   643    730
   644    730
   645    730
   646    730
   647    730
   648    730
   649    730
   643    731
   644    731
   645    731
   646    731
   647    731
   648    731
   649    731
   643    732
   644    732
   645    732
   646    732
   647    732
   648    732
   649    732
   650    732
   644    733
   645    733
   646    733
   647    733
   648    733
   649    733
   650    733
   651    733
   645    734
   646    734
   647    734
   648    734
   649    734
   650    734
   651    734
   652    734
   646    735
   647    735
   648    735
   649    735
   650    735
   651    735
   652    735
   647    736
   648    736
   649    736
   650    736
   651    736
   652    736
   653    736
   647    737
   648    737
   649    737
   650    737
   651    737
   652    737
   653    737
   654    737
   648    738
   649    738
   650    738
   651    738
   652    738
   653    738
   654    738
   655    738
   648    739
   649    739
   650    739
   651    739
   652    739
   653    739
   654    739
   655    739
   649    740
   650    740
   651    740
   652    740
   653    740
   654    740
   655    740
   656    740
   649    741
   650    741
   651    741
   652    741
   653    741
   654    741
   655    741
   656    741
   649    742
   650    742
   651    742
   652    742
   653    742
   654    742
   655    742
   656    742
   657    742
   650    743
   651    743
   652    743
   653    743
   654    743
   655    743
   656    743
   657    743
   650    744
   651    744
   652    744
   653    744
   654    744
   655    744
   656    744
   657    744
   658    744
   651    745
   652    745
   653    745
   654    745
   655    745
   656    745
   657    745
   658    745
   659    745
   651    746
   652    746
   653    746
   654    746
   655    746
   656    746
   657    746
   658    746
   659    746
   652    747
   653    747
   654    747
   655    747
   656    747
   657    747
   658    747
   659    747
   660    747
   653    748
   654    748
   655    748
   656    748
   657    748
   658    748
   659    748
   660    748
   661    748
   654    749
   655    749
   656    749
   657    749
   658    749
   659    749
   660    749
   661    749
   654    750
   655    750
   656    750
   657    750
   658    750
   659    750
   660    750
   661    750
   662    750
   654    751
   655    751
   656    751
   657    751
   658    751
   659    751
   660    751
   661    751
   662    751
   663    751
   655    752
   656    752
   657    752
   658    752
   659    752
   660    752
   661    752
   662    752
   663    752
   656    753
   657    753
   658    753
   659    753
   660    753
   661    753
   662    753
   663    753
   664    753
   656    754
   657    754
   658    754
   659    754
   660    754
   661    754
   662    754
   663    754
   664    754
   657    755
   658    755
   659    755
   660    755
   661    755
   662    755
   663    755
   664    755
   665    755
   658    756
   659    756
   660    756
   661    756
   662    756
   663    756
   664    756
   665    756
   666    756
   658    757
   659    757
   660    757
   661    757
   662    757
   663    757
   664    757
   665    757
   666    757
   659    758
   660    758
   661    758
   662    758
   663    758
   664    758
   665    758
   666    758
   667    758
   659    759
   660    759
   661    759
   662    759
   663    759
   664    759
   665    759
   666    759
   667    759
   668    759
   660    760
   661    760
   662    760
   663    760
   664    760
   665    760
   666    760
   667    760
   668    760
   660    761
   661    761
   662    761
   663    761
   664    761
   665    761
   666    761
   667    761
   668    761
   669    761
   661    762
   662    762
   663    762
   664    762
   665    762
   666    762
   667    762
   668    762
   669    762
   670    762
   662    763
   663    763
   664    763
   665    763
   666    763
   667    763
   668    763
   669    763
   670    763
   671    763
   662    764
   663    764
   664    764
   665    764
   666    764
   667    764
   668    764
   669    764
   670    764
   671    764
   672    764
   663    765
   664    765
   665    765
   666    765
   667    765
   668    765
   669    765
   670    765
   671    765
   672    765
   664    766
   665    766
   666    766
   667    766
   668    766
   669    766
   670    766
   671    766
   672    766
   673    766
   664    767
   665    767
   666    767
   667    767
   668    767
   669    767
   670    767
   671    767
   672    767
   673    767
   674    767
   665    768
   666    768
   667    768
   668    768
   669    768
   670    768
   671    768
   672    768
   673    768
   674    768
   666    769
   667    769
   668    769
   669    769
   670    769
   671    769
   672    769
   673    769
   674    769
   675    769
   666    770
   667    770
   668    770
   669    770
   670    770
   671    770
   672    770
   673    770
   674    770
   675    770
   676    770
   667    771
   668    771
   669    771
   670    771
   671    771
   672    771
   673    771
   674    771
   675    771
   676    771
   677    771
   667    772
   668    772
   669    772
   670    772
   671    772
   672    772
   673    772
   674    772
   675    772
   676    772
   677    772
   668    773
   669    773
   670    773
   671    773
   672    773
   673    773
   674    773
   675    773
   676    773
   677    773
   678    773
   669    774
   670    774
   671    774
   672    774
   673    774
   674    774
   675    774
   676    774
   677    774
   678    774
   679    774
   669    775
   670    775
   671    775
   672    775
   673    775
   674    775
   675    775
   676    775
   677    775
   678    775
   679    775
   670    776
   671    776
   672    776
   673    776
   674    776
   675    776
   676    776
   677    776
   678    776
   679    776
   680    776
   671    777
   672    777
   673    777
   674    777
   675    777
   676    777
   677    777
   678    777
   671    778
