   614    693
   616    693
   614    694
   615    694
   616    694
   617    694
   615    695
   617    695
   615    696
   616    696
   618    696
   616    697
   618    697
   619    697
   616    698
   617    698
   618    698
   619    698
   617    699
   618    699
   619    699
   620    699
   617    700
   618    700
   619    700
   620    700
   618    701
   619    701
   620    701
   621    701
   618    702
   619    702
   620    702
   619    703
   620    703
   622    703
   619    704
   620    704
   621    704
   622    704
   623    704
   619    705
   620    705
   621    705
   622    705
   623    705
   624    705
   620    706
   621    706
   622    706
   623    706
   624    706
   621    707
   622    707
   623    707
   624    707
   625    707
   622    708
   623    708
   624    708
   625    708
   626    708
   623    709
   624    709
   625    709
   626    709
   627    709
   623    710
   624    710
   625    710
   626    710
   627    710
   628    710
   624    711
   625    711
   626    711
   627    711
   628    711
   624    712
   625    712
   626    712
   627    712
   628    712
   629    712
   625    713
   626    713
   627    713
   628    713
   629    713
   630    713
   626    714
   627    714
   628    714
   629    714
   630    714
   631    714
   626    715
   627    715
   628    715
   629    715
   630    715
   631    715
   632    715
   627    716
   628    716
   629    716
   630    716
   631    716
   632    716
   627    717
   628    717
   629    717
   630    717
   631    717
   632    717
   633    717
   628    718
   629    718
   630    718
   631    718
   632    718
   633    718
   629    719
   630    719
   631    719
   632    719
   633    719
   634    719
   630    720
   631    720
   632    720
   633    720
   634    720
   635    720
   631    721
   632    721
   633    721
   634    721
   635    721
   636    721
   631    722
   632    722
   633    722
   634    722
   635    722
   636    722
   637    722
   632    723
   633    723
   634    723
   635    723
   636    723
   637    723
   632    724
   633    724
   634    724
   635    724
   636    724
   637    724
   638    724
   633    725
   634    725
   635    725
   636    725
   637    725
   638    725
   639    725
   634    726
   635    726
   636    726
   637    726
   638    726
   639    726
   635    727
   636    727
   637    727
   638    727
   639    727
   640    727
   635    728
   636    728
   637    728
   638    728
   639    728
   640    728
   641    728
   642    728
   636    729
   637    729
   638    729
   639    729
   640    729
   641    729
   642    729
   637    730
   638    730
   639    730
   640    730
   641    730
   642    730
   643    730
   638    731
   639    731
   640    731
   641    731
   642    731
   643    731
   644    731
   639    732
   640    732
   641    732
   642    732
   643    732
   644    732
   645    732
   639    733
   640    733
   641    733
   642    733
   643    733
   644    733
   645    733
   646    733
   640    734
   641    734
   642    734
   643    734
   644    734
   645    734
   646    734
   640    735
   641    735
   642    735
   643    735
   644    735
   645    735
   646    735
   647    735
   641    736
   642    736
   643    736
   644    736
   645    736
   646    736
   647    736
   648    736
   642    737
   643    737
   644    737
   645    737
   646    737
   647    737
   648    737
   642    738
   643    738
   644    738
   645    738
   646    738
   647    738
   648    738
   649    738
   643    739
   644    739
   645    739
   646    739
   647    739
   648    739
   649    739
   650    739
   643    740
   644    740
   645    740
   646    740
   647    740
   648    740
   649    740
   650    740
   644    741
   645    741
   646    741
   647    741
   648    741
   649    741
   650    741
   651    741
   644    742
   645    742
   646    742
   647    742
   648    742
   649    742
   650    742
   651    742
   652    742
   645    743
   646    743
   647    743
   648    743
   649    743
   650    743
   651    743
   652    743
   645    744
   646    744
   647    744
   648    744
   649    744
   650    744
   651    744
   652    744
   653    744
   646    745
   647    745
   648    745
   649    745
   650    745
   651    745
   652    745
   653    745
   654    745
   646    746
   647    746
   648    746
   649    746
   650    746
   651    746
   652    746
   653    746
   654    746
   655    746
   648    747
   649    747
   650    747
   651    747
   652    747
   653    747
   654    747
   655    747
   648    748
   649    748
   650    748
   651    748
   652    748
   653    748
   654    748
   655    748
   656    748
   649    749
   650    749
   651    749
   652    749
   653    749
   654    749
   655    749
   656    749
   649    750
   650    750
   651    750
   652    750
   653    750
   654    750
   655    750
   656    750
   657    750
   650    751
   651    751
   652    751
   653    751
   654    751
   655    751
   656    751
   657    751
   658    751
   651    752
   652    752
   653    752
   654    752
   655    752
   656    752
   657    752
   658    752
   659    752
   651    753
   652    753
   653    753
   654    753
   655    753
   656    753
   657    753
   658    753
   659    753
   652    754
   653    754
   654    754
   655    754
   656    754
   657    754
   658    754
   659    754
   660    754
   653    755
   654    755
   655    755
   656    755
   657    755
   658    755
   659    755
   660    755
   661    755
   653    756
   654    756
   655    756
   656    756
   657    756
   658    756
   659    756
   660    756
   661    756
   662    756
   654    757
   655    757
   656    757
   657    757
   658    757
   659    757
   660    757
   661    757
   662    757
   655    758
   656    758
   657    758
   658    758
   659    758
   660    758
   661    758
   662    758
   663    758
   655    759
   656    759
   657    759
   658    759
   659    759
   660    759
   661    759
   662    759
   663    759
   664    759
   656    760
   657    760
   658    760
   659    760
   660    760
   661    760
   662    760
   663    760
   664    760
   657    761
   658    761
   659    761
   660    761
   661    761
   662    761
   663    761
   664    761
   665    761
   657    762
   658    762
   659    762
   660    762
   661    762
   662    762
   663    762
   664    762
   665    762
   666    762
   658    763
   659    763
   660    763
   661    763
   662    763
   663    763
   664    763
   665    763
   666    763
   667    763
   658    764
   659    764
   660    764
   661    764
   662    764
   663    764
   664    764
   665    764
   666    764
   667    764
   668    764
   659    765
   660    765
   661    765
   662    765
   663    765
   664    765
   665    765
   666    765
   667    765
   668    765
   660    766
   661    766
   662    766
   663    766
   664    766
   665    766
   666    766
   667    766
   668    766
   669    766
   660    767
   661    767
   662    767
   663    767
   664    767
   665    767
   666    767
   667    767
   668    767
   669    767
   670    767
   661    768
   662    768
   663    768
   664    768
   665    768
   666    768
   667    768
   668    768
   669    768
   670    768
   671    768
   662    769
   663    769
   664    769
   665    769
   666    769
   667    769
   668    769
   669    769
   670    769
   671    769
   662    770
   663    770
   664    770
   665    770
   666    770
   667    770
   668    770
   669    770
   670    770
   671    770
   672    770
   663    771
   664    771
   665    771
   666    771
   667    771
   668    771
   669    771
   670    771
   671    771
   672    771
   673    771
   664    772
   665    772
   666    772
   667    772
   668    772
   669    772
   670    772
   671    772
   672    772
   673    772
   664    773
   665    773
   666    773
   667    773
   668    773
   669    773
   670    773
   671    773
   672    773
   673    773
   674    773
   665    774
   666    774
   667    774
   668    774
   669    774
   670    774
   671    774
   672    774
   673    774
   674    774
   675    774
   666    775
   667    775
   668    775
   669    775
   670    775
   671    775
   672    775
   673    775
   674    775
   669    776
   671    776
   667    777
