   901    698
   901    699
   900    700
   901    700
   903    700
   900    701
   901    701
   900    702
   901    702
   900    703
   901    703
   900    704
   901    704
   900    705
   901    705
   900    706
   901    706
   902    706
   903    706
   899    707
   900    707
   901    707
   902    707
   899    708
   900    708
   901    708
   902    708
   895    709
   896    709
   898    709
   899    709
   900    709
   901    709
   902    709
   896    710
   897    710
   898    710
   899    710
   900    710
   901    710
   902    710
   897    711
   898    711
   899    711
   900    711
   901    711
   902    711
   903    711
   898    712
   899    712
   900    712
   901    712
   902    712
   898    713
   899    713
   900    713
   901    713
   902    713
   898    714
   899    714
   900    714
   901    714
   902    714
   898    715
   899    715
   897    716
   898    716
   899    716
   900    716
   897    717
   898    717
   899    717
   900    717
   901    717
   897    718
   898    718
   899    718
   900    718
   901    718
   896    719
   897    719
   898    719
   899    719
   900    719
   901    719
   896    720
   897    720
   898    720
   899    720
   896    721
   897    721
   898    721
   899    721
   896    722
   897    722
   898    722
   899    722
   896    723
   897    723
   898    723
   899    723
   896    724
   897    724
   898    724
   899    724
   895    725
   896    725
   897    725
   898    725
   899    725
   895    726
   896    726
   897    726
   898    726
   899    726
   895    727
   896    727
   897    727
   898    727
   899    727
   894    728
   895    728
   896    728
   897    728
   898    728
   899    728
   900    728
   894    729
   895    729
   896    729
   897    729
   898    729
   899    729
   900    729
   894    730
   895    730
   896    730
   897    730
   898    730
   899    730
   894    731
   895    731
   896    731
   897    731
   898    731
   899    731
   894    732
   895    732
   896    732
   897    732
   898    732
   899    732
   893    733
   894    733
   895    733
   896    733
   897    733
   898    733
   899    733
   893    734
   894    734
   895    734
   896    734
   897    734
   898    734
   899    734
   893    735
   894    735
   895    735
   896    735
   897    735
   898    735
   893    736
   894    736
   895    736
   896    736
   897    736
   898    736
   893    737
   894    737
   895    737
   896    737
   897    737
   898    737
   892    738
   893    738
   894    738
   895    738
   896    738
   897    738
   898    738
   892    739
   893    739
   894    739
   895    739
   896    739
   897    739
   891    740
   892    740
   893    740
   894    740
   895    740
   896    740
   897    740
   891    741
   892    741
   893    741
   894    741
   895    741
   891    742
   892    742
   893    742
   894    742
   895    742
   891    743
   892    743
   893    743
   894    743
   891    744
   892    744
   893    744
   894    744
   890    745
   891    745
   892    745
   893    745
   894    745
   890    746
   891    746
   892    746
   893    746
