  1376    712
  1377    712
  1378    712
  1379    712
  1380    712
  1381    712
  1382    712
  1384    712
  1385    712
  1386    712
  1366    713
  1367    713
  1368    713
  1369    713
  1370    713
  1371    713
  1372    713
  1373    713
  1374    713
  1375    713
  1376    713
  1377    713
  1359    714
  1360    714
  1361    714
  1362    714
  1363    714
  1364    714
  1365    714
  1366    714
  1367    714
  1368    714
  1369    714
  1370    714
  1371    714
  1372    714
  1373    714
  1374    714
  1375    714
  1376    714
  1377    714
  1378    714
  1379    714
  1380    714
  1355    715
  1356    715
  1357    715
  1358    715
  1359    715
  1360    715
  1361    715
  1362    715
  1363    715
  1364    715
  1365    715
  1366    715
  1367    715
  1368    715
  1369    715
  1370    715
  1371    715
  1372    715
  1373    715
  1374    715
  1334    716
  1335    716
  1336    716
  1340    716
  1356    716
  1357    716
  1358    716
  1359    716
  1360    716
  1361    716
  1362    716
  1363    716
  1364    716
  1366    716
  1326    717
  1327    717
  1328    717
  1329    717
  1330    717
  1338    717
  1339    717
  1340    717
  1341    717
  1344    717
  1319    718
  1320    718
  1321    718
  1322    718
  1323    718
  1332    718
  1333    718
  1334    718
  1335    718
  1336    718
  1337    718
  1338    718
  1339    718
  1340    718
  1341    718
  1303    719
  1304    719
  1305    719
  1306    719
  1307    719
  1308    719
  1328    719
  1329    719
  1330    719
  1331    719
  1332    719
  1333    719
  1334    719
  1335    719
  1336    719
  1337    719
  1338    719
  1341    719
  1342    719
  1298    720
  1299    720
  1300    720
  1301    720
  1302    720
  1303    720
  1304    720
  1319    720
  1320    720
  1321    720
  1322    720
  1323    720
  1330    720
  1331    720
  1333    720
  1334    720
  1277    721
  1278    721
  1279    721
  1280    721
  1281    721
  1282    721
  1283    721
  1284    721
  1285    721
  1286    721
  1287    721
  1288    721
  1289    721
  1290    721
  1291    721
  1292    721
  1293    721
  1294    721
  1295    721
  1296    721
  1297    721
  1298    721
  1299    721
  1300    721
  1301    721
  1302    721
  1303    721
  1308    721
  1309    721
  1310    721
  1311    721
  1312    721
  1313    721
  1314    721
  1316    721
  1317    721
  1318    721
  1319    721
  1266    722
  1267    722
  1268    722
  1269    722
  1270    722
  1271    722
  1272    722
  1273    722
  1274    722
  1275    722
  1276    722
  1277    722
  1278    722
  1279    722
  1280    722
  1281    722
  1282    722
  1283    722
  1284    722
  1285    722
  1286    722
  1287    722
  1288    722
  1289    722
  1290    722
  1291    722
  1292    722
  1293    722
  1294    722
  1295    722
  1296    722
  1297    722
  1298    722
  1299    722
  1300    722
  1301    722
  1303    722
  1304    722
  1305    722
  1306    722
  1307    722
  1308    722
  1309    722
  1310    722
  1311    722
  1253    723
  1254    723
  1255    723
  1266    723
  1267    723
  1268    723
  1269    723
  1270    723
  1271    723
  1272    723
  1273    723
  1274    723
  1275    723
  1276    723
  1277    723
  1278    723
  1279    723
  1280    723
  1281    723
  1282    723
  1283    723
  1284    723
  1285    723
  1286    723
  1287    723
  1288    723
  1289    723
  1290    723
  1291    723
  1292    723
  1293    723
  1294    723
  1295    723
  1296    723
  1297    723
  1298    723
  1299    723
  1300    723
  1301    723
  1302    723
  1303    723
  1304    723
  1305    723
  1306    723
  1307    723
  1251    724
  1252    724
  1253    724
  1254    724
  1281    724
  1282    724
  1283    724
  1284    724
  1285    724
  1286    724
  1287    724
  1288    724
  1289    724
  1290    724
  1291    724
  1292    724
  1293    724
  1301    724
  1302    724
  1303    724
  1304    724
  1305    724
  1240    725
  1241    725
  1242    725
  1243    725
  1244    725
  1245    725
  1246    725
  1247    725
  1248    725
  1249    725
  1250    725
  1280    725
  1281    725
  1282    725
  1283    725
  1284    725
  1285    725
  1286    725
  1219    726
  1220    726
  1221    726
  1222    726
  1223    726
  1225    726
  1226    726
  1227    726
  1228    726
  1229    726
  1230    726
  1231    726
  1232    726
  1233    726
  1234    726
  1235    726
  1236    726
  1237    726
  1238    726
  1239    726
  1240    726
  1241    726
  1242    726
  1243    726
  1244    726
  1245    726
  1259    726
  1260    726
  1261    726
  1262    726
  1263    726
  1264    726
  1265    726
  1266    726
  1270    726
  1271    726
  1272    726
  1273    726
  1274    726
  1275    726
  1276    726
  1277    726
  1278    726
  1279    726
  1280    726
  1281    726
  1282    726
  1283    726
  1284    726
  1285    726
  1286    726
  1287    726
  1288    726
  1206    727
  1207    727
  1208    727
  1209    727
  1210    727
  1211    727
  1212    727
  1213    727
  1224    727
  1225    727
  1226    727
  1227    727
  1228    727
  1229    727
  1230    727
  1231    727
  1232    727
  1233    727
  1251    727
  1252    727
  1253    727
  1254    727
  1255    727
  1256    727
  1257    727
  1258    727
  1259    727
  1264    727
  1265    727
  1266    727
  1267    727
  1268    727
  1269    727
  1270    727
  1271    727
  1276    727
  1277    727
  1278    727
  1279    727
  1280    727
  1281    727
  1282    727
  1283    727
  1284    727
  1195    728
  1196    728
  1197    728
  1198    728
  1199    728
  1200    728
  1201    728
  1211    728
  1212    728
  1246    728
  1247    728
  1248    728
  1249    728
  1250    728
  1251    728
  1252    728
  1253    728
  1254    728
  1255    728
  1259    728
  1260    728
  1261    728
  1262    728
  1263    728
  1264    728
  1265    728
  1266    728
  1271    728
  1272    728
  1273    728
  1276    728
  1277    728
  1278    728
  1279    728
  1193    729
  1194    729
  1195    729
  1196    729
  1197    729
  1198    729
  1199    729
  1200    729
  1239    729
  1240    729
  1241    729
  1242    729
  1243    729
  1244    729
  1245    729
  1246    729
  1247    729
  1248    729
  1252    729
  1253    729
  1254    729
  1255    729
  1256    729
  1257    729
  1258    729
  1259    729
  1260    729
  1261    729
  1266    729
  1267    729
  1268    729
  1269    729
  1270    729
  1271    729
  1272    729
  1273    729
  1190    730
  1191    730
  1192    730
  1193    730
  1194    730
  1195    730
  1232    730
  1233    730
  1234    730
  1235    730
  1244    730
  1245    730
  1246    730
  1247    730
  1248    730
  1249    730
  1250    730
  1251    730
  1252    730
  1261    730
  1262    730
  1263    730
  1264    730
  1265    730
  1266    730
  1267    730
  1268    730
  1224    731
  1225    731
  1226    731
  1227    731
  1228    731
  1229    731
  1230    731
  1231    731
  1232    731
  1233    731
  1234    731
  1240    731
  1241    731
  1242    731
  1243    731
  1244    731
  1245    731
  1246    731
  1247    731
  1253    731
  1254    731
  1255    731
  1256    731
  1257    731
  1258    731
  1259    731
  1260    731
  1261    731
  1222    732
  1223    732
  1224    732
  1225    732
  1226    732
  1227    732
  1228    732
  1241    732
  1247    732
  1248    732
  1249    732
  1250    732
  1251    732
  1252    732
  1253    732
  1254    732
  1255    732
  1228    733
  1229    733
  1230    733
  1231    733
  1232    733
  1233    733
  1234    733
  1222    734
  1223    734
  1224    734
  1225    734
  1226    734
  1227    734
  1228    734
  1229    734
  1202    735
  1203    735
  1204    735
  1205    735
  1206    735
  1207    735
  1208    735
  1209    735
  1210    735
  1217    735
  1218    735
  1219    735
  1220    735
  1221    735
  1222    735
  1223    735
  1224    735
  1225    735
  1233    735
  1198    736
  1199    736
  1200    736
  1201    736
  1202    736
  1203    736
  1204    736
  1205    736
  1206    736
  1207    736
  1212    736
  1213    736
  1214    736
  1215    736
  1216    736
  1217    736
  1218    736
  1219    736
  1220    736
  1227    736
  1228    736
  1229    736
  1230    736
  1231    736
  1232    736
  1233    736
  1192    737
  1193    737
  1194    737
  1195    737
  1196    737
  1197    737
  1198    737
  1199    737
  1200    737
  1207    737
  1208    737
  1209    737
  1210    737
  1211    737
  1212    737
  1213    737
  1214    737
  1215    737
  1221    737
  1222    737
  1223    737
  1224    737
  1225    737
  1226    737
  1227    737
  1228    737
  1229    737
  1187    738
  1188    738
  1189    738
  1190    738
  1191    738
  1192    738
  1193    738
  1194    738
  1195    738
  1196    738
  1203    738
  1204    738
  1205    738
  1206    738
  1207    738
  1208    738
  1209    738
  1210    738
  1217    738
  1218    738
  1219    738
  1220    738
  1221    738
  1222    738
  1223    738
  1224    738
  1225    738
  1183    739
  1184    739
  1185    739
  1186    739
  1187    739
  1188    739
  1189    739
  1190    739
  1191    739
  1199    739
  1200    739
  1201    739
  1202    739
  1203    739
  1204    739
  1205    739
  1206    739
  1212    739
  1213    739
  1214    739
  1215    739
  1216    739
  1217    739
  1218    739
  1219    739
  1220    739
  1221    739
  1177    740
  1178    740
  1179    740
  1180    740
  1181    740
  1182    740
  1183    740
  1184    740
  1185    740
  1186    740
  1194    740
  1195    740
  1196    740
  1197    740
  1198    740
  1199    740
  1200    740
  1201    740
  1208    740
  1209    740
  1210    740
  1211    740
  1212    740
  1213    740
  1214    740
  1215    740
  1216    740
  1174    741
  1175    741
  1176    741
  1177    741
  1178    741
  1179    741
  1180    741
  1181    741
  1182    741
  1189    741
  1190    741
  1191    741
  1192    741
  1193    741
  1194    741
  1195    741
  1196    741
  1197    741
  1204    741
  1205    741
  1206    741
  1207    741
  1208    741
  1209    741
  1210    741
  1211    741
  1212    741
  1168    742
  1169    742
  1170    742
  1171    742
  1172    742
  1173    742
  1174    742
  1175    742
  1176    742
  1177    742
  1185    742
  1186    742
  1187    742
  1188    742
  1189    742
  1190    742
  1191    742
  1192    742
  1200    742
  1201    742
  1202    742
  1203    742
  1204    742
  1205    742
  1206    742
  1207    742
  1208    742
  1167    743
  1168    743
  1169    743
  1170    743
  1171    743
  1172    743
  1173    743
  1180    743
  1181    743
  1182    743
  1183    743
  1184    743
  1185    743
  1186    743
  1187    743
  1188    743
  1196    743
  1197    743
  1198    743
  1199    743
  1200    743
  1201    743
  1202    743
  1203    743
  1204    743
  1167    744
  1177    744
  1178    744
  1179    744
  1180    744
  1181    744
  1182    744
  1183    744
  1184    744
  1185    744
  1197    744
  1198    744
  1199    744
  1200    744
  1201    744
  1172    745
  1173    745
  1174    745
  1175    745
  1176    745
  1177    745
  1178    745
  1179    745
  1180    745
  1169    746
  1170    746
  1171    746
  1172    746
  1173    746
  1174    746
  1175    746
  1176    746
  1165    747
  1166    747
  1167    747
  1168    747
  1169    747
  1170    747
  1171    747
  1172    747
  1153    748
  1154    748
  1161    748
  1162    748
  1163    748
  1164    748
  1165    748
  1166    748
  1167    748
  1168    748
  1169    748
  1170    748
  1178    748
  1179    748
  1180    748
  1181    748
  1182    748
  1183    748
  1145    749
  1146    749
  1147    749
  1148    749
  1149    749
  1158    749
  1159    749
  1160    749
  1161    749
  1162    749
  1163    749
  1164    749
  1165    749
  1166    749
  1167    749
  1175    749
  1176    749
  1177    749
  1178    749
  1179    749
  1141    750
  1142    750
  1143    750
  1144    750
  1145    750
  1146    750
  1155    750
  1156    750
  1157    750
  1158    750
  1159    750
  1160    750
  1161    750
  1162    750
  1163    750
  1172    750
  1173    750
  1174    750
  1175    750
  1176    750
  1177    750
  1178    750
  1179    750
  1180    750
  1181    750
  1139    751
  1140    751
  1141    751
  1142    751
  1152    751
  1153    751
  1154    751
  1155    751
  1156    751
  1157    751
  1158    751
  1159    751
  1160    751
  1168    751
  1169    751
  1170    751
  1171    751
  1172    751
  1173    751
  1174    751
  1175    751
  1176    751
  1177    751
  1178    751
  1138    752
  1139    752
  1149    752
  1150    752
  1151    752
  1152    752
  1153    752
  1154    752
  1155    752
  1156    752
  1157    752
  1166    752
  1167    752
  1168    752
  1169    752
  1170    752
  1171    752
  1172    752
  1173    752
  1174    752
  1146    753
  1147    753
  1148    753
  1149    753
  1150    753
  1151    753
  1152    753
  1153    753
  1154    753
  1163    753
  1164    753
  1165    753
  1166    753
  1167    753
  1168    753
  1169    753
  1170    753
  1171    753
  1143    754
  1144    754
  1145    754
  1146    754
  1147    754
  1148    754
  1149    754
  1150    754
  1151    754
  1160    754
  1161    754
  1162    754
  1163    754
  1164    754
  1165    754
  1166    754
  1167    754
  1168    754
  1169    754
  1140    755
  1141    755
  1142    755
  1143    755
  1144    755
  1145    755
  1146    755
  1147    755
  1148    755
  1157    755
  1158    755
  1159    755
  1160    755
  1161    755
  1162    755
  1163    755
  1164    755
  1165    755
  1166    755
  1138    756
  1139    756
  1140    756
  1141    756
  1143    756
  1144    756
  1145    756
  1154    756
  1155    756
  1156    756
  1157    756
  1158    756
  1159    756
  1160    756
  1161    756
  1162    756
  1163    756
  1164    756
  1135    757
  1136    757
  1137    757
  1138    757
  1139    757
  1140    757
  1141    757
  1142    757
  1143    757
  1152    757
  1153    757
  1154    757
  1155    757
  1156    757
  1157    757
  1158    757
  1159    757
  1160    757
  1161    757
  1133    758
  1134    758
  1135    758
  1136    758
  1137    758
  1139    758
  1140    758
  1151    758
  1152    758
  1153    758
  1154    758
  1155    758
  1156    758
  1157    758
  1158    758
  1159    758
  1160    758
  1130    759
  1131    759
  1132    759
  1133    759
  1134    759
  1135    759
  1136    759
  1137    759
  1152    759
  1153    759
  1154    759
  1155    759
  1156    759
  1157    759
  1128    760
  1129    760
  1130    760
  1131    760
  1132    760
  1135    760
  1152    760
  1153    760
  1154    760
  1155    760
  1126    761
  1127    761
  1128    761
  1129    761
  1130    761
  1131    761
  1132    761
  1133    761
  1124    762
  1125    762
  1126    762
  1127    762
  1128    762
  1129    762
  1130    762
  1131    762
  1122    763
  1123    763
  1124    763
  1125    763
  1126    763
  1127    763
  1128    763
  1119    764
  1120    764
  1121    764
  1122    764
  1123    764
  1124    764
  1125    764
  1126    764
  1117    765
  1118    765
  1119    765
  1120    765
  1121    765
  1122    765
  1123    765
  1124    765
  1114    766
  1115    766
  1116    766
  1117    766
  1118    766
  1119    766
  1120    766
  1121    766
  1122    766
  1132    766
  1133    766
  1134    766
  1135    766
  1136    766
  1137    766
  1138    766
  1139    766
  1111    767
  1112    767
  1113    767
  1114    767
  1115    767
  1116    767
  1117    767
  1118    767
  1119    767
  1120    767
  1129    767
  1130    767
  1131    767
  1132    767
  1133    767
  1134    767
  1135    767
  1136    767
  1137    767
  1110    768
  1111    768
  1112    768
  1113    768
  1114    768
  1115    768
  1116    768
  1117    768
  1127    768
  1128    768
  1129    768
  1130    768
  1131    768
  1132    768
  1133    768
  1134    768
  1135    768
  1136    768
  1137    768
  1138    768
  1108    769
  1109    769
  1110    769
  1111    769
  1112    769
  1113    769
  1114    769
  1115    769
  1125    769
  1126    769
  1127    769
  1128    769
  1129    769
  1130    769
  1131    769
  1132    769
  1133    769
  1134    769
  1135    769
  1136    769
  1106    770
  1107    770
  1108    770
  1109    770
  1110    770
  1111    770
  1112    770
  1113    770
  1123    770
  1124    770
  1125    770
  1126    770
  1127    770
  1128    770
  1129    770
  1130    770
  1131    770
  1132    770
  1133    770
  1134    770
  1104    771
  1105    771
  1106    771
  1107    771
  1108    771
  1109    771
  1110    771
  1111    771
  1112    771
  1121    771
  1122    771
  1123    771
  1124    771
  1125    771
  1126    771
  1127    771
  1128    771
  1129    771
  1130    771
  1131    771
  1132    771
  1104    772
  1105    772
  1106    772
  1107    772
  1108    772
  1109    772
  1119    772
  1120    772
  1121    772
  1122    772
  1123    772
  1124    772
  1125    772
  1126    772
  1127    772
  1128    772
  1129    772
  1130    772
  1103    773
  1104    773
  1105    773
  1106    773
  1107    773
  1108    773
  1117    773
  1118    773
  1119    773
  1120    773
  1121    773
  1122    773
  1123    773
  1124    773
  1125    773
  1126    773
  1127    773
  1128    773
  1100    774
  1101    774
  1102    774
  1103    774
  1104    774
  1105    774
  1106    774
  1115    774
  1116    774
  1117    774
  1118    774
  1119    774
  1120    774
  1121    774
  1122    774
  1123    774
  1124    774
  1125    774
  1126    774
  1099    775
  1100    775
  1101    775
  1102    775
  1103    775
  1104    775
  1113    775
  1114    775
  1115    775
  1116    775
  1117    775
  1118    775
  1119    775
  1120    775
  1121    775
  1122    775
  1123    775
  1124    775
  1125    775
  1094    776
  1095    776
  1096    776
  1098    776
  1099    776
  1100    776
  1102    776
  1111    776
  1112    776
  1113    776
  1114    776
  1115    776
  1116    776
  1117    776
  1118    776
  1119    776
  1120    776
  1121    776
  1122    776
  1123    776
  1095    777
  1096    777
  1097    777
  1098    777
  1099    777
  1100    777
  1110    777
  1111    777
  1112    777
  1113    777
  1114    777
  1115    777
  1116    777
  1117    777
  1118    777
  1119    777
  1120    777
  1121    777
  1122    777
  1094    778
  1095    778
  1096    778
  1097    778
  1098    778
  1108    778
  1109    778
  1110    778
  1111    778
  1112    778
  1113    778
  1114    778
  1115    778
  1116    778
  1117    778
  1118    778
  1119    778
  1120    778
  1093    779
  1094    779
  1095    779
  1096    779
  1097    779
  1107    779
  1108    779
  1109    779
  1110    779
  1111    779
  1112    779
  1113    779
  1114    779
  1115    779
  1116    779
  1117    779
  1118    779
  1091    780
  1092    780
  1093    780
  1094    780
  1105    780
  1106    780
  1107    780
  1108    780
  1109    780
  1110    780
  1111    780
  1112    780
  1113    780
  1114    780
  1115    780
  1116    780
  1117    780
  1089    781
  1090    781
  1091    781
  1092    781
  1093    781
  1103    781
  1104    781
  1105    781
  1106    781
  1107    781
  1108    781
  1109    781
  1110    781
  1111    781
  1112    781
  1113    781
  1114    781
  1115    781
  1085    782
  1086    782
  1087    782
  1088    782
  1089    782
  1090    782
  1091    782
  1102    782
  1103    782
  1104    782
  1105    782
  1106    782
  1107    782
  1108    782
  1109    782
  1110    782
  1111    782
  1112    782
  1113    782
  1085    783
  1086    783
  1087    783
  1088    783
  1103    783
  1104    783
  1105    783
  1106    783
  1107    783
  1108    783
  1109    783
  1110    783
  1111    783
  1112    783
  1084    784
  1085    784
  1086    784
  1105    784
  1106    784
  1107    784
  1108    784
  1109    784
  1110    784
  1083    785
  1084    785
  1080    786
  1081    786
  1082    786
  1083    786
  1084    786
  1078    787
  1079    787
  1080    787
  1081    787
  1082    787
  1083    787
  1078    788
  1079    788
  1080    788
  1081    788
  1082    788
  1076    789
  1077    789
  1078    789
  1079    789
  1080    789
  1073    790
  1074    790
  1075    790
  1076    790
  1077    790
  1078    790
  1079    790
  1072    791
  1073    791
  1074    791
  1075    791
  1076    791
  1077    791
  1068    792
  1071    792
  1072    792
  1073    792
  1074    792
  1075    792
  1065    793
  1066    793
  1067    793
  1068    793
  1069    793
  1070    793
  1071    793
  1072    793
  1073    793
  1074    793
  1086    793
  1087    793
  1088    793
  1089    793
  1090    793
  1091    793
  1092    793
  1093    793
  1094    793
  1095    793
  1096    793
  1065    794
  1066    794
  1067    794
  1068    794
  1069    794
  1070    794
  1071    794
  1072    794
  1085    794
  1086    794
  1087    794
  1088    794
  1089    794
  1090    794
  1091    794
  1092    794
  1093    794
  1094    794
  1095    794
  1064    795
  1065    795
  1066    795
  1067    795
  1068    795
  1069    795
  1070    795
  1071    795
  1072    795
  1083    795
  1084    795
  1085    795
  1086    795
  1087    795
  1088    795
  1089    795
  1090    795
  1091    795
  1092    795
  1093    795
  1094    795
  1095    795
  1096    795
  1097    795
  1062    796
  1063    796
  1064    796
  1065    796
  1066    796
  1067    796
  1068    796
  1069    796
  1070    796
  1071    796
  1082    796
  1083    796
  1084    796
  1085    796
  1086    796
  1087    796
  1088    796
  1089    796
  1090    796
  1091    796
  1092    796
  1093    796
  1094    796
  1095    796
  1096    796
  1060    797
  1061    797
  1062    797
  1063    797
  1064    797
  1065    797
  1066    797
  1067    797
  1068    797
  1069    797
  1081    797
  1082    797
  1083    797
  1084    797
  1085    797
  1086    797
  1087    797
  1088    797
  1089    797
  1090    797
  1091    797
  1092    797
  1093    797
  1094    797
  1057    798
  1058    798
  1059    798
  1060    798
  1061    798
  1062    798
  1063    798
  1064    798
  1065    798
  1066    798
  1067    798
  1068    798
  1080    798
  1081    798
  1082    798
  1083    798
  1084    798
  1085    798
  1086    798
  1087    798
  1088    798
  1089    798
  1090    798
  1091    798
  1092    798
  1093    798
  1056    799
  1057    799
  1058    799
  1059    799
  1060    799
  1061    799
  1062    799
  1063    799
  1064    799
  1065    799
  1066    799
  1079    799
  1080    799
  1081    799
  1082    799
  1083    799
  1084    799
  1085    799
  1086    799
  1087    799
  1088    799
  1089    799
  1090    799
  1091    799
  1092    799
  1055    800
  1056    800
  1057    800
  1058    800
  1059    800
  1060    800
  1061    800
  1062    800
  1063    800
  1064    800
  1078    800
  1079    800
  1080    800
  1082    800
  1083    800
  1084    800
  1085    800
  1086    800
  1087    800
  1088    800
  1089    800
  1090    800
  1091    800
  1056    801
  1057    801
  1058    801
  1059    801
  1060    801
  1061    801
  1062    801
  1063    801
  1064    801
  1077    801
  1078    801
  1079    801
  1080    801
  1081    801
  1082    801
  1083    801
  1084    801
  1085    801
  1086    801
  1087    801
  1088    801
  1089    801
  1090    801
  1054    802
  1055    802
  1056    802
  1057    802
  1058    802
  1059    802
  1060    802
  1061    802
  1062    802
  1076    802
  1077    802
  1078    802
  1079    802
  1080    802
  1081    802
  1082    802
  1083    802
  1084    802
  1085    802
  1086    802
  1087    802
  1088    802
  1089    802
  1051    803
  1052    803
  1053    803
  1054    803
  1055    803
  1056    803
  1057    803
  1058    803
  1059    803
  1060    803
  1061    803
  1075    803
  1076    803
  1077    803
  1078    803
  1079    803
  1080    803
  1081    803
  1082    803
  1083    803
  1084    803
  1085    803
  1086    803
  1087    803
  1088    803
  1049    804
  1050    804
  1051    804
  1052    804
  1053    804
  1054    804
  1055    804
  1056    804
  1057    804
  1058    804
  1059    804
  1074    804
  1075    804
  1076    804
  1078    804
  1079    804
  1080    804
  1081    804
  1082    804
  1083    804
  1084    804
  1085    804
  1086    804
  1087    804
  1047    805
  1048    805
  1049    805
  1050    805
  1051    805
  1052    805
  1053    805
  1054    805
  1055    805
  1056    805
  1057    805
  1058    805
  1072    805
  1073    805
  1074    805
  1075    805
  1076    805
  1077    805
  1078    805
  1079    805
  1080    805
  1081    805
  1082    805
  1083    805
  1084    805
  1085    805
  1086    805
  1046    806
  1047    806
  1048    806
  1049    806
  1050    806
  1051    806
  1052    806
  1053    806
  1054    806
  1055    806
  1056    806
  1057    806
  1072    806
  1073    806
  1074    806
  1076    806
  1077    806
  1078    806
  1079    806
  1080    806
  1081    806
  1082    806
  1083    806
  1084    806
  1085    806
  1045    807
  1046    807
  1047    807
  1048    807
  1049    807
  1050    807
  1051    807
  1052    807
  1053    807
  1054    807
  1055    807
  1056    807
  1071    807
  1072    807
  1073    807
  1074    807
  1075    807
  1076    807
  1077    807
  1078    807
  1079    807
  1080    807
  1081    807
  1082    807
  1083    807
  1084    807
  1043    808
  1044    808
  1045    808
  1046    808
  1047    808
  1048    808
  1049    808
  1050    808
  1051    808
  1052    808
  1054    808
  1055    808
  1070    808
  1071    808
  1072    808
  1073    808
  1074    808
  1075    808
  1076    808
  1077    808
  1078    808
  1079    808
  1080    808
  1081    808
  1082    808
  1083    808
  1084    808
  1042    809
  1043    809
  1044    809
  1045    809
  1046    809
  1047    809
  1048    809
  1049    809
  1050    809
  1051    809
  1052    809
  1053    809
  1054    809
  1069    809
  1070    809
  1071    809
  1073    809
  1074    809
  1075    809
  1076    809
  1077    809
  1078    809
  1079    809
  1080    809
  1081    809
  1082    809
  1083    809
  1041    810
  1042    810
  1043    810
  1044    810
  1045    810
  1046    810
  1047    810
  1048    810
  1049    810
  1050    810
  1051    810
  1052    810
  1053    810
  1068    810
  1069    810
  1070    810
  1072    810
  1073    810
  1074    810
  1075    810
  1076    810
  1077    810
  1078    810
  1079    810
  1080    810
  1081    810
  1040    811
  1041    811
  1042    811
  1043    811
  1044    811
  1045    811
  1046    811
  1047    811
  1048    811
  1049    811
  1050    811
  1051    811
  1052    811
  1068    811
  1069    811
  1071    811
  1072    811
  1073    811
  1074    811
  1075    811
  1076    811
  1077    811
  1078    811
  1080    811
  1081    811
  1039    812
  1040    812
  1041    812
  1042    812
  1043    812
  1044    812
  1045    812
  1046    812
  1047    812
  1048    812
  1049    812
  1050    812
  1051    812
  1067    812
  1068    812
  1071    812
  1072    812
  1073    812
  1074    812
  1075    812
  1076    812
  1039    813
  1042    813
  1043    813
  1044    813
  1045    813
  1046    813
  1047    813
  1049    813
  1050    813
  1071    813
  1072    813
  1074    813
  1076    813
  1077    813
  1039    814
  1040    814
  1041    814
  1042    814
  1043    814
  1044    814
  1045    814
  1046    814
  1047    814
  1048    814
  1049    814
  1069    814
  1070    814
  1071    814
  1041    815
  1042    815
  1043    815
  1044    815
  1045    815
  1046    815
  1048    815
