  1393    711
  1373    712
  1374    712
  1375    712
  1376    712
  1377    712
  1378    712
  1379    712
  1362    713
  1363    713
  1364    713
  1365    713
  1366    713
  1367    713
  1368    713
  1369    713
  1370    713
  1371    713
  1372    713
  1373    713
  1356    714
  1357    714
  1358    714
  1359    714
  1360    714
  1361    714
  1362    714
  1363    714
  1364    714
  1367    714
  1368    714
  1369    714
  1371    714
  1341    715
  1342    715
  1343    715
  1344    715
  1345    715
  1346    715
  1347    715
  1348    715
  1349    715
  1356    715
  1357    715
  1358    715
  1359    715
  1360    715
  1361    715
  1362    715
  1363    715
  1365    715
  1330    716
  1331    716
  1332    716
  1333    716
  1334    716
  1335    716
  1336    716
  1337    716
  1340    716
  1341    716
  1342    716
  1343    716
  1357    716
  1358    716
  1359    716
  1360    716
  1339    717
  1340    717
  1341    717
  1315    718
  1316    718
  1331    718
  1332    718
  1333    718
  1334    718
  1335    718
  1336    718
  1337    718
  1338    718
  1301    719
  1302    719
  1303    719
  1304    719
  1305    719
  1328    719
  1329    719
  1330    719
  1331    719
  1333    719
  1334    719
  1335    719
  1336    719
  1337    719
  1293    720
  1294    720
  1295    720
  1296    720
  1297    720
  1298    720
  1299    720
  1300    720
  1314    720
  1315    720
  1316    720
  1317    720
  1318    720
  1319    720
  1320    720
  1321    720
  1270    721
  1271    721
  1272    721
  1273    721
  1274    721
  1275    721
  1276    721
  1278    721
  1279    721
  1284    721
  1285    721
  1286    721
  1287    721
  1288    721
  1289    721
  1290    721
  1291    721
  1292    721
  1293    721
  1294    721
  1295    721
  1296    721
  1297    721
  1298    721
  1299    721
  1300    721
  1309    721
  1310    721
  1311    721
  1312    721
  1313    721
  1314    721
  1318    721
  1319    721
  1320    721
  1257    722
  1258    722
  1259    722
  1260    722
  1261    722
  1262    722
  1263    722
  1266    722
  1267    722
  1268    722
  1269    722
  1270    722
  1271    722
  1272    722
  1273    722
  1274    722
  1275    722
  1276    722
  1277    722
  1278    722
  1279    722
  1280    722
  1281    722
  1282    722
  1283    722
  1284    722
  1285    722
  1286    722
  1287    722
  1288    722
  1289    722
  1290    722
  1291    722
  1292    722
  1293    722
  1296    722
  1300    722
  1301    722
  1302    722
  1303    722
  1304    722
  1305    722
  1306    722
  1307    722
  1308    722
  1250    723
  1251    723
  1252    723
  1253    723
  1254    723
  1255    723
  1256    723
  1257    723
  1258    723
  1259    723
  1260    723
  1261    723
  1262    723
  1265    723
  1266    723
  1267    723
  1268    723
  1269    723
  1270    723
  1271    723
  1272    723
  1274    723
  1275    723
  1276    723
  1277    723
  1278    723
  1279    723
  1280    723
  1281    723
  1282    723
  1283    723
  1284    723
  1285    723
  1286    723
  1287    723
  1288    723
  1289    723
  1290    723
  1291    723
  1292    723
  1293    723
  1294    723
  1295    723
  1304    723
  1305    723
  1306    723
  1307    723
  1308    723
  1245    724
  1247    724
  1248    724
  1281    724
  1282    724
  1283    724
  1284    724
  1285    724
  1286    724
  1287    724
  1235    725
  1236    725
  1237    725
  1239    725
  1242    725
  1243    725
  1244    725
  1245    725
  1246    725
  1273    725
  1274    725
  1275    725
  1276    725
  1277    725
  1278    725
  1279    725
  1280    725
  1281    725
  1215    726
  1218    726
  1219    726
  1220    726
  1221    726
  1222    726
  1223    726
  1224    726
  1225    726
  1226    726
  1227    726
  1228    726
  1229    726
  1230    726
  1231    726
  1232    726
  1233    726
  1234    726
  1235    726
  1236    726
  1237    726
  1238    726
  1239    726
  1253    726
  1254    726
  1255    726
  1256    726
  1257    726
  1258    726
  1259    726
  1260    726
  1261    726
  1262    726
  1263    726
  1264    726
  1265    726
  1266    726
  1267    726
  1268    726
  1269    726
  1270    726
  1271    726
  1272    726
  1273    726
  1274    726
  1275    726
  1280    726
  1281    726
  1282    726
  1283    726
  1284    726
  1200    727
  1201    727
  1202    727
  1203    727
  1204    727
  1205    727
  1206    727
  1207    727
  1208    727
  1209    727
  1210    727
  1219    727
  1220    727
  1221    727
  1222    727
  1223    727
  1246    727
  1247    727
  1248    727
  1249    727
  1250    727
  1251    727
  1252    727
  1253    727
  1254    727
  1259    727
  1260    727
  1261    727
  1262    727
  1263    727
  1264    727
  1265    727
  1266    727
  1271    727
  1272    727
  1273    727
  1274    727
  1275    727
  1276    727
  1277    727
  1278    727
  1279    727
  1192    728
  1193    728
  1194    728
  1195    728
  1196    728
  1197    728
  1198    728
  1199    728
  1200    728
  1201    728
  1202    728
  1203    728
  1204    728
  1205    728
  1206    728
  1207    728
  1240    728
  1241    728
  1242    728
  1243    728
  1244    728
  1245    728
  1246    728
  1247    728
  1248    728
  1249    728
  1253    728
  1254    728
  1255    728
  1256    728
  1257    728
  1258    728
  1259    728
  1260    728
  1266    728
  1267    728
  1268    728
  1269    728
  1270    728
  1271    728
  1272    728
  1273    728
  1180    729
  1181    729
  1182    729
  1183    729
  1193    729
  1194    729
  1196    729
  1197    729
  1198    729
  1232    729
  1233    729
  1234    729
  1235    729
  1236    729
  1237    729
  1238    729
  1239    729
  1240    729
  1247    729
  1248    729
  1249    729
  1250    729
  1251    729
  1252    729
  1253    729
  1261    729
  1262    729
  1263    729
  1264    729
  1265    729
  1266    729
  1267    729
  1268    729
  1180    730
  1181    730
  1182    730
  1183    730
  1226    730
  1227    730
  1228    730
  1229    730
  1230    730
  1231    730
  1232    730
  1233    730
  1234    730
  1240    730
  1241    730
  1242    730
  1243    730
  1244    730
  1245    730
  1246    730
  1254    730
  1255    730
  1256    730
  1257    730
  1258    730
  1259    730
  1260    730
  1261    730
  1262    730
  1263    730
  1221    731
  1222    731
  1223    731
  1224    731
  1225    731
  1226    731
  1227    731
  1228    731
  1229    731
  1235    731
  1247    731
  1248    731
  1249    731
  1250    731
  1251    731
  1252    731
  1254    731
  1255    731
  1229    732
  1230    732
  1231    732
  1232    732
  1244    732
  1245    732
  1246    732
  1247    732
  1222    733
  1223    733
  1224    733
  1225    733
  1226    733
  1227    733
  1228    733
  1204    734
  1205    734
  1206    734
  1207    734
  1208    734
  1217    734
  1218    734
  1219    734
  1220    734
  1221    734
  1222    734
  1223    734
  1224    734
  1197    735
  1198    735
  1199    735
  1200    735
  1201    735
  1202    735
  1203    735
  1204    735
  1205    735
  1206    735
  1212    735
  1213    735
  1214    735
  1215    735
  1216    735
  1217    735
  1218    735
  1219    735
  1220    735
  1226    735
  1227    735
  1228    735
  1229    735
  1230    735
  1231    735
  1193    736
  1194    736
  1195    736
  1196    736
  1197    736
  1198    736
  1199    736
  1200    736
  1201    736
  1207    736
  1208    736
  1209    736
  1210    736
  1211    736
  1212    736
  1213    736
  1214    736
  1222    736
  1223    736
  1224    736
  1225    736
  1226    736
  1227    736
  1228    736
  1229    736
  1230    736
  1188    737
  1189    737
  1190    737
  1191    737
  1192    737
  1193    737
  1194    737
  1195    737
  1196    737
  1203    737
  1204    737
  1205    737
  1206    737
  1207    737
  1208    737
  1209    737
  1210    737
  1217    737
  1218    737
  1219    737
  1220    737
  1221    737
  1222    737
  1223    737
  1224    737
  1183    738
  1184    738
  1185    738
  1186    738
  1187    738
  1188    738
  1189    738
  1190    738
  1191    738
  1198    738
  1199    738
  1200    738
  1201    738
  1202    738
  1203    738
  1204    738
  1205    738
  1212    738
  1213    738
  1214    738
  1215    738
  1216    738
  1217    738
  1218    738
  1219    738
  1220    738
  1177    739
  1178    739
  1179    739
  1180    739
  1181    739
  1182    739
  1183    739
  1184    739
  1185    739
  1193    739
  1194    739
  1195    739
  1196    739
  1197    739
  1198    739
  1199    739
  1200    739
  1201    739
  1208    739
  1209    739
  1210    739
  1211    739
  1212    739
  1213    739
  1214    739
  1215    739
  1172    740
  1173    740
  1174    740
  1175    740
  1176    740
  1177    740
  1178    740
  1179    740
  1180    740
  1181    740
  1189    740
  1190    740
  1191    740
  1192    740
  1193    740
  1194    740
  1195    740
  1196    740
  1203    740
  1204    740
  1205    740
  1206    740
  1207    740
  1208    740
  1209    740
  1210    740
  1168    741
  1169    741
  1170    741
  1171    741
  1172    741
  1173    741
  1174    741
  1175    741
  1176    741
  1184    741
  1185    741
  1186    741
  1187    741
  1188    741
  1189    741
  1190    741
  1191    741
  1199    741
  1200    741
  1201    741
  1202    741
  1203    741
  1204    741
  1205    741
  1206    741
  1163    742
  1164    742
  1165    742
  1166    742
  1167    742
  1168    742
  1169    742
  1170    742
  1171    742
  1172    742
  1180    742
  1181    742
  1182    742
  1183    742
  1187    742
  1188    742
  1195    742
  1196    742
  1197    742
  1198    742
  1199    742
  1200    742
  1201    742
  1202    742
  1203    742
  1162    743
  1163    743
  1164    743
  1165    743
  1166    743
  1167    743
  1168    743
  1175    743
  1176    743
  1177    743
  1178    743
  1179    743
  1180    743
  1181    743
  1182    743
  1183    743
  1191    743
  1192    743
  1193    743
  1194    743
  1195    743
  1196    743
  1197    743
  1198    743
  1199    743
  1172    744
  1173    744
  1174    744
  1175    744
  1176    744
  1177    744
  1178    744
  1179    744
  1168    745
  1169    745
  1170    745
  1171    745
  1172    745
  1173    745
  1174    745
  1175    745
  1164    746
  1165    746
  1166    746
  1167    746
  1168    746
  1169    746
  1170    746
  1171    746
  1144    747
  1145    747
  1146    747
  1147    747
  1148    747
  1149    747
  1150    747
  1151    747
  1152    747
  1161    747
  1162    747
  1163    747
  1164    747
  1165    747
  1166    747
  1167    747
  1168    747
  1140    748
  1141    748
  1142    748
  1143    748
  1144    748
  1145    748
  1146    748
  1147    748
  1148    748
  1149    748
  1157    748
  1160    748
  1161    748
  1162    748
  1163    748
  1164    748
  1165    748
  1173    748
  1174    748
  1175    748
  1176    748
  1137    749
  1138    749
  1139    749
  1140    749
  1141    749
  1142    749
  1143    749
  1144    749
  1145    749
  1153    749
  1154    749
  1155    749
  1156    749
  1158    749
  1159    749
  1160    749
  1161    749
  1170    749
  1171    749
  1172    749
  1173    749
  1174    749
  1175    749
  1133    750
  1134    750
  1135    750
  1136    750
  1137    750
  1138    750
  1139    750
  1140    750
  1141    750
  1142    750
  1150    750
  1151    750
  1152    750
  1153    750
  1154    750
  1155    750
  1156    750
  1157    750
  1158    750
  1167    750
  1168    750
  1169    750
  1170    750
  1171    750
  1172    750
  1173    750
  1174    750
  1175    750
  1176    750
  1130    751
  1131    751
  1132    751
  1133    751
  1134    751
  1135    751
  1136    751
  1137    751
  1138    751
  1139    751
  1147    751
  1148    751
  1149    751
  1150    751
  1151    751
  1152    751
  1153    751
  1154    751
  1155    751
  1156    751
  1164    751
  1165    751
  1166    751
  1167    751
  1168    751
  1170    751
  1171    751
  1172    751
  1173    751
  1127    752
  1128    752
  1129    752
  1130    752
  1131    752
  1132    752
  1133    752
  1134    752
  1135    752
  1136    752
  1144    752
  1145    752
  1146    752
  1147    752
  1148    752
  1149    752
  1150    752
  1151    752
  1152    752
  1153    752
  1161    752
  1162    752
  1163    752
  1164    752
  1165    752
  1166    752
  1167    752
  1168    752
  1169    752
  1124    753
  1125    753
  1126    753
  1127    753
  1128    753
  1129    753
  1130    753
  1131    753
  1132    753
  1133    753
  1141    753
  1142    753
  1143    753
  1144    753
  1145    753
  1146    753
  1147    753
  1148    753
  1149    753
  1158    753
  1159    753
  1160    753
  1161    753
  1162    753
  1163    753
  1164    753
  1165    753
  1166    753
  1167    753
  1120    754
  1121    754
  1122    754
  1123    754
  1124    754
  1125    754
  1126    754
  1127    754
  1128    754
  1129    754
  1130    754
  1138    754
  1139    754
  1140    754
  1141    754
  1142    754
  1143    754
  1144    754
  1145    754
  1146    754
  1155    754
  1156    754
  1157    754
  1158    754
  1159    754
  1160    754
  1161    754
  1162    754
  1163    754
  1164    754
  1117    755
  1118    755
  1119    755
  1120    755
  1121    755
  1122    755
  1123    755
  1124    755
  1125    755
  1126    755
  1127    755
  1135    755
  1136    755
  1137    755
  1138    755
  1139    755
  1140    755
  1141    755
  1142    755
  1143    755
  1153    755
  1154    755
  1155    755
  1156    755
  1157    755
  1158    755
  1159    755
  1160    755
  1161    755
  1162    755
  1115    756
  1116    756
  1117    756
  1118    756
  1119    756
  1120    756
  1121    756
  1122    756
  1123    756
  1124    756
  1133    756
  1134    756
  1135    756
  1136    756
  1139    756
  1140    756
  1150    756
  1151    756
  1152    756
  1153    756
  1154    756
  1155    756
  1156    756
  1157    756
  1158    756
  1159    756
  1160    756
  1112    757
  1113    757
  1114    757
  1115    757
  1116    757
  1117    757
  1118    757
  1119    757
  1120    757
  1121    757
  1122    757
  1130    757
  1131    757
  1132    757
  1133    757
  1134    757
  1135    757
  1137    757
  1138    757
  1148    757
  1149    757
  1150    757
  1151    757
  1152    757
  1153    757
  1154    757
  1155    757
  1156    757
  1157    757
  1109    758
  1110    758
  1111    758
  1112    758
  1113    758
  1114    758
  1115    758
  1116    758
  1117    758
  1118    758
  1119    758
  1127    758
  1128    758
  1129    758
  1130    758
  1131    758
  1132    758
  1133    758
  1134    758
  1135    758
  1136    758
  1146    758
  1147    758
  1148    758
  1149    758
  1150    758
  1151    758
  1152    758
  1153    758
  1154    758
  1155    758
  1110    759
  1111    759
  1112    759
  1113    759
  1114    759
  1115    759
  1116    759
  1125    759
  1126    759
  1127    759
  1128    759
  1129    759
  1130    759
  1131    759
  1132    759
  1133    759
  1134    759
  1149    759
  1150    759
  1151    759
  1152    759
  1122    760
  1123    760
  1124    760
  1125    760
  1126    760
  1127    760
  1128    760
  1129    760
  1130    760
  1131    760
  1120    761
  1121    761
  1122    761
  1123    761
  1124    761
  1125    761
  1126    761
  1127    761
  1128    761
  1129    761
  1118    762
  1119    762
  1120    762
  1121    762
  1122    762
  1123    762
  1124    762
  1125    762
  1126    762
  1116    763
  1117    763
  1118    763
  1119    763
  1120    763
  1121    763
  1122    763
  1123    763
  1124    763
  1113    764
  1114    764
  1115    764
  1116    764
  1117    764
  1118    764
  1119    764
  1120    764
  1121    764
  1122    764
  1091    765
  1092    765
  1093    765
  1094    765
  1095    765
  1096    765
  1097    765
  1110    765
  1111    765
  1112    765
  1113    765
  1114    765
  1115    765
  1116    765
  1117    765
  1118    765
  1119    765
  1129    765
  1130    765
  1131    765
  1132    765
  1133    765
  1134    765
  1135    765
  1136    765
  1088    766
  1089    766
  1090    766
  1091    766
  1092    766
  1093    766
  1094    766
  1095    766
  1096    766
  1097    766
  1098    766
  1099    766
  1108    766
  1109    766
  1110    766
  1111    766
  1112    766
  1113    766
  1114    766
  1115    766
  1116    766
  1117    766
  1126    766
  1127    766
  1128    766
  1129    766
  1130    766
  1131    766
  1132    766
  1133    766
  1134    766
  1135    766
  1086    767
  1087    767
  1088    767
  1089    767
  1090    767
  1091    767
  1092    767
  1093    767
  1094    767
  1095    767
  1096    767
  1105    767
  1106    767
  1107    767
  1108    767
  1109    767
  1110    767
  1111    767
  1112    767
  1113    767
  1114    767
  1115    767
  1124    767
  1125    767
  1126    767
  1127    767
  1128    767
  1129    767
  1130    767
  1131    767
  1132    767
  1133    767
  1134    767
  1135    767
  1083    768
  1084    768
  1085    768
  1086    768
  1087    768
  1088    768
  1089    768
  1090    768
  1091    768
  1092    768
  1093    768
  1103    768
  1104    768
  1105    768
  1106    768
  1107    768
  1108    768
  1109    768
  1110    768
  1111    768
  1112    768
  1113    768
  1122    768
  1123    768
  1124    768
  1125    768
  1126    768
  1127    768
  1128    768
  1129    768
  1130    768
  1131    768
  1132    768
  1133    768
  1080    769
  1081    769
  1082    769
  1083    769
  1084    769
  1085    769
  1086    769
  1087    769
  1088    769
  1089    769
  1090    769
  1091    769
  1102    769
  1103    769
  1104    769
  1105    769
  1106    769
  1107    769
  1108    769
  1109    769
  1110    769
  1111    769
  1120    769
  1121    769
  1122    769
  1123    769
  1124    769
  1125    769
  1126    769
  1127    769
  1128    769
  1129    769
  1130    769
  1078    770
  1079    770
  1080    770
  1081    770
  1082    770
  1083    770
  1084    770
  1085    770
  1086    770
  1087    770
  1088    770
  1089    770
  1100    770
  1101    770
  1102    770
  1103    770
  1104    770
  1105    770
  1106    770
  1107    770
  1108    770
  1109    770
  1118    770
  1119    770
  1120    770
  1121    770
  1122    770
  1123    770
  1124    770
  1125    770
  1126    770
  1127    770
  1128    770
  1129    770
  1075    771
  1076    771
  1077    771
  1078    771
  1079    771
  1080    771
  1081    771
  1082    771
  1083    771
  1084    771
  1085    771
  1086    771
  1097    771
  1098    771
  1099    771
  1100    771
  1101    771
  1102    771
  1103    771
  1104    771
  1105    771
  1106    771
  1107    771
  1116    771
  1117    771
  1118    771
  1119    771
  1120    771
  1121    771
  1122    771
  1123    771
  1124    771
  1125    771
  1126    771
  1127    771
  1073    772
  1074    772
  1075    772
  1076    772
  1077    772
  1078    772
  1079    772
  1080    772
  1081    772
  1082    772
  1083    772
  1084    772
  1095    772
  1096    772
  1097    772
  1098    772
  1099    772
  1100    772
  1101    772
  1102    772
  1103    772
  1104    772
  1105    772
  1114    772
  1115    772
  1116    772
  1117    772
  1118    772
  1119    772
  1120    772
  1121    772
  1122    772
  1123    772
  1124    772
  1125    772
  1071    773
  1072    773
  1073    773
  1074    773
  1075    773
  1076    773
  1077    773
  1078    773
  1079    773
  1080    773
  1081    773
  1082    773
  1093    773
  1094    773
  1095    773
  1096    773
  1097    773
  1098    773
  1099    773
  1100    773
  1101    773
  1102    773
  1103    773
  1112    773
  1113    773
  1114    773
  1115    773
  1116    773
  1117    773
  1118    773
  1119    773
  1120    773
  1121    773
  1122    773
  1123    773
  1069    774
  1070    774
  1071    774
  1072    774
  1073    774
  1074    774
  1075    774
  1076    774
  1077    774
  1078    774
  1079    774
  1080    774
  1091    774
  1092    774
  1093    774
  1094    774
  1095    774
  1096    774
  1097    774
  1098    774
  1099    774
  1100    774
  1101    774
  1102    774
  1111    774
  1112    774
  1113    774
  1114    774
  1115    774
  1116    774
  1117    774
  1118    774
  1119    774
  1120    774
  1121    774
  1067    775
  1068    775
  1069    775
  1070    775
  1071    775
  1072    775
  1073    775
  1074    775
  1075    775
  1076    775
  1077    775
  1078    775
  1089    775
  1090    775
  1091    775
  1092    775
  1093    775
  1094    775
  1095    775
  1096    775
  1097    775
  1098    775
  1099    775
  1100    775
  1109    775
  1110    775
  1111    775
  1112    775
  1113    775
  1114    775
  1115    775
  1116    775
  1117    775
  1118    775
  1119    775
  1120    775
  1064    776
  1065    776
  1066    776
  1067    776
  1068    776
  1069    776
  1070    776
  1071    776
  1072    776
  1073    776
  1074    776
  1075    776
  1076    776
  1087    776
  1088    776
  1089    776
  1090    776
  1091    776
  1092    776
  1093    776
  1094    776
  1095    776
  1096    776
  1097    776
  1107    776
  1108    776
  1109    776
  1110    776
  1111    776
  1112    776
  1113    776
  1114    776
  1115    776
  1116    776
  1117    776
  1118    776
  1063    777
  1064    777
  1065    777
  1066    777
  1067    777
  1068    777
  1069    777
  1070    777
  1071    777
  1072    777
  1073    777
  1074    777
  1085    777
  1086    777
  1087    777
  1088    777
  1089    777
  1090    777
  1091    777
  1092    777
  1093    777
  1094    777
  1095    777
  1096    777
  1105    777
  1106    777
  1107    777
  1108    777
  1109    777
  1110    777
  1111    777
  1112    777
  1113    777
  1114    777
  1115    777
  1116    777
  1060    778
  1061    778
  1062    778
  1063    778
  1064    778
  1065    778
  1066    778
  1067    778
  1068    778
  1069    778
  1070    778
  1071    778
  1072    778
  1083    778
  1084    778
  1085    778
  1086    778
  1087    778
  1088    778
  1089    778
  1090    778
  1091    778
  1092    778
  1093    778
  1094    778
  1104    778
  1105    778
  1106    778
  1107    778
  1108    778
  1109    778
  1110    778
  1111    778
  1112    778
  1113    778
  1114    778
  1115    778
  1059    779
  1060    779
  1061    779
  1062    779
  1063    779
  1064    779
  1065    779
  1066    779
  1067    779
  1068    779
  1069    779
  1070    779
  1082    779
  1083    779
  1084    779
  1085    779
  1086    779
  1087    779
  1088    779
  1089    779
  1090    779
  1091    779
  1092    779
  1103    779
  1104    779
  1105    779
  1106    779
  1107    779
  1108    779
  1109    779
  1110    779
  1111    779
  1112    779
  1113    779
  1057    780
  1058    780
  1059    780
  1060    780
  1061    780
  1062    780
  1063    780
  1064    780
  1065    780
  1066    780
  1067    780
  1068    780
  1080    780
  1081    780
  1082    780
  1083    780
  1084    780
  1085    780
  1086    780
  1087    780
  1088    780
  1089    780
  1090    780
  1101    780
  1102    780
  1103    780
  1104    780
  1105    780
  1106    780
  1107    780
  1108    780
  1109    780
  1110    780
  1111    780
  1112    780
  1055    781
  1056    781
  1057    781
  1058    781
  1059    781
  1060    781
  1061    781
  1062    781
  1063    781
  1064    781
  1065    781
  1066    781
  1078    781
  1079    781
  1080    781
  1081    781
  1082    781
  1083    781
  1084    781
  1085    781
  1086    781
  1087    781
  1088    781
  1100    781
  1101    781
  1102    781
  1103    781
  1104    781
  1105    781
  1106    781
  1107    781
  1108    781
  1109    781
  1110    781
  1055    782
  1056    782
  1057    782
  1058    782
  1059    782
  1060    782
  1061    782
  1062    782
  1063    782
  1064    782
  1065    782
  1076    782
  1077    782
  1078    782
  1079    782
  1080    782
  1081    782
  1082    782
  1083    782
  1084    782
  1085    782
  1086    782
  1087    782
  1100    782
  1101    782
  1102    782
  1103    782
  1104    782
  1105    782
  1106    782
  1107    782
  1108    782
  1109    782
  1075    783
  1076    783
  1077    783
  1078    783
  1079    783
  1080    783
  1081    783
  1082    783
  1083    783
  1084    783
  1085    783
  1100    783
  1101    783
  1102    783
  1103    783
  1104    783
  1105    783
  1106    783
  1107    783
  1072    784
  1073    784
  1074    784
  1075    784
  1076    784
  1077    784
  1078    784
  1079    784
  1080    784
  1081    784
  1082    784
  1071    785
  1072    785
  1073    785
  1074    785
  1075    785
  1076    785
  1077    785
  1078    785
  1079    785
  1080    785
  1081    785
  1069    786
  1070    786
  1071    786
  1072    786
  1073    786
  1074    786
  1075    786
  1076    786
  1077    786
  1078    786
  1079    786
  1080    786
  1068    787
  1069    787
  1070    787
  1071    787
  1072    787
  1073    787
  1074    787
  1075    787
  1076    787
  1077    787
  1078    787
  1079    787
  1066    788
  1067    788
  1068    788
  1069    788
  1070    788
  1071    788
  1072    788
  1073    788
  1074    788
  1075    788
  1076    788
  1077    788
  1065    789
  1066    789
  1067    789
  1068    789
  1069    789
  1070    789
  1071    789
  1072    789
  1073    789
  1074    789
  1075    789
  1037    790
  1038    790
  1039    790
  1040    790
  1041    790
  1042    790
  1043    790
  1044    790
  1045    790
  1063    790
  1064    790
  1065    790
  1066    790
  1067    790
  1068    790
  1069    790
  1070    790
  1071    790
  1072    790
  1073    790
  1074    790
  1035    791
  1036    791
  1037    791
  1038    791
  1039    791
  1040    791
  1041    791
  1042    791
  1043    791
  1044    791
  1062    791
  1063    791
  1064    791
  1065    791
  1066    791
  1067    791
  1068    791
  1069    791
  1070    791
  1071    791
  1072    791
  1085    791
  1086    791
  1087    791
  1088    791
  1089    791
  1090    791
  1091    791
  1092    791
  1093    791
  1034    792
  1035    792
  1036    792
  1037    792
  1038    792
  1039    792
  1040    792
  1041    792
  1042    792
  1043    792
  1044    792
  1060    792
  1061    792
  1062    792
  1063    792
  1064    792
  1065    792
  1066    792
  1067    792
  1068    792
  1069    792
  1070    792
  1071    792
  1083    792
  1084    792
  1085    792
  1086    792
  1087    792
  1088    792
  1089    792
  1090    792
  1091    792
  1092    792
  1093    792
  1032    793
  1033    793
  1034    793
  1035    793
  1036    793
  1037    793
  1038    793
  1039    793
  1040    793
  1041    793
  1042    793
  1043    793
  1044    793
  1058    793
  1059    793
  1060    793
  1061    793
  1062    793
  1063    793
  1064    793
  1065    793
  1066    793
  1067    793
  1068    793
  1069    793
  1070    793
  1081    793
  1082    793
  1083    793
  1084    793
  1085    793
  1086    793
  1087    793
  1088    793
  1089    793
  1090    793
  1091    793
  1092    793
  1093    793
  1030    794
  1031    794
  1032    794
  1033    794
  1034    794
  1035    794
  1036    794
  1037    794
  1038    794
  1039    794
  1040    794
  1041    794
  1042    794
  1057    794
  1058    794
  1059    794
  1060    794
  1061    794
  1062    794
  1063    794
  1064    794
  1065    794
  1066    794
  1067    794
  1068    794
  1080    794
  1081    794
  1082    794
  1083    794
  1084    794
  1085    794
  1086    794
  1087    794
  1088    794
  1089    794
  1090    794
  1091    794
  1092    794
  1093    794
  1028    795
  1029    795
  1030    795
  1031    795
  1032    795
  1033    795
  1034    795
  1035    795
  1036    795
  1037    795
  1038    795
  1039    795
  1040    795
  1041    795
  1056    795
  1057    795
  1058    795
  1059    795
  1060    795
  1061    795
  1062    795
  1063    795
  1064    795
  1065    795
  1066    795
  1067    795
  1079    795
  1080    795
  1081    795
  1082    795
  1083    795
  1084    795
  1085    795
  1086    795
  1087    795
  1088    795
  1089    795
  1090    795
  1091    795
  1092    795
  1027    796
  1028    796
  1029    796
  1030    796
  1031    796
  1032    796
  1033    796
  1034    796
  1035    796
  1036    796
  1037    796
  1038    796
  1039    796
  1054    796
  1055    796
  1056    796
  1057    796
  1058    796
  1059    796
  1060    796
  1061    796
  1062    796
  1063    796
  1064    796
  1065    796
  1078    796
  1079    796
  1080    796
  1081    796
  1082    796
  1083    796
  1084    796
  1085    796
  1086    796
  1087    796
  1088    796
  1089    796
  1090    796
  1091    796
  1025    797
  1026    797
  1027    797
  1028    797
  1029    797
  1030    797
  1031    797
  1032    797
  1033    797
  1034    797
  1035    797
  1036    797
  1037    797
  1038    797
  1053    797
  1054    797
  1055    797
  1056    797
  1057    797
  1058    797
  1059    797
  1060    797
  1061    797
  1062    797
  1063    797
  1064    797
  1077    797
  1078    797
  1079    797
  1080    797
  1081    797
  1082    797
  1083    797
  1084    797
  1085    797
  1086    797
  1087    797
  1088    797
  1089    797
  1023    798
  1024    798
  1025    798
  1026    798
  1027    798
  1028    798
  1029    798
  1030    798
  1031    798
  1032    798
  1033    798
  1034    798
  1035    798
  1036    798
  1052    798
  1053    798
  1054    798
  1055    798
  1056    798
  1057    798
  1058    798
  1059    798
  1060    798
  1061    798
  1062    798
  1075    798
  1076    798
  1077    798
  1078    798
  1079    798
  1080    798
  1081    798
  1082    798
  1083    798
  1084    798
  1085    798
  1086    798
  1087    798
  1088    798
  1089    798
  1022    799
  1023    799
  1024    799
  1025    799
  1026    799
  1027    799
  1028    799
  1029    799
  1030    799
  1031    799
  1032    799
  1033    799
  1034    799
  1035    799
  1050    799
  1051    799
  1052    799
  1053    799
  1054    799
  1055    799
  1056    799
  1057    799
  1058    799
  1059    799
  1060    799
  1061    799
  1074    799
  1075    799
  1076    799
  1077    799
  1078    799
  1079    799
  1080    799
  1081    799
  1082    799
  1083    799
  1084    799
  1085    799
  1086    799
  1087    799
  1021    800
  1022    800
  1023    800
  1024    800
  1025    800
  1026    800
  1027    800
  1028    800
  1029    800
  1030    800
  1031    800
  1032    800
  1033    800
  1049    800
  1050    800
  1051    800
  1052    800
  1053    800
  1054    800
  1055    800
  1056    800
  1058    800
  1059    800
  1060    800
  1073    800
  1074    800
  1075    800
  1077    800
  1078    800
  1079    800
  1080    800
  1081    800
  1082    800
  1083    800
  1084    800
  1085    800
  1086    800
  1087    800
  1019    801
  1020    801
  1021    801
  1022    801
  1023    801
  1024    801
  1025    801
  1026    801
  1027    801
  1028    801
  1029    801
  1030    801
  1031    801
  1032    801
  1048    801
  1049    801
  1050    801
  1051    801
  1052    801
  1053    801
  1054    801
  1055    801
  1056    801
  1057    801
  1058    801
  1059    801
  1072    801
  1073    801
  1074    801
  1076    801
  1077    801
  1078    801
  1079    801
  1080    801
  1081    801
  1082    801
  1083    801
  1084    801
  1018    802
  1019    802
  1020    802
  1021    802
  1022    802
  1023    802
  1024    802
  1025    802
  1026    802
  1027    802
  1028    802
  1029    802
  1030    802
  1031    802
  1046    802
  1047    802
  1048    802
  1049    802
  1050    802
  1051    802
  1052    802
  1053    802
  1054    802
  1055    802
  1056    802
  1057    802
  1071    802
  1072    802
  1073    802
  1075    802
  1076    802
  1077    802
  1078    802
  1079    802
  1080    802
  1081    802
  1082    802
  1083    802
  1016    803
  1017    803
  1018    803
  1019    803
  1020    803
  1021    803
  1022    803
  1023    803
  1024    803
  1025    803
  1026    803
  1027    803
  1028    803
  1029    803
  1045    803
  1046    803
  1047    803
  1048    803
  1049    803
  1050    803
  1051    803
  1052    803
  1053    803
  1054    803
  1055    803
  1056    803
  1070    803
  1071    803
  1072    803
  1074    803
  1075    803
  1076    803
  1077    803
  1078    803
  1079    803
  1080    803
  1081    803
  1082    803
  1014    804
  1015    804
  1016    804
  1017    804
  1018    804
  1019    804
  1020    804
  1021    804
  1022    804
  1023    804
  1024    804
  1025    804
  1026    804
  1027    804
  1028    804
  1043    804
  1044    804
  1045    804
  1046    804
  1047    804
  1048    804
  1049    804
  1050    804
  1051    804
  1052    804
  1053    804
  1054    804
  1055    804
  1069    804
  1070    804
  1071    804
  1073    804
  1074    804
  1075    804
  1076    804
  1077    804
  1078    804
  1079    804
  1080    804
  1081    804
  1082    804
  1013    805
  1014    805
  1015    805
  1016    805
  1017    805
  1018    805
  1019    805
  1020    805
  1021    805
  1022    805
  1023    805
  1024    805
  1025    805
  1026    805
  1042    805
  1043    805
  1044    805
  1045    805
  1046    805
  1047    805
  1048    805
  1049    805
  1050    805
  1051    805
  1052    805
  1053    805
  1054    805
  1068    805
  1069    805
  1070    805
  1072    805
  1073    805
  1074    805
  1075    805
  1076    805
  1077    805
  1078    805
  1079    805
  1080    805
  1081    805
  1012    806
  1013    806
  1014    806
  1015    806
  1016    806
  1017    806
  1018    806
  1019    806
  1020    806
  1021    806
  1022    806
  1023    806
  1024    806
  1025    806
  1026    806
  1041    806
  1042    806
  1043    806
  1044    806
  1045    806
  1046    806
  1047    806
  1048    806
  1049    806
  1050    806
  1051    806
  1052    806
  1068    806
  1069    806
  1071    806
  1072    806
  1073    806
  1074    806
  1075    806
  1076    806
  1077    806
  1078    806
  1079    806
  1080    806
  1011    807
  1012    807
  1013    807
  1014    807
  1015    807
  1016    807
  1017    807
  1018    807
  1019    807
  1020    807
  1021    807
  1022    807
  1023    807
  1024    807
  1040    807
  1041    807
  1042    807
  1043    807
  1044    807
  1045    807
  1046    807
  1047    807
  1048    807
  1049    807
  1050    807
  1051    807
  1070    807
  1071    807
  1072    807
  1073    807
  1074    807
  1075    807
  1076    807
  1077    807
  1078    807
  1079    807
  1010    808
  1011    808
  1012    808
  1013    808
  1014    808
  1015    808
  1016    808
  1017    808
  1018    808
  1019    808
  1020    808
  1021    808
  1022    808
  1023    808
  1039    808
  1040    808
  1041    808
  1042    808
  1043    808
  1044    808
  1045    808
  1046    808
  1047    808
  1048    808
  1049    808
  1050    808
  1066    808
  1070    808
  1071    808
  1072    808
  1073    808
  1074    808
  1075    808
  1076    808
  1077    808
  1078    808
  1079    808
  1009    809
  1010    809
  1011    809
  1012    809
  1013    809
  1014    809
  1015    809
  1016    809
  1017    809
  1018    809
  1019    809
  1020    809
  1021    809
  1022    809
  1038    809
  1039    809
  1040    809
  1041    809
  1042    809
  1043    809
  1044    809
  1045    809
  1046    809
  1047    809
  1048    809
  1049    809
  1065    809
  1066    809
  1069    809
  1070    809
  1071    809
  1072    809
  1073    809
  1074    809
  1075    809
  1078    809
  1010    810
  1011    810
  1012    810
  1013    810
  1014    810
  1015    810
  1016    810
  1017    810
  1018    810
  1019    810
  1020    810
  1021    810
  1036    810
  1037    810
  1038    810
  1039    810
  1040    810
  1041    810
  1042    810
  1043    810
  1044    810
  1045    810
  1046    810
  1047    810
  1048    810
  1064    810
  1065    810
  1068    810
  1069    810
  1070    810
  1071    810
  1072    810
  1073    810
  1074    810
  1075    810
  1077    810
  1078    810
  1015    811
  1016    811
  1017    811
  1018    811
  1019    811
  1020    811
  1035    811
  1036    811
  1037    811
  1038    811
  1039    811
  1040    811
  1041    811
  1042    811
  1043    811
  1044    811
  1045    811
  1046    811
  1047    811
  1068    811
  1069    811
  1070    811
  1071    811
  1072    811
  1073    811
  1074    811
  1075    811
  1076    811
  1077    811
  1015    812
  1016    812
  1017    812
  1034    812
  1035    812
  1036    812
  1037    812
  1038    812
  1039    812
  1040    812
  1041    812
  1042    812
  1043    812
  1044    812
  1045    812
  1046    812
  1067    812
  1068    812
  1069    812
  1070    812
  1071    812
  1072    812
  1073    812
  1075    812
  1076    812
  1033    813
  1034    813
  1035    813
  1036    813
  1037    813
  1038    813
  1039    813
  1040    813
  1041    813
  1042    813
  1043    813
  1044    813
  1045    813
  1066    813
  1067    813
  1068    813
  1069    813
  1070    813
  1071    813
  1033    814
  1034    814
  1035    814
  1036    814
  1037    814
  1038    814
  1039    814
  1040    814
  1041    814
  1042    814
  1043    814
  1044    814
  1066    814
  1067    814
  1068    814
  1069    814
  1070    814
  1071    814
  1032    815
  1033    815
  1034    815
  1036    815
  1037    815
  1038    815
  1039    815
  1040    815
  1041    815
  1042    815
  1043    815
