  1383    712
  1384    712
  1385    712
  1371    713
  1372    713
  1373    713
  1374    713
  1375    713
  1376    713
  1377    713
  1378    713
  1379    713
  1380    713
  1381    713
  1363    714
  1364    714
  1365    714
  1366    714
  1367    714
  1368    714
  1369    714
  1370    714
  1371    714
  1372    714
  1373    714
  1374    714
  1375    714
  1376    714
  1377    714
  1378    714
  1379    714
  1380    714
  1381    714
  1347    715
  1348    715
  1349    715
  1350    715
  1351    715
  1367    715
  1368    715
  1369    715
  1370    715
  1371    715
  1372    715
  1373    715
  1374    715
  1344    716
  1345    716
  1346    716
  1347    716
  1348    716
  1349    716
  1350    716
  1351    716
  1353    716
  1354    716
  1355    716
  1356    716
  1357    716
  1358    716
  1362    716
  1363    716
  1364    716
  1365    716
  1366    716
  1343    717
  1344    717
  1345    717
  1346    717
  1347    717
  1338    718
  1339    718
  1332    719
  1333    719
  1334    719
  1335    719
  1336    719
  1337    719
  1338    719
  1339    719
  1341    719
  1326    720
  1327    720
  1330    720
  1331    720
  1292    721
  1293    721
  1294    721
  1295    721
  1296    721
  1297    721
  1298    721
  1299    721
  1300    721
  1301    721
  1302    721
  1303    721
  1304    721
  1312    721
  1313    721
  1314    721
  1315    721
  1316    721
  1317    721
  1321    721
  1322    721
  1323    721
  1326    721
  1327    721
  1278    722
  1279    722
  1280    722
  1284    722
  1285    722
  1286    722
  1287    722
  1288    722
  1289    722
  1290    722
  1291    722
  1292    722
  1293    722
  1294    722
  1295    722
  1296    722
  1297    722
  1312    722
  1313    722
  1314    722
  1319    722
  1320    722
  1257    723
  1258    723
  1259    723
  1260    723
  1261    723
  1262    723
  1263    723
  1264    723
  1265    723
  1266    723
  1267    723
  1268    723
  1269    723
  1270    723
  1273    723
  1274    723
  1275    723
  1276    723
  1277    723
  1278    723
  1279    723
  1280    723
  1281    723
  1282    723
  1283    723
  1284    723
  1285    723
  1286    723
  1287    723
  1288    723
  1289    723
  1290    723
  1296    723
  1297    723
  1298    723
  1299    723
  1300    723
  1301    723
  1305    723
  1306    723
  1312    723
  1313    723
  1254    724
  1255    724
  1283    724
  1284    724
  1285    724
  1289    724
  1290    724
  1291    724
  1292    724
  1293    724
  1294    724
  1295    724
  1303    724
  1243    725
  1244    725
  1245    725
  1246    725
  1247    725
  1248    725
  1249    725
  1250    725
  1281    725
  1282    725
  1283    725
  1231    726
  1232    726
  1233    726
  1234    726
  1235    726
  1236    726
  1237    726
  1238    726
  1239    726
  1240    726
  1241    726
  1242    726
  1243    726
  1244    726
  1245    726
  1246    726
  1247    726
  1262    726
  1263    726
  1264    726
  1265    726
  1266    726
  1267    726
  1268    726
  1274    726
  1275    726
  1276    726
  1277    726
  1278    726
  1279    726
  1280    726
  1285    726
  1286    726
  1287    726
  1288    726
  1289    726
  1221    727
  1222    727
  1223    727
  1224    727
  1225    727
  1226    727
  1227    727
  1228    727
  1229    727
  1230    727
  1231    727
  1232    727
  1233    727
  1256    727
  1257    727
  1258    727
  1259    727
  1260    727
  1261    727
  1262    727
  1263    727
  1264    727
  1268    727
  1269    727
  1270    727
  1271    727
  1272    727
  1273    727
  1274    727
  1275    727
  1281    727
  1282    727
  1283    727
  1284    727
  1285    727
  1286    727
  1287    727
  1201    728
  1202    728
  1203    728
  1204    728
  1205    728
  1206    728
  1207    728
  1208    728
  1209    728
  1210    728
  1247    728
  1248    728
  1249    728
  1250    728
  1251    728
  1252    728
  1253    728
  1254    728
  1260    728
  1261    728
  1262    728
  1263    728
  1264    728
  1265    728
  1266    728
  1267    728
  1274    728
  1275    728
  1276    728
  1277    728
  1278    728
  1279    728
  1280    728
  1281    728
  1178    729
  1179    729
  1180    729
  1181    729
  1182    729
  1183    729
  1184    729
  1199    729
  1200    729
  1201    729
  1202    729
  1203    729
  1204    729
  1205    729
  1206    729
  1207    729
  1208    729
  1242    729
  1243    729
  1244    729
  1245    729
  1246    729
  1247    729
  1248    729
  1249    729
  1254    729
  1255    729
  1256    729
  1257    729
  1258    729
  1259    729
  1260    729
  1261    729
  1267    729
  1268    729
  1269    729
  1270    729
  1271    729
  1272    729
  1273    729
  1179    730
  1180    730
  1181    730
  1182    730
  1183    730
  1184    730
  1187    730
  1188    730
  1189    730
  1190    730
  1191    730
  1192    730
  1193    730
  1234    730
  1235    730
  1236    730
  1237    730
  1238    730
  1240    730
  1241    730
  1249    730
  1250    730
  1251    730
  1252    730
  1253    730
  1254    730
  1255    730
  1256    730
  1262    730
  1263    730
  1264    730
  1265    730
  1266    730
  1267    730
  1268    730
  1269    730
  1228    731
  1229    731
  1230    731
  1231    731
  1232    731
  1233    731
  1234    731
  1235    731
  1247    731
  1248    731
  1257    731
  1258    731
  1259    731
  1260    731
  1261    731
  1262    731
  1263    731
  1264    731
  1224    732
  1225    732
  1226    732
  1227    732
  1228    732
  1229    732
  1230    732
  1236    732
  1237    732
  1249    732
  1250    732
  1251    732
  1252    732
  1253    732
  1254    732
  1255    732
  1256    732
  1232    733
  1233    733
  1234    733
  1235    733
  1236    733
  1237    733
  1224    734
  1225    734
  1226    734
  1227    734
  1228    734
  1229    734
  1230    734
  1231    734
  1206    735
  1207    735
  1208    735
  1209    735
  1210    735
  1211    735
  1219    735
  1220    735
  1221    735
  1222    735
  1223    735
  1224    735
  1225    735
  1226    735
  1227    735
  1200    736
  1201    736
  1202    736
  1203    736
  1204    736
  1205    736
  1206    736
  1207    736
  1208    736
  1209    736
  1215    736
  1216    736
  1217    736
  1218    736
  1219    736
  1220    736
  1221    736
  1222    736
  1229    736
  1230    736
  1231    736
  1232    736
  1233    736
  1196    737
  1197    737
  1198    737
  1199    737
  1200    737
  1201    737
  1202    737
  1210    737
  1211    737
  1212    737
  1213    737
  1214    737
  1215    737
  1216    737
  1225    737
  1226    737
  1227    737
  1228    737
  1229    737
  1230    737
  1231    737
  1190    738
  1191    738
  1192    738
  1193    738
  1194    738
  1195    738
  1196    738
  1197    738
  1198    738
  1199    738
  1205    738
  1206    738
  1207    738
  1208    738
  1209    738
  1210    738
  1211    738
  1212    738
  1220    738
  1221    738
  1222    738
  1223    738
  1224    738
  1225    738
  1226    738
  1227    738
  1185    739
  1186    739
  1187    739
  1188    739
  1189    739
  1190    739
  1191    739
  1192    739
  1193    739
  1201    739
  1202    739
  1203    739
  1204    739
  1205    739
  1206    739
  1207    739
  1208    739
  1215    739
  1216    739
  1217    739
  1218    739
  1219    739
  1220    739
  1221    739
  1222    739
  1180    740
  1181    740
  1182    740
  1183    740
  1184    740
  1185    740
  1186    740
  1187    740
  1188    740
  1189    740
  1197    740
  1198    740
  1199    740
  1200    740
  1201    740
  1202    740
  1203    740
  1204    740
  1211    740
  1212    740
  1213    740
  1214    740
  1215    740
  1216    740
  1217    740
  1218    740
  1175    741
  1176    741
  1177    741
  1178    741
  1179    741
  1180    741
  1181    741
  1182    741
  1183    741
  1184    741
  1192    741
  1193    741
  1194    741
  1195    741
  1196    741
  1197    741
  1198    741
  1199    741
  1207    741
  1208    741
  1209    741
  1210    741
  1211    741
  1212    741
  1213    741
  1214    741
  1171    742
  1172    742
  1173    742
  1174    742
  1175    742
  1176    742
  1177    742
  1178    742
  1179    742
  1187    742
  1188    742
  1189    742
  1190    742
  1191    742
  1192    742
  1193    742
  1194    742
  1203    742
  1204    742
  1205    742
  1206    742
  1207    742
  1208    742
  1209    742
  1210    742
  1167    743
  1168    743
  1169    743
  1170    743
  1171    743
  1172    743
  1173    743
  1174    743
  1175    743
  1184    743
  1185    743
  1186    743
  1187    743
  1188    743
  1189    743
  1190    743
  1191    743
  1199    743
  1200    743
  1201    743
  1202    743
  1203    743
  1204    743
  1205    743
  1206    743
  1166    744
  1167    744
  1168    744
  1169    744
  1170    744
  1171    744
  1179    744
  1180    744
  1181    744
  1182    744
  1183    744
  1184    744
  1185    744
  1186    744
  1196    744
  1200    744
  1201    744
  1202    744
  1176    745
  1177    745
  1178    745
  1179    745
  1180    745
  1181    745
  1182    745
  1172    746
  1173    746
  1174    746
  1175    746
  1176    746
  1177    746
  1178    746
  1168    747
  1169    747
  1170    747
  1171    747
  1172    747
  1173    747
  1174    747
  1175    747
  1149    748
  1150    748
  1151    748
  1152    748
  1153    748
  1154    748
  1155    748
  1164    748
  1165    748
  1166    748
  1167    748
  1168    748
  1169    748
  1170    748
  1171    748
  1172    748
  1145    749
  1146    749
  1147    749
  1148    749
  1149    749
  1150    749
  1151    749
  1152    749
  1153    749
  1161    749
  1162    749
  1163    749
  1164    749
  1165    749
  1166    749
  1167    749
  1168    749
  1169    749
  1178    749
  1179    749
  1180    749
  1181    749
  1182    749
  1183    749
  1141    750
  1142    750
  1143    750
  1144    750
  1145    750
  1146    750
  1147    750
  1148    750
  1149    750
  1157    750
  1158    750
  1159    750
  1160    750
  1161    750
  1162    750
  1163    750
  1164    750
  1165    750
  1174    750
  1175    750
  1176    750
  1177    750
  1178    750
  1179    750
  1180    750
  1181    750
  1182    750
  1183    750
  1138    751
  1139    751
  1140    751
  1141    751
  1142    751
  1143    751
  1144    751
  1145    751
  1146    751
  1154    751
  1155    751
  1156    751
  1157    751
  1158    751
  1159    751
  1160    751
  1161    751
  1162    751
  1171    751
  1172    751
  1173    751
  1174    751
  1175    751
  1176    751
  1177    751
  1178    751
  1179    751
  1180    751
  1134    752
  1135    752
  1136    752
  1137    752
  1138    752
  1139    752
  1140    752
  1141    752
  1142    752
  1143    752
  1151    752
  1152    752
  1153    752
  1154    752
  1155    752
  1156    752
  1157    752
  1158    752
  1159    752
  1168    752
  1169    752
  1170    752
  1171    752
  1172    752
  1173    752
  1174    752
  1175    752
  1176    752
  1177    752
  1131    753
  1132    753
  1133    753
  1134    753
  1135    753
  1136    753
  1137    753
  1138    753
  1139    753
  1148    753
  1149    753
  1150    753
  1151    753
  1152    753
  1153    753
  1154    753
  1155    753
  1156    753
  1165    753
  1166    753
  1167    753
  1168    753
  1169    753
  1170    753
  1171    753
  1172    753
  1173    753
  1174    753
  1128    754
  1129    754
  1130    754
  1131    754
  1132    754
  1133    754
  1134    754
  1135    754
  1136    754
  1137    754
  1146    754
  1147    754
  1148    754
  1149    754
  1150    754
  1151    754
  1152    754
  1153    754
  1163    754
  1164    754
  1165    754
  1166    754
  1167    754
  1168    754
  1169    754
  1170    754
  1171    754
  1125    755
  1126    755
  1127    755
  1128    755
  1129    755
  1130    755
  1131    755
  1132    755
  1133    755
  1134    755
  1142    755
  1143    755
  1144    755
  1145    755
  1146    755
  1147    755
  1148    755
  1149    755
  1150    755
  1160    755
  1161    755
  1162    755
  1163    755
  1164    755
  1165    755
  1166    755
  1167    755
  1168    755
  1169    755
  1122    756
  1123    756
  1124    756
  1125    756
  1126    756
  1127    756
  1128    756
  1129    756
  1130    756
  1131    756
  1140    756
  1141    756
  1142    756
  1143    756
  1144    756
  1145    756
  1146    756
  1147    756
  1148    756
  1157    756
  1158    756
  1159    756
  1160    756
  1161    756
  1162    756
  1163    756
  1164    756
  1165    756
  1166    756
  1119    757
  1120    757
  1121    757
  1122    757
  1123    757
  1124    757
  1125    757
  1126    757
  1127    757
  1128    757
  1137    757
  1138    757
  1139    757
  1140    757
  1141    757
  1142    757
  1143    757
  1144    757
  1145    757
  1155    757
  1156    757
  1157    757
  1158    757
  1159    757
  1160    757
  1161    757
  1162    757
  1163    757
  1164    757
  1117    758
  1118    758
  1119    758
  1120    758
  1121    758
  1122    758
  1123    758
  1124    758
  1125    758
  1126    758
  1134    758
  1135    758
  1136    758
  1137    758
  1138    758
  1139    758
  1140    758
  1141    758
  1142    758
  1153    758
  1154    758
  1155    758
  1156    758
  1157    758
  1158    758
  1159    758
  1160    758
  1161    758
  1162    758
  1113    759
  1114    759
  1115    759
  1116    759
  1117    759
  1118    759
  1119    759
  1120    759
  1121    759
  1122    759
  1123    759
  1132    759
  1133    759
  1134    759
  1135    759
  1136    759
  1137    759
  1138    759
  1139    759
  1140    759
  1151    759
  1152    759
  1153    759
  1154    759
  1155    759
  1156    759
  1157    759
  1158    759
  1159    759
  1160    759
  1114    760
  1115    760
  1116    760
  1117    760
  1118    760
  1119    760
  1120    760
  1129    760
  1130    760
  1131    760
  1132    760
  1133    760
  1134    760
  1135    760
  1137    760
  1138    760
  1153    760
  1154    760
  1155    760
  1156    760
  1157    760
  1127    761
  1128    761
  1129    761
  1130    761
  1131    761
  1132    761
  1133    761
  1134    761
  1135    761
  1136    761
  1152    761
  1153    761
  1154    761
  1155    761
  1125    762
  1126    762
  1127    762
  1128    762
  1129    762
  1130    762
  1131    762
  1132    762
  1133    762
  1123    763
  1124    763
  1125    763
  1126    763
  1127    763
  1128    763
  1129    763
  1130    763
  1131    763
  1121    764
  1122    764
  1123    764
  1124    764
  1125    764
  1126    764
  1127    764
  1128    764
  1129    764
  1118    765
  1119    765
  1120    765
  1121    765
  1122    765
  1123    765
  1124    765
  1125    765
  1126    765
  1127    765
  1097    766
  1098    766
  1099    766
  1100    766
  1101    766
  1102    766
  1103    766
  1116    766
  1117    766
  1118    766
  1119    766
  1120    766
  1121    766
  1122    766
  1123    766
  1124    766
  1093    767
  1094    767
  1095    767
  1096    767
  1097    767
  1098    767
  1099    767
  1100    767
  1101    767
  1102    767
  1103    767
  1114    767
  1115    767
  1116    767
  1117    767
  1118    767
  1119    767
  1120    767
  1121    767
  1122    767
  1132    767
  1133    767
  1134    767
  1135    767
  1136    767
  1137    767
  1138    767
  1139    767
  1091    768
  1092    768
  1093    768
  1094    768
  1095    768
  1096    768
  1097    768
  1098    768
  1099    768
  1100    768
  1101    768
  1111    768
  1112    768
  1113    768
  1114    768
  1115    768
  1116    768
  1117    768
  1118    768
  1119    768
  1120    768
  1130    768
  1131    768
  1132    768
  1133    768
  1134    768
  1135    768
  1136    768
  1137    768
  1140    768
  1088    769
  1089    769
  1090    769
  1091    769
  1092    769
  1093    769
  1094    769
  1095    769
  1096    769
  1097    769
  1098    769
  1109    769
  1110    769
  1111    769
  1112    769
  1113    769
  1114    769
  1115    769
  1116    769
  1117    769
  1118    769
  1127    769
  1128    769
  1129    769
  1130    769
  1131    769
  1132    769
  1133    769
  1134    769
  1135    769
  1136    769
  1137    769
  1138    769
  1085    770
  1086    770
  1087    770
  1088    770
  1089    770
  1090    770
  1091    770
  1092    770
  1093    770
  1094    770
  1095    770
  1096    770
  1107    770
  1108    770
  1109    770
  1110    770
  1111    770
  1112    770
  1113    770
  1114    770
  1115    770
  1116    770
  1125    770
  1126    770
  1127    770
  1128    770
  1129    770
  1130    770
  1131    770
  1132    770
  1133    770
  1134    770
  1135    770
  1136    770
  1083    771
  1084    771
  1085    771
  1086    771
  1087    771
  1088    771
  1089    771
  1090    771
  1091    771
  1092    771
  1093    771
  1094    771
  1105    771
  1106    771
  1107    771
  1108    771
  1109    771
  1110    771
  1111    771
  1112    771
  1113    771
  1114    771
  1124    771
  1125    771
  1126    771
  1127    771
  1128    771
  1129    771
  1130    771
  1131    771
  1132    771
  1133    771
  1134    771
  1081    772
  1082    772
  1083    772
  1084    772
  1085    772
  1086    772
  1087    772
  1088    772
  1089    772
  1090    772
  1091    772
  1103    772
  1104    772
  1105    772
  1106    772
  1107    772
  1108    772
  1109    772
  1110    772
  1111    772
  1112    772
  1122    772
  1123    772
  1124    772
  1125    772
  1126    772
  1127    772
  1128    772
  1129    772
  1130    772
  1131    772
  1132    772
  1078    773
  1079    773
  1080    773
  1081    773
  1082    773
  1083    773
  1084    773
  1085    773
  1086    773
  1087    773
  1088    773
  1089    773
  1101    773
  1102    773
  1103    773
  1104    773
  1105    773
  1106    773
  1107    773
  1108    773
  1109    773
  1110    773
  1120    773
  1121    773
  1122    773
  1123    773
  1124    773
  1125    773
  1126    773
  1127    773
  1128    773
  1129    773
  1130    773
  1076    774
  1077    774
  1078    774
  1079    774
  1080    774
  1081    774
  1082    774
  1083    774
  1084    774
  1085    774
  1086    774
  1087    774
  1099    774
  1100    774
  1101    774
  1102    774
  1103    774
  1104    774
  1105    774
  1106    774
  1107    774
  1108    774
  1118    774
  1119    774
  1120    774
  1121    774
  1122    774
  1123    774
  1124    774
  1125    774
  1126    774
  1127    774
  1128    774
  1129    774
  1074    775
  1075    775
  1076    775
  1077    775
  1078    775
  1079    775
  1080    775
  1081    775
  1082    775
  1083    775
  1084    775
  1085    775
  1097    775
  1098    775
  1099    775
  1100    775
  1101    775
  1102    775
  1103    775
  1104    775
  1105    775
  1106    775
  1107    775
  1116    775
  1117    775
  1118    775
  1119    775
  1120    775
  1121    775
  1122    775
  1123    775
  1124    775
  1125    775
  1126    775
  1127    775
  1072    776
  1073    776
  1074    776
  1075    776
  1076    776
  1077    776
  1078    776
  1079    776
  1080    776
  1081    776
  1082    776
  1083    776
  1095    776
  1096    776
  1097    776
  1098    776
  1099    776
  1100    776
  1101    776
  1102    776
  1103    776
  1104    776
  1105    776
  1114    776
  1115    776
  1116    776
  1117    776
  1118    776
  1119    776
  1120    776
  1121    776
  1122    776
  1123    776
  1124    776
  1125    776
  1126    776
  1070    777
  1071    777
  1072    777
  1073    777
  1074    777
  1075    777
  1076    777
  1077    777
  1078    777
  1079    777
  1080    777
  1081    777
  1093    777
  1094    777
  1095    777
  1096    777
  1097    777
  1098    777
  1099    777
  1100    777
  1101    777
  1102    777
  1103    777
  1113    777
  1114    777
  1115    777
  1116    777
  1117    777
  1118    777
  1119    777
  1120    777
  1121    777
  1122    777
  1123    777
  1124    777
  1068    778
  1069    778
  1070    778
  1071    778
  1072    778
  1073    778
  1074    778
  1075    778
  1076    778
  1077    778
  1078    778
  1079    778
  1091    778
  1092    778
  1093    778
  1094    778
  1095    778
  1096    778
  1097    778
  1098    778
  1099    778
  1100    778
  1101    778
  1111    778
  1112    778
  1113    778
  1114    778
  1115    778
  1116    778
  1117    778
  1118    778
  1119    778
  1120    778
  1121    778
  1122    778
  1066    779
  1067    779
  1068    779
  1069    779
  1070    779
  1071    779
  1072    779
  1073    779
  1074    779
  1075    779
  1076    779
  1077    779
  1089    779
  1090    779
  1091    779
  1092    779
  1093    779
  1094    779
  1095    779
  1096    779
  1097    779
  1098    779
  1099    779
  1100    779
  1110    779
  1111    779
  1112    779
  1113    779
  1114    779
  1115    779
  1116    779
  1117    779
  1118    779
  1119    779
  1120    779
  1121    779
  1064    780
  1065    780
  1066    780
  1067    780
  1068    780
  1069    780
  1070    780
  1071    780
  1072    780
  1073    780
  1074    780
  1075    780
  1087    780
  1088    780
  1089    780
  1090    780
  1091    780
  1092    780
  1093    780
  1094    780
  1095    780
  1096    780
  1097    780
  1098    780
  1108    780
  1109    780
  1110    780
  1111    780
  1112    780
  1113    780
  1114    780
  1115    780
  1116    780
  1117    780
  1118    780
  1119    780
  1062    781
  1063    781
  1064    781
  1065    781
  1066    781
  1067    781
  1068    781
  1069    781
  1070    781
  1071    781
  1072    781
  1073    781
  1074    781
  1085    781
  1086    781
  1087    781
  1088    781
  1089    781
  1090    781
  1091    781
  1092    781
  1093    781
  1094    781
  1095    781
  1096    781
  1106    781
  1107    781
  1108    781
  1109    781
  1110    781
  1111    781
  1112    781
  1113    781
  1114    781
  1115    781
  1116    781
  1117    781
  1118    781
  1060    782
  1061    782
  1062    782
  1063    782
  1064    782
  1065    782
  1066    782
  1067    782
  1068    782
  1069    782
  1070    782
  1071    782
  1072    782
  1084    782
  1085    782
  1086    782
  1087    782
  1088    782
  1089    782
  1090    782
  1091    782
  1092    782
  1093    782
  1094    782
  1105    782
  1106    782
  1107    782
  1108    782
  1109    782
  1110    782
  1111    782
  1112    782
  1113    782
  1114    782
  1115    782
  1116    782
  1058    783
  1059    783
  1060    783
  1061    783
  1062    783
  1063    783
  1064    783
  1065    783
  1066    783
  1067    783
  1068    783
  1069    783
  1070    783
  1082    783
  1083    783
  1084    783
  1085    783
  1086    783
  1087    783
  1088    783
  1089    783
  1090    783
  1091    783
  1092    783
  1103    783
  1104    783
  1105    783
  1106    783
  1107    783
  1108    783
  1109    783
  1110    783
  1111    783
  1112    783
  1113    783
  1114    783
  1115    783
  1057    784
  1058    784
  1059    784
  1060    784
  1061    784
  1062    784
  1063    784
  1064    784
  1065    784
  1066    784
  1067    784
  1068    784
  1080    784
  1081    784
  1082    784
  1083    784
  1084    784
  1085    784
  1086    784
  1087    784
  1088    784
  1089    784
  1104    784
  1105    784
  1106    784
  1107    784
  1108    784
  1109    784
  1110    784
  1111    784
  1112    784
  1113    784
  1079    785
  1080    785
  1081    785
  1082    785
  1083    785
  1084    785
  1085    785
  1086    785
  1087    785
  1088    785
  1105    785
  1106    785
  1107    785
  1108    785
  1109    785
  1110    785
  1111    785
  1112    785
  1078    786
  1079    786
  1080    786
  1081    786
  1082    786
  1083    786
  1084    786
  1085    786
  1086    786
  1087    786
  1088    786
  1076    787
  1077    787
  1078    787
  1079    787
  1080    787
  1081    787
  1082    787
  1083    787
  1084    787
  1085    787
  1086    787
  1074    788
  1075    788
  1076    788
  1077    788
  1078    788
  1079    788
  1080    788
  1081    788
  1082    788
  1083    788
  1084    788
  1072    789
  1073    789
  1074    789
  1075    789
  1076    789
  1077    789
  1078    789
  1079    789
  1080    789
  1081    789
  1082    789
  1083    789
  1071    790
  1072    790
  1073    790
  1074    790
  1075    790
  1076    790
  1077    790
  1078    790
  1079    790
  1080    790
  1081    790
  1082    790
  1069    791
  1070    791
  1071    791
  1072    791
  1073    791
  1074    791
  1075    791
  1076    791
  1077    791
  1078    791
  1079    791
  1080    791
  1068    792
  1069    792
  1070    792
  1071    792
  1072    792
  1073    792
  1074    792
  1075    792
  1076    792
  1077    792
  1078    792
  1079    792
  1039    793
  1040    793
  1041    793
  1042    793
  1043    793
  1044    793
  1045    793
  1046    793
  1047    793
  1066    793
  1067    793
  1068    793
  1069    793
  1070    793
  1071    793
  1072    793
  1073    793
  1074    793
  1075    793
  1076    793
  1077    793
  1037    794
  1038    794
  1039    794
  1040    794
  1041    794
  1042    794
  1043    794
  1044    794
  1045    794
  1046    794
  1047    794
  1065    794
  1066    794
  1067    794
  1068    794
  1069    794
  1070    794
  1071    794
  1072    794
  1073    794
  1074    794
  1075    794
  1076    794
  1088    794
  1089    794
  1090    794
  1091    794
  1092    794
  1093    794
  1094    794
  1095    794
  1096    794
  1097    794
  1036    795
  1037    795
  1038    795
  1039    795
  1040    795
  1041    795
  1042    795
  1043    795
  1044    795
  1045    795
  1046    795
  1047    795
  1048    795
  1064    795
  1065    795
  1066    795
  1067    795
  1068    795
  1069    795
  1070    795
  1071    795
  1072    795
  1073    795
  1074    795
  1087    795
  1088    795
  1089    795
  1090    795
  1091    795
  1092    795
  1093    795
  1094    795
  1095    795
  1096    795
  1097    795
  1034    796
  1035    796
  1036    796
  1037    796
  1038    796
  1039    796
  1040    796
  1041    796
  1042    796
  1043    796
  1044    796
  1045    796
  1046    796
  1062    796
  1063    796
  1064    796
  1065    796
  1066    796
  1067    796
  1068    796
  1069    796
  1070    796
  1071    796
  1072    796
  1086    796
  1087    796
  1088    796
  1089    796
  1090    796
  1091    796
  1092    796
  1093    796
  1094    796
  1095    796
  1096    796
  1097    796
  1033    797
  1034    797
  1035    797
  1036    797
  1037    797
  1038    797
  1039    797
  1040    797
  1041    797
  1042    797
  1043    797
  1044    797
  1045    797
  1061    797
  1062    797
  1063    797
  1064    797
  1065    797
  1066    797
  1067    797
  1068    797
  1069    797
  1070    797
  1071    797
  1072    797
  1084    797
  1085    797
  1086    797
  1087    797
  1088    797
  1089    797
  1090    797
  1091    797
  1092    797
  1093    797
  1094    797
  1095    797
  1096    797
  1097    797
  1031    798
  1032    798
  1033    798
  1034    798
  1035    798
  1036    798
  1037    798
  1038    798
  1039    798
  1040    798
  1041    798
  1042    798
  1043    798
  1044    798
  1059    798
  1060    798
  1061    798
  1062    798
  1063    798
  1064    798
  1065    798
  1066    798
  1067    798
  1068    798
  1069    798
  1070    798
  1083    798
  1084    798
  1085    798
  1086    798
  1087    798
  1088    798
  1089    798
  1090    798
  1091    798
  1092    798
  1093    798
  1094    798
  1095    798
  1096    798
  1029    799
  1030    799
  1031    799
  1032    799
  1033    799
  1034    799
  1035    799
  1036    799
  1037    799
  1038    799
  1039    799
  1040    799
  1041    799
  1042    799
  1057    799
  1058    799
  1059    799
  1060    799
  1061    799
  1062    799
  1063    799
  1064    799
  1065    799
  1066    799
  1067    799
  1068    799
  1069    799
  1082    799
  1083    799
  1084    799
  1085    799
  1086    799
  1087    799
  1088    799
  1089    799
  1090    799
  1091    799
  1092    799
  1093    799
  1094    799
  1095    799
  1028    800
  1029    800
  1030    800
  1031    800
  1032    800
  1033    800
  1034    800
  1035    800
  1036    800
  1037    800
  1038    800
  1039    800
  1040    800
  1057    800
  1058    800
  1059    800
  1060    800
  1061    800
  1062    800
  1063    800
  1064    800
  1066    800
  1067    800
  1081    800
  1082    800
  1083    800
  1084    800
  1085    800
  1086    800
  1087    800
  1088    800
  1089    800
  1090    800
  1091    800
  1092    800
  1093    800
  1094    800
  1026    801
  1027    801
  1028    801
  1029    801
  1030    801
  1031    801
  1032    801
  1033    801
  1034    801
  1035    801
  1036    801
  1037    801
  1038    801
  1039    801
  1055    801
  1056    801
  1057    801
  1058    801
  1059    801
  1060    801
  1061    801
  1062    801
  1063    801
  1080    801
  1081    801
  1083    801
  1084    801
  1085    801
  1086    801
  1087    801
  1088    801
  1089    801
  1090    801
  1091    801
  1092    801
  1025    802
  1026    802
  1027    802
  1028    802
  1029    802
  1030    802
  1031    802
  1032    802
  1033    802
  1034    802
  1035    802
  1036    802
  1037    802
  1055    802
  1056    802
  1057    802
  1058    802
  1059    802
  1060    802
  1061    802
  1064    802
  1065    802
  1079    802
  1080    802
  1082    802
  1083    802
  1084    802
  1085    802
  1086    802
  1087    802
  1088    802
  1089    802
  1090    802
  1091    802
  1024    803
  1025    803
  1026    803
  1027    803
  1028    803
  1029    803
  1030    803
  1031    803
  1032    803
  1033    803
  1034    803
  1035    803
  1036    803
  1056    803
  1057    803
  1058    803
  1059    803
  1060    803
  1061    803
  1062    803
  1063    803
  1078    803
  1079    803
  1081    803
  1082    803
  1083    803
  1084    803
  1085    803
  1086    803
  1087    803
  1088    803
  1089    803
  1090    803
  1091    803
  1022    804
  1023    804
  1024    804
  1025    804
  1026    804
  1027    804
  1028    804
  1029    804
  1030    804
  1031    804
  1032    804
  1033    804
  1034    804
  1035    804
  1052    804
  1053    804
  1054    804
  1055    804
  1056    804
  1057    804
  1058    804
  1059    804
  1077    804
  1078    804
  1080    804
  1081    804
  1082    804
  1083    804
  1084    804
  1085    804
  1086    804
  1087    804
  1088    804
  1089    804
  1090    804
  1021    805
  1022    805
  1023    805
  1024    805
  1025    805
  1026    805
  1027    805
  1028    805
  1029    805
  1030    805
  1031    805
  1032    805
  1033    805
  1034    805
  1050    805
  1051    805
  1052    805
  1053    805
  1054    805
  1055    805
  1056    805
  1057    805
  1058    805
  1059    805
  1060    805
  1061    805
  1076    805
  1077    805
  1080    805
  1081    805
  1082    805
  1083    805
  1084    805
  1085    805
  1086    805
  1087    805
  1088    805
  1089    805
  1019    806
  1020    806
  1021    806
  1022    806
  1023    806
  1024    806
  1025    806
  1026    806
  1027    806
  1028    806
  1029    806
  1030    806
  1031    806
  1032    806
  1049    806
  1050    806
  1051    806
  1052    806
  1053    806
  1054    806
  1055    806
  1056    806
  1057    806
  1058    806
  1059    806
  1075    806
  1076    806
  1078    806
  1079    806
  1080    806
  1081    806
  1082    806
  1083    806
  1084    806
  1085    806
  1086    806
  1087    806
  1088    806
  1018    807
  1019    807
  1020    807
  1021    807
  1022    807
  1023    807
  1024    807
  1025    807
  1026    807
  1027    807
  1028    807
  1029    807
  1030    807
  1031    807
  1048    807
  1049    807
  1050    807
  1051    807
  1052    807
  1053    807
  1054    807
  1055    807
  1057    807
  1058    807
  1074    807
  1075    807
  1078    807
  1079    807
  1080    807
  1081    807
  1082    807
  1083    807
  1084    807
  1085    807
  1086    807
  1087    807
  1017    808
  1018    808
  1019    808
  1020    808
  1021    808
  1022    808
  1023    808
  1024    808
  1025    808
  1026    808
  1027    808
  1028    808
  1029    808
  1046    808
  1047    808
  1048    808
  1049    808
  1050    808
  1051    808
  1052    808
  1053    808
  1054    808
  1055    808
  1057    808
  1073    808
  1074    808
  1077    808
  1078    808
  1079    808
  1080    808
  1081    808
  1082    808
  1083    808
  1085    808
  1086    808
  1087    808
  1022    809
  1023    809
  1024    809
  1025    809
  1026    809
  1027    809
  1028    809
  1045    809
  1046    809
  1047    809
  1049    809
  1050    809
  1051    809
  1052    809
  1053    809
  1054    809
  1055    809
  1056    809
  1072    809
  1073    809
  1076    809
  1077    809
  1078    809
  1079    809
  1080    809
  1081    809
  1082    809
  1084    809
  1085    809
  1086    809
  1026    810
  1027    810
  1044    810
  1045    810
  1046    810
  1047    810
  1049    810
  1050    810
  1051    810
  1052    810
  1053    810
  1054    810
  1055    810
  1076    810
  1077    810
  1078    810
  1079    810
  1080    810
  1081    810
  1083    810
  1084    810
  1085    810
  1043    811
  1044    811
  1045    811
  1047    811
  1048    811
  1049    811
  1050    811
  1051    811
  1053    811
  1054    811
  1077    811
  1078    811
  1043    812
  1044    812
  1045    812
  1046    812
  1047    812
  1048    812
  1049    812
  1050    812
  1051    812
  1052    812
  1053    812
  1044    813
  1045    813
  1046    813
  1047    813
  1048    813
  1049    813
  1050    813
