  1308    720
  1309    720
  1297    721
  1301    721
  1302    721
  1303    721
  1304    721
  1305    721
  1306    721
  1280    722
  1281    722
  1282    722
  1283    722
  1290    722
  1291    722
  1292    722
  1293    722
  1294    722
  1295    722
  1296    722
  1297    722
  1298    722
  1299    722
  1300    722
  1301    722
  1302    722
  1303    722
  1308    722
  1309    722
  1310    722
  1311    722
  1312    722
  1275    723
  1276    723
  1277    723
  1278    723
  1279    723
  1280    723
  1281    723
  1282    723
  1283    723
  1284    723
  1285    723
  1286    723
  1287    723
  1288    723
  1289    723
  1290    723
  1291    723
  1292    723
  1293    723
  1294    723
  1295    723
  1296    723
  1298    723
  1299    723
  1300    723
  1301    723
  1309    723
  1310    723
  1311    723
  1312    723
  1258    724
  1259    724
  1260    724
  1261    724
  1262    724
  1273    724
  1274    724
  1275    724
  1276    724
  1283    724
  1285    724
  1286    724
  1292    724
  1293    724
  1294    724
  1295    724
  1297    724
  1304    724
  1305    724
  1307    724
  1308    724
  1309    724
  1310    724
  1311    724
  1250    725
  1251    725
  1289    725
  1290    725
  1291    725
  1292    725
  1293    725
  1238    726
  1239    726
  1240    726
  1243    726
  1244    726
  1245    726
  1246    726
  1247    726
  1248    726
  1249    726
  1279    726
  1280    726
  1281    726
  1282    726
  1283    726
  1284    726
  1287    726
  1288    726
  1289    726
  1290    726
  1229    727
  1230    727
  1231    727
  1232    727
  1233    727
  1234    727
  1235    727
  1236    727
  1237    727
  1238    727
  1239    727
  1260    727
  1261    727
  1262    727
  1263    727
  1264    727
  1265    727
  1266    727
  1272    727
  1273    727
  1274    727
  1275    727
  1276    727
  1277    727
  1284    727
  1285    727
  1286    727
  1287    727
  1225    728
  1226    728
  1227    728
  1228    728
  1252    728
  1253    728
  1254    728
  1255    728
  1256    728
  1257    728
  1258    728
  1259    728
  1266    728
  1267    728
  1268    728
  1269    728
  1270    728
  1271    728
  1272    728
  1277    728
  1278    728
  1279    728
  1280    728
  1281    728
  1282    728
  1283    728
  1284    728
  1285    728
  1246    729
  1247    729
  1248    729
  1249    729
  1250    729
  1251    729
  1252    729
  1253    729
  1254    729
  1260    729
  1261    729
  1262    729
  1263    729
  1264    729
  1265    729
  1266    729
  1267    729
  1272    729
  1273    729
  1274    729
  1275    729
  1276    729
  1277    729
  1278    729
  1279    729
  1240    730
  1241    730
  1242    730
  1243    730
  1244    730
  1245    730
  1253    730
  1254    730
  1255    730
  1256    730
  1257    730
  1258    730
  1259    730
  1267    730
  1268    730
  1269    730
  1270    730
  1271    730
  1272    730
  1273    730
  1274    730
  1232    731
  1233    731
  1234    731
  1235    731
  1236    731
  1237    731
  1238    731
  1239    731
  1247    731
  1248    731
  1249    731
  1250    731
  1251    731
  1252    731
  1262    731
  1263    731
  1264    731
  1265    731
  1266    731
  1267    731
  1227    732
  1228    732
  1229    732
  1230    732
  1231    732
  1232    732
  1233    732
  1234    732
  1247    732
  1248    732
  1255    732
  1256    732
  1257    732
  1258    732
  1259    732
  1260    732
  1261    732
  1236    733
  1237    733
  1250    733
  1251    733
  1252    733
  1253    733
  1254    733
  1255    733
  1231    734
  1232    734
  1233    734
  1234    734
  1235    734
  1224    735
  1225    735
  1226    735
  1227    735
  1228    735
  1229    735
  1230    735
  1205    736
  1206    736
  1207    736
  1208    736
  1209    736
  1210    736
  1211    736
  1212    736
  1219    736
  1220    736
  1221    736
  1222    736
  1223    736
  1224    736
  1225    736
  1226    736
  1234    736
  1235    736
  1199    737
  1200    737
  1201    737
  1202    737
  1203    737
  1204    737
  1205    737
  1206    737
  1207    737
  1215    737
  1216    737
  1217    737
  1218    737
  1219    737
  1220    737
  1221    737
  1228    737
  1229    737
  1230    737
  1231    737
  1232    737
  1194    738
  1195    738
  1196    738
  1197    738
  1198    738
  1199    738
  1200    738
  1201    738
  1202    738
  1210    738
  1211    738
  1212    738
  1213    738
  1214    738
  1215    738
  1216    738
  1224    738
  1225    738
  1226    738
  1227    738
  1228    738
  1229    738
  1230    738
  1231    738
  1190    739
  1191    739
  1192    739
  1193    739
  1194    739
  1195    739
  1196    739
  1197    739
  1198    739
  1205    739
  1206    739
  1207    739
  1208    739
  1209    739
  1210    739
  1211    739
  1212    739
  1219    739
  1220    739
  1221    739
  1222    739
  1223    739
  1224    739
  1225    739
  1226    739
  1227    739
  1185    740
  1186    740
  1187    740
  1188    740
  1189    740
  1190    740
  1191    740
  1192    740
  1193    740
  1201    740
  1202    740
  1203    740
  1204    740
  1205    740
  1206    740
  1207    740
  1208    740
  1215    740
  1216    740
  1217    740
  1218    740
  1219    740
  1220    740
  1221    740
  1222    740
  1180    741
  1181    741
  1182    741
  1183    741
  1184    741
  1185    741
  1186    741
  1187    741
  1188    741
  1197    741
  1198    741
  1199    741
  1200    741
  1201    741
  1202    741
  1203    741
  1211    741
  1212    741
  1213    741
  1214    741
  1215    741
  1216    741
  1217    741
  1218    741
  1176    742
  1177    742
  1178    742
  1179    742
  1180    742
  1181    742
  1182    742
  1183    742
  1192    742
  1193    742
  1194    742
  1195    742
  1196    742
  1197    742
  1198    742
  1199    742
  1207    742
  1208    742
  1209    742
  1210    742
  1211    742
  1212    742
  1213    742
  1214    742
  1171    743
  1172    743
  1173    743
  1174    743
  1175    743
  1176    743
  1177    743
  1178    743
  1187    743
  1188    743
  1189    743
  1190    743
  1191    743
  1192    743
  1193    743
  1194    743
  1195    743
  1203    743
  1204    743
  1205    743
  1206    743
  1207    743
  1208    743
  1209    743
  1210    743
  1211    743
  1168    744
  1169    744
  1170    744
  1171    744
  1172    744
  1173    744
  1174    744
  1183    744
  1184    744
  1185    744
  1186    744
  1187    744
  1188    744
  1189    744
  1190    744
  1199    744
  1200    744
  1201    744
  1202    744
  1203    744
  1204    744
  1205    744
  1206    744
  1179    745
  1180    745
  1181    745
  1182    745
  1183    745
  1184    745
  1185    745
  1186    745
  1199    745
  1200    745
  1201    745
  1202    745
  1203    745
  1175    746
  1176    746
  1177    746
  1178    746
  1179    746
  1180    746
  1181    746
  1182    746
  1172    747
  1173    747
  1174    747
  1175    747
  1176    747
  1177    747
  1178    747
  1179    747
  1168    748
  1169    748
  1170    748
  1171    748
  1172    748
  1173    748
  1174    748
  1175    748
  1176    748
  1148    749
  1149    749
  1150    749
  1151    749
  1152    749
  1155    749
  1156    749
  1164    749
  1165    749
  1166    749
  1167    749
  1168    749
  1169    749
  1170    749
  1171    749
  1172    749
  1182    749
  1183    749
  1184    749
  1185    749
  1145    750
  1146    750
  1147    750
  1148    750
  1149    750
  1150    750
  1151    750
  1152    750
  1153    750
  1161    750
  1162    750
  1163    750
  1164    750
  1165    750
  1166    750
  1167    750
  1168    750
  1169    750
  1178    750
  1179    750
  1180    750
  1181    750
  1182    750
  1183    750
  1141    751
  1142    751
  1143    751
  1144    751
  1145    751
  1146    751
  1147    751
  1148    751
  1149    751
  1150    751
  1158    751
  1159    751
  1160    751
  1161    751
  1162    751
  1163    751
  1164    751
  1165    751
  1166    751
  1175    751
  1176    751
  1177    751
  1178    751
  1179    751
  1180    751
  1181    751
  1182    751
  1183    751
  1184    751
  1138    752
  1139    752
  1140    752
  1141    752
  1142    752
  1143    752
  1144    752
  1145    752
  1146    752
  1155    752
  1156    752
  1157    752
  1158    752
  1159    752
  1160    752
  1161    752
  1162    752
  1172    752
  1173    752
  1174    752
  1175    752
  1176    752
  1177    752
  1178    752
  1179    752
  1180    752
  1135    753
  1136    753
  1137    753
  1138    753
  1139    753
  1140    753
  1141    753
  1142    753
  1143    753
  1151    753
  1152    753
  1153    753
  1154    753
  1155    753
  1156    753
  1157    753
  1158    753
  1159    753
  1160    753
  1169    753
  1170    753
  1171    753
  1172    753
  1173    753
  1174    753
  1175    753
  1176    753
  1177    753
  1132    754
  1133    754
  1134    754
  1135    754
  1136    754
  1137    754
  1138    754
  1139    754
  1140    754
  1149    754
  1150    754
  1151    754
  1152    754
  1153    754
  1154    754
  1155    754
  1156    754
  1157    754
  1166    754
  1167    754
  1168    754
  1169    754
  1170    754
  1171    754
  1172    754
  1173    754
  1174    754
  1175    754
  1129    755
  1130    755
  1131    755
  1132    755
  1133    755
  1134    755
  1135    755
  1136    755
  1137    755
  1146    755
  1147    755
  1148    755
  1149    755
  1150    755
  1151    755
  1152    755
  1153    755
  1154    755
  1163    755
  1164    755
  1165    755
  1166    755
  1167    755
  1168    755
  1169    755
  1170    755
  1171    755
  1172    755
  1126    756
  1127    756
  1128    756
  1129    756
  1130    756
  1131    756
  1132    756
  1133    756
  1134    756
  1143    756
  1144    756
  1145    756
  1146    756
  1147    756
  1148    756
  1149    756
  1150    756
  1151    756
  1161    756
  1162    756
  1163    756
  1164    756
  1165    756
  1166    756
  1167    756
  1168    756
  1169    756
  1170    756
  1123    757
  1124    757
  1125    757
  1126    757
  1127    757
  1128    757
  1129    757
  1130    757
  1131    757
  1140    757
  1141    757
  1142    757
  1143    757
  1144    757
  1145    757
  1146    757
  1147    757
  1148    757
  1149    757
  1159    757
  1160    757
  1161    757
  1162    757
  1163    757
  1164    757
  1165    757
  1166    757
  1167    757
  1120    758
  1121    758
  1122    758
  1123    758
  1124    758
  1125    758
  1126    758
  1127    758
  1128    758
  1129    758
  1138    758
  1139    758
  1140    758
  1141    758
  1142    758
  1143    758
  1144    758
  1145    758
  1146    758
  1156    758
  1157    758
  1158    758
  1159    758
  1160    758
  1161    758
  1162    758
  1163    758
  1164    758
  1165    758
  1117    759
  1118    759
  1119    759
  1120    759
  1121    759
  1122    759
  1123    759
  1124    759
  1125    759
  1126    759
  1127    759
  1135    759
  1136    759
  1137    759
  1138    759
  1139    759
  1140    759
  1141    759
  1142    759
  1143    759
  1154    759
  1155    759
  1156    759
  1157    759
  1158    759
  1159    759
  1160    759
  1161    759
  1162    759
  1163    759
  1115    760
  1116    760
  1117    760
  1118    760
  1119    760
  1120    760
  1121    760
  1122    760
  1123    760
  1124    760
  1133    760
  1134    760
  1135    760
  1136    760
  1137    760
  1138    760
  1139    760
  1140    760
  1141    760
  1152    760
  1153    760
  1154    760
  1155    760
  1156    760
  1157    760
  1158    760
  1159    760
  1160    760
  1161    760
  1115    761
  1116    761
  1117    761
  1118    761
  1119    761
  1120    761
  1121    761
  1131    761
  1132    761
  1133    761
  1134    761
  1135    761
  1136    761
  1137    761
  1138    761
  1139    761
  1152    761
  1153    761
  1154    761
  1155    761
  1156    761
  1157    761
  1158    761
  1129    762
  1130    762
  1131    762
  1132    762
  1133    762
  1134    762
  1135    762
  1136    762
  1137    762
  1152    762
  1153    762
  1154    762
  1155    762
  1156    762
  1126    763
  1127    763
  1128    763
  1129    763
  1130    763
  1131    763
  1132    763
  1133    763
  1134    763
  1124    764
  1125    764
  1126    764
  1127    764
  1128    764
  1129    764
  1130    764
  1131    764
  1132    764
  1122    765
  1123    765
  1124    765
  1125    765
  1126    765
  1127    765
  1128    765
  1129    765
  1130    765
  1119    766
  1120    766
  1121    766
  1122    766
  1123    766
  1124    766
  1125    766
  1126    766
  1127    766
  1128    766
  1098    767
  1099    767
  1100    767
  1101    767
  1102    767
  1117    767
  1118    767
  1119    767
  1120    767
  1121    767
  1122    767
  1123    767
  1124    767
  1125    767
  1126    767
  1095    768
  1096    768
  1097    768
  1098    768
  1099    768
  1100    768
  1101    768
  1102    768
  1114    768
  1115    768
  1116    768
  1117    768
  1118    768
  1119    768
  1120    768
  1121    768
  1122    768
  1123    768
  1124    768
  1133    768
  1134    768
  1135    768
  1136    768
  1137    768
  1138    768
  1139    768
  1140    768
  1141    768
  1092    769
  1093    769
  1094    769
  1095    769
  1096    769
  1097    769
  1098    769
  1099    769
  1100    769
  1101    769
  1102    769
  1113    769
  1114    769
  1115    769
  1116    769
  1117    769
  1118    769
  1119    769
  1120    769
  1121    769
  1122    769
  1131    769
  1132    769
  1133    769
  1134    769
  1135    769
  1136    769
  1137    769
  1138    769
  1139    769
  1140    769
  1141    769
  1089    770
  1090    770
  1091    770
  1092    770
  1093    770
  1094    770
  1095    770
  1096    770
  1097    770
  1098    770
  1099    770
  1110    770
  1111    770
  1112    770
  1113    770
  1114    770
  1115    770
  1116    770
  1117    770
  1118    770
  1119    770
  1129    770
  1130    770
  1131    770
  1132    770
  1133    770
  1134    770
  1135    770
  1136    770
  1137    770
  1138    770
  1139    770
  1140    770
  1087    771
  1088    771
  1089    771
  1090    771
  1091    771
  1092    771
  1093    771
  1094    771
  1095    771
  1096    771
  1097    771
  1109    771
  1110    771
  1111    771
  1112    771
  1113    771
  1114    771
  1115    771
  1116    771
  1117    771
  1127    771
  1128    771
  1129    771
  1130    771
  1131    771
  1132    771
  1133    771
  1134    771
  1135    771
  1136    771
  1137    771
  1138    771
  1085    772
  1086    772
  1087    772
  1088    772
  1089    772
  1090    772
  1091    772
  1092    772
  1093    772
  1094    772
  1095    772
  1106    772
  1107    772
  1108    772
  1109    772
  1110    772
  1111    772
  1112    772
  1113    772
  1114    772
  1115    772
  1125    772
  1126    772
  1127    772
  1128    772
  1129    772
  1130    772
  1131    772
  1132    772
  1133    772
  1134    772
  1135    772
  1136    772
  1082    773
  1083    773
  1084    773
  1085    773
  1086    773
  1087    773
  1088    773
  1089    773
  1090    773
  1091    773
  1092    773
  1104    773
  1105    773
  1106    773
  1107    773
  1108    773
  1109    773
  1110    773
  1111    773
  1112    773
  1113    773
  1114    773
  1123    773
  1124    773
  1125    773
  1126    773
  1127    773
  1128    773
  1129    773
  1130    773
  1131    773
  1132    773
  1133    773
  1134    773
  1080    774
  1081    774
  1082    774
  1083    774
  1084    774
  1085    774
  1086    774
  1087    774
  1088    774
  1089    774
  1090    774
  1091    774
  1102    774
  1103    774
  1104    774
  1105    774
  1106    774
  1107    774
  1108    774
  1109    774
  1110    774
  1111    774
  1112    774
  1122    774
  1123    774
  1124    774
  1125    774
  1126    774
  1127    774
  1128    774
  1129    774
  1130    774
  1131    774
  1132    774
  1133    774
  1078    775
  1079    775
  1080    775
  1081    775
  1082    775
  1083    775
  1084    775
  1085    775
  1086    775
  1087    775
  1088    775
  1089    775
  1101    775
  1102    775
  1103    775
  1104    775
  1105    775
  1106    775
  1107    775
  1108    775
  1109    775
  1110    775
  1119    775
  1120    775
  1121    775
  1122    775
  1123    775
  1124    775
  1125    775
  1126    775
  1127    775
  1128    775
  1129    775
  1130    775
  1131    775
  1075    776
  1076    776
  1077    776
  1078    776
  1079    776
  1080    776
  1081    776
  1082    776
  1083    776
  1084    776
  1085    776
  1086    776
  1099    776
  1100    776
  1101    776
  1102    776
  1103    776
  1104    776
  1105    776
  1106    776
  1107    776
  1108    776
  1118    776
  1119    776
  1120    776
  1121    776
  1122    776
  1123    776
  1124    776
  1125    776
  1126    776
  1127    776
  1128    776
  1129    776
  1074    777
  1075    777
  1076    777
  1077    777
  1078    777
  1079    777
  1080    777
  1081    777
  1082    777
  1083    777
  1084    777
  1097    777
  1098    777
  1099    777
  1100    777
  1101    777
  1102    777
  1103    777
  1104    777
  1105    777
  1106    777
  1107    777
  1117    777
  1118    777
  1119    777
  1120    777
  1121    777
  1122    777
  1123    777
  1124    777
  1125    777
  1126    777
  1127    777
  1071    778
  1072    778
  1073    778
  1074    778
  1075    778
  1076    778
  1077    778
  1078    778
  1079    778
  1080    778
  1081    778
  1082    778
  1094    778
  1095    778
  1096    778
  1097    778
  1098    778
  1099    778
  1100    778
  1101    778
  1102    778
  1103    778
  1104    778
  1105    778
  1115    778
  1116    778
  1117    778
  1118    778
  1119    778
  1120    778
  1121    778
  1122    778
  1123    778
  1124    778
  1125    778
  1126    778
  1069    779
  1070    779
  1071    779
  1072    779
  1073    779
  1074    779
  1075    779
  1076    779
  1077    779
  1078    779
  1079    779
  1080    779
  1081    779
  1093    779
  1094    779
  1095    779
  1096    779
  1097    779
  1098    779
  1099    779
  1100    779
  1101    779
  1102    779
  1103    779
  1113    779
  1114    779
  1115    779
  1116    779
  1117    779
  1118    779
  1119    779
  1120    779
  1121    779
  1122    779
  1123    779
  1124    779
  1067    780
  1068    780
  1069    780
  1070    780
  1071    780
  1072    780
  1073    780
  1074    780
  1075    780
  1076    780
  1077    780
  1078    780
  1079    780
  1091    780
  1092    780
  1093    780
  1094    780
  1095    780
  1096    780
  1097    780
  1098    780
  1099    780
  1100    780
  1101    780
  1111    780
  1112    780
  1113    780
  1114    780
  1115    780
  1116    780
  1117    780
  1118    780
  1119    780
  1120    780
  1121    780
  1122    780
  1123    780
  1065    781
  1066    781
  1067    781
  1068    781
  1069    781
  1070    781
  1071    781
  1072    781
  1073    781
  1074    781
  1075    781
  1076    781
  1077    781
  1089    781
  1090    781
  1091    781
  1092    781
  1093    781
  1094    781
  1095    781
  1096    781
  1097    781
  1098    781
  1099    781
  1110    781
  1111    781
  1112    781
  1113    781
  1114    781
  1115    781
  1116    781
  1117    781
  1118    781
  1119    781
  1120    781
  1121    781
  1064    782
  1065    782
  1066    782
  1067    782
  1068    782
  1069    782
  1070    782
  1071    782
  1072    782
  1073    782
  1074    782
  1075    782
  1087    782
  1088    782
  1089    782
  1090    782
  1091    782
  1092    782
  1093    782
  1094    782
  1095    782
  1096    782
  1097    782
  1098    782
  1108    782
  1109    782
  1110    782
  1111    782
  1112    782
  1113    782
  1114    782
  1115    782
  1116    782
  1117    782
  1118    782
  1119    782
  1120    782
  1062    783
  1063    783
  1064    783
  1065    783
  1066    783
  1067    783
  1068    783
  1069    783
  1070    783
  1071    783
  1072    783
  1073    783
  1085    783
  1086    783
  1087    783
  1088    783
  1089    783
  1090    783
  1091    783
  1092    783
  1093    783
  1094    783
  1095    783
  1096    783
  1107    783
  1108    783
  1109    783
  1110    783
  1111    783
  1112    783
  1113    783
  1114    783
  1115    783
  1116    783
  1117    783
  1118    783
  1060    784
  1061    784
  1062    784
  1063    784
  1064    784
  1065    784
  1066    784
  1067    784
  1068    784
  1069    784
  1070    784
  1071    784
  1072    784
  1084    784
  1085    784
  1086    784
  1087    784
  1088    784
  1089    784
  1090    784
  1091    784
  1092    784
  1093    784
  1094    784
  1105    784
  1106    784
  1107    784
  1108    784
  1109    784
  1110    784
  1111    784
  1112    784
  1113    784
  1114    784
  1115    784
  1116    784
  1117    784
  1059    785
  1060    785
  1061    785
  1062    785
  1063    785
  1064    785
  1065    785
  1066    785
  1067    785
  1068    785
  1069    785
  1070    785
  1082    785
  1083    785
  1084    785
  1085    785
  1086    785
  1087    785
  1088    785
  1089    785
  1090    785
  1091    785
  1092    785
  1104    785
  1105    785
  1106    785
  1107    785
  1108    785
  1109    785
  1110    785
  1111    785
  1112    785
  1113    785
  1114    785
  1115    785
  1081    786
  1082    786
  1083    786
  1084    786
  1085    786
  1086    786
  1087    786
  1088    786
  1089    786
  1090    786
  1108    786
  1109    786
  1110    786
  1111    786
  1112    786
  1113    786
  1114    786
  1079    787
  1080    787
  1081    787
  1082    787
  1083    787
  1084    787
  1085    787
  1086    787
  1087    787
  1088    787
  1089    787
  1077    788
  1078    788
  1079    788
  1080    788
  1081    788
  1082    788
  1083    788
  1084    788
  1085    788
  1086    788
  1087    788
  1088    788
  1076    789
  1077    789
  1078    789
  1079    789
  1080    789
  1081    789
  1082    789
  1083    789
  1084    789
  1085    789
  1086    789
  1074    790
  1075    790
  1076    790
  1077    790
  1078    790
  1079    790
  1080    790
  1081    790
  1082    790
  1083    790
  1084    790
  1085    790
  1073    791
  1074    791
  1075    791
  1076    791
  1077    791
  1078    791
  1079    791
  1080    791
  1081    791
  1082    791
  1083    791
  1071    792
  1072    792
  1073    792
  1074    792
  1075    792
  1076    792
  1077    792
  1078    792
  1079    792
  1080    792
  1081    792
  1070    793
  1071    793
  1072    793
  1073    793
  1074    793
  1075    793
  1076    793
  1077    793
  1078    793
  1079    793
  1080    793
  1042    794
  1043    794
  1044    794
  1045    794
  1068    794
  1069    794
  1070    794
  1071    794
  1072    794
  1073    794
  1074    794
  1075    794
  1076    794
  1077    794
  1078    794
  1079    794
  1039    795
  1040    795
  1041    795
  1042    795
  1043    795
  1044    795
  1045    795
  1046    795
  1047    795
  1048    795
  1067    795
  1068    795
  1069    795
  1070    795
  1071    795
  1072    795
  1073    795
  1074    795
  1075    795
  1076    795
  1077    795
  1078    795
  1037    796
  1038    796
  1039    796
  1040    796
  1041    796
  1042    796
  1043    796
  1044    796
  1045    796
  1046    796
  1047    796
  1048    796
  1066    796
  1067    796
  1068    796
  1069    796
  1070    796
  1071    796
  1072    796
  1073    796
  1074    796
  1075    796
  1076    796
  1089    796
  1090    796
  1091    796
  1092    796
  1093    796
  1094    796
  1095    796
  1096    796
  1097    796
  1098    796
  1099    796
  1036    797
  1037    797
  1038    797
  1039    797
  1040    797
  1041    797
  1042    797
  1043    797
  1044    797
  1045    797
  1046    797
  1047    797
  1048    797
  1064    797
  1065    797
  1066    797
  1067    797
  1068    797
  1069    797
  1070    797
  1071    797
  1073    797
  1074    797
  1088    797
  1089    797
  1090    797
  1091    797
  1092    797
  1093    797
  1094    797
  1095    797
  1096    797
  1097    797
  1098    797
  1099    797
  1035    798
  1036    798
  1037    798
  1038    798
  1039    798
  1040    798
  1041    798
  1042    798
  1043    798
  1044    798
  1045    798
  1046    798
  1047    798
  1063    798
  1064    798
  1065    798
  1066    798
  1067    798
  1068    798
  1069    798
  1070    798
  1071    798
  1072    798
  1073    798
  1087    798
  1088    798
  1089    798
  1090    798
  1091    798
  1092    798
  1093    798
  1094    798
  1095    798
  1096    798
  1097    798
  1098    798
  1099    798
  1100    798
  1033    799
  1034    799
  1035    799
  1036    799
  1037    799
  1038    799
  1039    799
  1040    799
  1041    799
  1042    799
  1043    799
  1044    799
  1045    799
  1061    799
  1062    799
  1063    799
  1064    799
  1065    799
  1066    799
  1067    799
  1068    799
  1069    799
  1070    799
  1071    799
  1072    799
  1085    799
  1086    799
  1087    799
  1088    799
  1089    799
  1090    799
  1091    799
  1092    799
  1093    799
  1094    799
  1095    799
  1096    799
  1097    799
  1098    799
  1031    800
  1032    800
  1033    800
  1034    800
  1035    800
  1036    800
  1037    800
  1038    800
  1039    800
  1040    800
  1041    800
  1042    800
  1043    800
  1060    800
  1061    800
  1062    800
  1063    800
  1064    800
  1065    800
  1066    800
  1067    800
  1068    800
  1069    800
  1070    800
  1071    800
  1084    800
  1085    800
  1086    800
  1087    800
  1088    800
  1089    800
  1090    800
  1091    800
  1092    800
  1093    800
  1094    800
  1095    800
  1096    800
  1097    800
  1030    801
  1031    801
  1032    801
  1033    801
  1034    801
  1035    801
  1036    801
  1037    801
  1038    801
  1039    801
  1040    801
  1041    801
  1042    801
  1058    801
  1059    801
  1060    801
  1061    801
  1062    801
  1063    801
  1064    801
  1065    801
  1066    801
  1067    801
  1068    801
  1069    801
  1070    801
  1084    801
  1085    801
  1086    801
  1087    801
  1088    801
  1089    801
  1090    801
  1091    801
  1092    801
  1093    801
  1094    801
  1095    801
  1096    801
  1028    802
  1029    802
  1030    802
  1031    802
  1032    802
  1033    802
  1034    802
  1035    802
  1036    802
  1037    802
  1038    802
  1039    802
  1040    802
  1041    802
  1057    802
  1058    802
  1059    802
  1060    802
  1061    802
  1062    802
  1063    802
  1064    802
  1065    802
  1066    802
  1067    802
  1068    802
  1082    802
  1083    802
  1084    802
  1085    802
  1086    802
  1087    802
  1088    802
  1089    802
  1090    802
  1091    802
  1092    802
  1093    802
  1094    802
  1095    802
  1027    803
  1028    803
  1029    803
  1030    803
  1031    803
  1032    803
  1033    803
  1034    803
  1035    803
  1036    803
  1037    803
  1038    803
  1039    803
  1040    803
  1056    803
  1057    803
  1058    803
  1059    803
  1060    803
  1061    803
  1062    803
  1063    803
  1064    803
  1066    803
  1067    803
  1081    803
  1082    803
  1084    803
  1085    803
  1086    803
  1087    803
  1088    803
  1089    803
  1090    803
  1091    803
  1092    803
  1093    803
  1094    803
  1026    804
  1027    804
  1028    804
  1029    804
  1030    804
  1031    804
  1032    804
  1033    804
  1034    804
  1035    804
  1036    804
  1037    804
  1038    804
  1056    804
  1057    804
  1058    804
  1059    804
  1060    804
  1061    804
  1065    804
  1066    804
  1080    804
  1081    804
  1083    804
  1084    804
  1085    804
  1086    804
  1087    804
  1088    804
  1089    804
  1090    804
  1091    804
  1092    804
  1093    804
  1024    805
  1025    805
  1026    805
  1027    805
  1028    805
  1029    805
  1030    805
  1031    805
  1032    805
  1033    805
  1034    805
  1035    805
  1036    805
  1037    805
  1056    805
  1057    805
  1058    805
  1059    805
  1060    805
  1061    805
  1079    805
  1080    805
  1081    805
  1082    805
  1083    805
  1084    805
  1085    805
  1086    805
  1087    805
  1088    805
  1089    805
  1090    805
  1091    805
  1092    805
  1023    806
  1024    806
  1025    806
  1026    806
  1027    806
  1028    806
  1029    806
  1030    806
  1031    806
  1032    806
  1033    806
  1034    806
  1035    806
  1053    806
  1055    806
  1056    806
  1057    806
  1058    806
  1059    806
  1078    806
  1079    806
  1082    806
  1083    806
  1084    806
  1085    806
  1086    806
  1087    806
  1088    806
  1089    806
  1090    806
  1091    806
  1022    807
  1023    807
  1024    807
  1025    807
  1026    807
  1027    807
  1028    807
  1029    807
  1030    807
  1031    807
  1032    807
  1033    807
  1034    807
  1051    807
  1052    807
  1054    807
  1055    807
  1056    807
  1057    807
  1058    807
  1061    807
  1062    807
  1082    807
  1083    807
  1084    807
  1085    807
  1086    807
  1087    807
  1088    807
  1089    807
  1090    807
  1022    808
  1023    808
  1024    808
  1025    808
  1026    808
  1027    808
  1028    808
  1029    808
  1030    808
  1031    808
  1032    808
  1033    808
  1050    808
  1051    808
  1054    808
  1055    808
  1056    808
  1057    808
  1058    808
  1059    808
  1060    808
  1061    808
  1076    808
  1077    808
  1081    808
  1082    808
  1083    808
  1084    808
  1085    808
  1086    808
  1087    808
  1088    808
  1089    808
  1028    809
  1029    809
  1030    809
  1031    809
  1049    809
  1050    809
  1051    809
  1052    809
  1053    809
  1054    809
  1055    809
  1056    809
  1057    809
  1058    809
  1059    809
  1060    809
  1079    809
  1080    809
  1081    809
  1082    809
  1083    809
  1084    809
  1085    809
  1086    809
  1088    809
  1048    810
  1049    810
  1052    810
  1053    810
  1054    810
  1055    810
  1056    810
  1058    810
  1079    810
  1080    810
  1081    810
  1051    811
  1052    811
  1053    811
  1054    811
  1051    812
  1052    812
  1053    812
