  1373    713
  1374    713
  1375    713
  1376    713
  1377    713
  1378    713
  1366    714
  1367    714
  1368    714
  1369    714
  1370    714
  1371    714
  1373    714
  1374    714
  1375    714
  1376    714
  1377    714
  1372    715
  1374    715
  1351    716
  1352    716
  1347    717
  1348    717
  1349    717
  1335    719
  1336    719
  1338    719
  1339    719
  1326    720
  1327    720
  1328    720
  1332    720
  1299    721
  1300    721
  1301    721
  1302    721
  1303    721
  1304    721
  1305    721
  1328    721
  1329    721
  1288    722
  1289    722
  1290    722
  1291    722
  1292    722
  1293    722
  1294    722
  1295    722
  1296    722
  1297    722
  1298    722
  1299    722
  1300    722
  1301    722
  1302    722
  1309    722
  1310    722
  1311    722
  1313    722
  1316    722
  1261    723
  1262    723
  1263    723
  1264    723
  1265    723
  1274    723
  1275    723
  1276    723
  1277    723
  1278    723
  1279    723
  1280    723
  1281    723
  1282    723
  1283    723
  1284    723
  1285    723
  1286    723
  1287    723
  1288    723
  1289    723
  1290    724
  1291    724
  1292    724
  1293    724
  1294    724
  1295    724
  1296    724
  1287    725
  1288    725
  1289    725
  1290    725
  1237    726
  1238    726
  1239    726
  1240    726
  1241    726
  1242    726
  1243    726
  1244    726
  1245    726
  1246    726
  1247    726
  1278    726
  1279    726
  1280    726
  1281    726
  1282    726
  1224    727
  1225    727
  1226    727
  1227    727
  1228    727
  1232    727
  1233    727
  1234    727
  1257    727
  1258    727
  1259    727
  1260    727
  1261    727
  1262    727
  1263    727
  1264    727
  1270    727
  1271    727
  1272    727
  1273    727
  1274    727
  1275    727
  1283    727
  1284    727
  1285    727
  1286    727
  1287    727
  1288    727
  1251    728
  1252    728
  1253    728
  1254    728
  1255    728
  1256    728
  1257    728
  1258    728
  1264    728
  1265    728
  1266    728
  1267    728
  1268    728
  1269    728
  1270    728
  1276    728
  1282    728
  1283    728
  1243    729
  1244    729
  1245    729
  1246    729
  1247    729
  1248    729
  1249    729
  1250    729
  1258    729
  1259    729
  1260    729
  1261    729
  1262    729
  1263    729
  1272    729
  1273    729
  1237    730
  1238    730
  1239    730
  1240    730
  1241    730
  1242    730
  1243    730
  1250    730
  1251    730
  1252    730
  1253    730
  1254    730
  1255    730
  1256    730
  1265    730
  1266    730
  1267    730
  1268    730
  1269    730
  1270    730
  1271    730
  1231    731
  1232    731
  1233    731
  1234    731
  1235    731
  1236    731
  1237    731
  1244    731
  1245    731
  1246    731
  1247    731
  1248    731
  1249    731
  1250    731
  1251    731
  1258    731
  1259    731
  1260    731
  1261    731
  1263    731
  1264    731
  1225    732
  1226    732
  1227    732
  1228    732
  1229    732
  1230    732
  1231    732
  1252    732
  1253    732
  1254    732
  1255    732
  1256    732
  1257    732
  1259    732
  1234    733
  1235    733
  1236    733
  1227    734
  1228    734
  1229    734
  1230    734
  1231    734
  1232    734
  1233    734
  1207    735
  1208    735
  1209    735
  1222    735
  1223    735
  1224    735
  1225    735
  1226    735
  1227    735
  1228    735
  1203    736
  1204    736
  1205    736
  1206    736
  1207    736
  1208    736
  1209    736
  1210    736
  1217    736
  1218    736
  1219    736
  1220    736
  1221    736
  1222    736
  1223    736
  1232    736
  1233    736
  1234    736
  1198    737
  1199    737
  1200    737
  1201    737
  1202    737
  1203    737
  1204    737
  1205    737
  1212    737
  1213    737
  1214    737
  1215    737
  1216    737
  1217    737
  1218    737
  1219    737
  1227    737
  1228    737
  1229    737
  1230    737
  1231    737
  1232    737
  1233    737
  1192    738
  1193    738
  1194    738
  1195    738
  1196    738
  1197    738
  1198    738
  1199    738
  1200    738
  1208    738
  1209    738
  1210    738
  1211    738
  1212    738
  1213    738
  1214    738
  1222    738
  1223    738
  1224    738
  1225    738
  1226    738
  1227    738
  1228    738
  1229    738
  1187    739
  1188    739
  1189    739
  1190    739
  1191    739
  1192    739
  1193    739
  1194    739
  1203    739
  1204    739
  1205    739
  1206    739
  1207    739
  1208    739
  1209    739
  1210    739
  1218    739
  1219    739
  1220    739
  1221    739
  1222    739
  1223    739
  1224    739
  1225    739
  1183    740
  1184    740
  1185    740
  1186    740
  1187    740
  1188    740
  1189    740
  1190    740
  1191    740
  1199    740
  1200    740
  1201    740
  1202    740
  1203    740
  1204    740
  1205    740
  1213    740
  1214    740
  1215    740
  1216    740
  1217    740
  1218    740
  1219    740
  1220    740
  1178    741
  1179    741
  1180    741
  1181    741
  1182    741
  1183    741
  1184    741
  1185    741
  1194    741
  1195    741
  1196    741
  1197    741
  1198    741
  1199    741
  1200    741
  1209    741
  1210    741
  1211    741
  1212    741
  1213    741
  1214    741
  1215    741
  1216    741
  1173    742
  1174    742
  1175    742
  1176    742
  1177    742
  1178    742
  1179    742
  1180    742
  1190    742
  1191    742
  1192    742
  1193    742
  1194    742
  1195    742
  1196    742
  1197    742
  1205    742
  1206    742
  1207    742
  1208    742
  1209    742
  1210    742
  1211    742
  1212    742
  1169    743
  1170    743
  1171    743
  1172    743
  1173    743
  1174    743
  1175    743
  1176    743
  1186    743
  1187    743
  1188    743
  1189    743
  1190    743
  1191    743
  1192    743
  1201    743
  1202    743
  1203    743
  1204    743
  1205    743
  1206    743
  1207    743
  1208    743
  1168    744
  1169    744
  1170    744
  1171    744
  1172    744
  1181    744
  1182    744
  1183    744
  1184    744
  1185    744
  1186    744
  1187    744
  1188    744
  1199    744
  1203    744
  1204    744
  1178    745
  1179    745
  1180    745
  1181    745
  1182    745
  1183    745
  1184    745
  1173    746
  1174    746
  1175    746
  1176    746
  1177    746
  1178    746
  1179    746
  1180    746
  1171    747
  1172    747
  1173    747
  1174    747
  1175    747
  1176    747
  1177    747
  1166    748
  1167    748
  1168    748
  1169    748
  1170    748
  1171    748
  1172    748
  1173    748
  1174    748
  1146    749
  1147    749
  1148    749
  1149    749
  1150    749
  1151    749
  1152    749
  1153    749
  1154    749
  1163    749
  1164    749
  1165    749
  1166    749
  1167    749
  1168    749
  1169    749
  1170    749
  1179    749
  1180    749
  1181    749
  1182    749
  1183    749
  1184    749
  1143    750
  1144    750
  1145    750
  1146    750
  1147    750
  1148    750
  1149    750
  1150    750
  1151    750
  1160    750
  1161    750
  1162    750
  1163    750
  1164    750
  1165    750
  1166    750
  1167    750
  1176    750
  1177    750
  1178    750
  1179    750
  1180    750
  1181    750
  1182    750
  1183    750
  1184    750
  1185    750
  1140    751
  1141    751
  1142    751
  1143    751
  1144    751
  1145    751
  1146    751
  1147    751
  1148    751
  1156    751
  1157    751
  1158    751
  1159    751
  1160    751
  1161    751
  1162    751
  1163    751
  1164    751
  1173    751
  1174    751
  1175    751
  1176    751
  1177    751
  1178    751
  1179    751
  1180    751
  1181    751
  1137    752
  1138    752
  1139    752
  1140    752
  1141    752
  1142    752
  1143    752
  1144    752
  1153    752
  1154    752
  1155    752
  1156    752
  1157    752
  1158    752
  1159    752
  1160    752
  1161    752
  1170    752
  1171    752
  1172    752
  1173    752
  1174    752
  1175    752
  1176    752
  1177    752
  1178    752
  1133    753
  1134    753
  1135    753
  1136    753
  1137    753
  1138    753
  1139    753
  1140    753
  1141    753
  1150    753
  1151    753
  1152    753
  1153    753
  1154    753
  1155    753
  1156    753
  1157    753
  1158    753
  1167    753
  1168    753
  1169    753
  1170    753
  1171    753
  1172    753
  1173    753
  1174    753
  1175    753
  1130    754
  1131    754
  1132    754
  1133    754
  1134    754
  1135    754
  1136    754
  1137    754
  1138    754
  1148    754
  1149    754
  1150    754
  1151    754
  1152    754
  1153    754
  1154    754
  1155    754
  1164    754
  1165    754
  1166    754
  1167    754
  1168    754
  1169    754
  1170    754
  1171    754
  1172    754
  1173    754
  1127    755
  1128    755
  1129    755
  1130    755
  1131    755
  1132    755
  1133    755
  1134    755
  1135    755
  1136    755
  1145    755
  1146    755
  1147    755
  1148    755
  1149    755
  1150    755
  1151    755
  1152    755
  1162    755
  1163    755
  1164    755
  1165    755
  1166    755
  1167    755
  1168    755
  1169    755
  1170    755
  1171    755
  1124    756
  1125    756
  1126    756
  1127    756
  1128    756
  1129    756
  1130    756
  1131    756
  1132    756
  1133    756
  1142    756
  1143    756
  1144    756
  1145    756
  1146    756
  1147    756
  1148    756
  1149    756
  1159    756
  1160    756
  1161    756
  1162    756
  1163    756
  1164    756
  1165    756
  1166    756
  1167    756
  1168    756
  1121    757
  1122    757
  1123    757
  1124    757
  1125    757
  1126    757
  1127    757
  1128    757
  1129    757
  1130    757
  1139    757
  1140    757
  1141    757
  1142    757
  1143    757
  1144    757
  1145    757
  1146    757
  1157    757
  1158    757
  1159    757
  1160    757
  1161    757
  1162    757
  1163    757
  1164    757
  1165    757
  1118    758
  1119    758
  1120    758
  1121    758
  1122    758
  1123    758
  1124    758
  1125    758
  1126    758
  1127    758
  1137    758
  1138    758
  1139    758
  1140    758
  1141    758
  1142    758
  1143    758
  1144    758
  1155    758
  1156    758
  1157    758
  1158    758
  1159    758
  1160    758
  1161    758
  1162    758
  1163    758
  1164    758
  1115    759
  1116    759
  1117    759
  1118    759
  1119    759
  1120    759
  1121    759
  1122    759
  1123    759
  1124    759
  1125    759
  1134    759
  1135    759
  1136    759
  1137    759
  1138    759
  1139    759
  1141    759
  1153    759
  1154    759
  1155    759
  1156    759
  1157    759
  1158    759
  1159    759
  1160    759
  1161    759
  1116    760
  1117    760
  1118    760
  1119    760
  1120    760
  1121    760
  1122    760
  1131    760
  1132    760
  1133    760
  1134    760
  1135    760
  1136    760
  1138    760
  1139    760
  1153    760
  1154    760
  1155    760
  1156    760
  1157    760
  1158    760
  1159    760
  1118    761
  1119    761
  1130    761
  1131    761
  1132    761
  1133    761
  1134    761
  1135    761
  1136    761
  1137    761
  1155    761
  1156    761
  1157    761
  1127    762
  1128    762
  1129    762
  1130    762
  1131    762
  1132    762
  1133    762
  1134    762
  1135    762
  1125    763
  1126    763
  1127    763
  1128    763
  1129    763
  1130    763
  1131    763
  1132    763
  1123    764
  1124    764
  1125    764
  1126    764
  1127    764
  1128    764
  1129    764
  1130    764
  1120    765
  1121    765
  1122    765
  1123    765
  1124    765
  1125    765
  1126    765
  1127    765
  1128    765
  1117    766
  1118    766
  1119    766
  1120    766
  1121    766
  1122    766
  1123    766
  1124    766
  1125    766
  1126    766
  1096    767
  1097    767
  1098    767
  1099    767
  1100    767
  1101    767
  1102    767
  1115    767
  1116    767
  1117    767
  1118    767
  1119    767
  1120    767
  1121    767
  1122    767
  1123    767
  1124    767
  1134    767
  1135    767
  1136    767
  1137    767
  1138    767
  1139    767
  1140    767
  1141    767
  1093    768
  1094    768
  1095    768
  1096    768
  1097    768
  1098    768
  1099    768
  1113    768
  1114    768
  1115    768
  1116    768
  1117    768
  1118    768
  1119    768
  1120    768
  1121    768
  1131    768
  1132    768
  1133    768
  1134    768
  1135    768
  1136    768
  1137    768
  1138    768
  1139    768
  1090    769
  1091    769
  1092    769
  1093    769
  1094    769
  1095    769
  1096    769
  1097    769
  1098    769
  1099    769
  1100    769
  1111    769
  1112    769
  1113    769
  1114    769
  1115    769
  1116    769
  1117    769
  1118    769
  1119    769
  1129    769
  1130    769
  1131    769
  1132    769
  1133    769
  1134    769
  1135    769
  1136    769
  1137    769
  1138    769
  1139    769
  1140    769
  1088    770
  1089    770
  1090    770
  1091    770
  1092    770
  1093    770
  1094    770
  1095    770
  1096    770
  1097    770
  1098    770
  1109    770
  1110    770
  1111    770
  1112    770
  1113    770
  1114    770
  1115    770
  1116    770
  1117    770
  1128    770
  1129    770
  1130    770
  1131    770
  1132    770
  1133    770
  1134    770
  1135    770
  1136    770
  1137    770
  1138    770
  1085    771
  1086    771
  1087    771
  1088    771
  1089    771
  1090    771
  1091    771
  1092    771
  1093    771
  1094    771
  1095    771
  1107    771
  1108    771
  1109    771
  1110    771
  1111    771
  1112    771
  1113    771
  1114    771
  1115    771
  1125    771
  1126    771
  1127    771
  1128    771
  1129    771
  1130    771
  1131    771
  1132    771
  1133    771
  1134    771
  1135    771
  1136    771
  1083    772
  1084    772
  1085    772
  1086    772
  1087    772
  1088    772
  1089    772
  1090    772
  1091    772
  1092    772
  1093    772
  1105    772
  1106    772
  1107    772
  1108    772
  1109    772
  1110    772
  1111    772
  1112    772
  1113    772
  1114    772
  1123    772
  1124    772
  1125    772
  1126    772
  1127    772
  1128    772
  1129    772
  1130    772
  1131    772
  1132    772
  1133    772
  1134    772
  1081    773
  1082    773
  1083    773
  1084    773
  1085    773
  1086    773
  1087    773
  1088    773
  1089    773
  1090    773
  1091    773
  1102    773
  1103    773
  1104    773
  1105    773
  1106    773
  1107    773
  1108    773
  1109    773
  1110    773
  1111    773
  1112    773
  1122    773
  1123    773
  1124    773
  1125    773
  1126    773
  1127    773
  1128    773
  1129    773
  1130    773
  1131    773
  1132    773
  1078    774
  1079    774
  1080    774
  1081    774
  1082    774
  1083    774
  1084    774
  1085    774
  1086    774
  1087    774
  1088    774
  1089    774
  1101    774
  1102    774
  1103    774
  1104    774
  1105    774
  1106    774
  1107    774
  1108    774
  1109    774
  1110    774
  1120    774
  1121    774
  1122    774
  1123    774
  1124    774
  1125    774
  1126    774
  1127    774
  1128    774
  1129    774
  1130    774
  1076    775
  1077    775
  1078    775
  1079    775
  1080    775
  1081    775
  1082    775
  1083    775
  1084    775
  1085    775
  1086    775
  1087    775
  1099    775
  1100    775
  1101    775
  1102    775
  1103    775
  1104    775
  1105    775
  1106    775
  1107    775
  1108    775
  1118    775
  1119    775
  1120    775
  1121    775
  1122    775
  1123    775
  1124    775
  1125    775
  1126    775
  1127    775
  1128    775
  1129    775
  1074    776
  1075    776
  1076    776
  1077    776
  1078    776
  1079    776
  1080    776
  1081    776
  1082    776
  1083    776
  1084    776
  1085    776
  1097    776
  1098    776
  1099    776
  1100    776
  1101    776
  1102    776
  1103    776
  1104    776
  1105    776
  1106    776
  1107    776
  1116    776
  1117    776
  1118    776
  1119    776
  1120    776
  1121    776
  1122    776
  1123    776
  1124    776
  1125    776
  1126    776
  1127    776
  1072    777
  1073    777
  1074    777
  1075    777
  1076    777
  1077    777
  1078    777
  1079    777
  1080    777
  1081    777
  1082    777
  1083    777
  1095    777
  1096    777
  1097    777
  1098    777
  1099    777
  1100    777
  1101    777
  1102    777
  1103    777
  1104    777
  1105    777
  1114    777
  1115    777
  1116    777
  1117    777
  1118    777
  1119    777
  1120    777
  1121    777
  1122    777
  1123    777
  1124    777
  1125    777
  1126    777
  1070    778
  1071    778
  1072    778
  1073    778
  1074    778
  1075    778
  1076    778
  1077    778
  1078    778
  1079    778
  1080    778
  1093    778
  1094    778
  1095    778
  1096    778
  1097    778
  1098    778
  1099    778
  1100    778
  1101    778
  1102    778
  1103    778
  1113    778
  1114    778
  1115    778
  1116    778
  1117    778
  1118    778
  1119    778
  1120    778
  1121    778
  1122    778
  1123    778
  1124    778
  1068    779
  1069    779
  1070    779
  1071    779
  1072    779
  1073    779
  1074    779
  1075    779
  1076    779
  1077    779
  1078    779
  1079    779
  1091    779
  1092    779
  1093    779
  1094    779
  1095    779
  1096    779
  1097    779
  1098    779
  1099    779
  1100    779
  1101    779
  1111    779
  1112    779
  1113    779
  1114    779
  1115    779
  1116    779
  1117    779
  1118    779
  1119    779
  1120    779
  1121    779
  1122    779
  1066    780
  1067    780
  1068    780
  1069    780
  1070    780
  1071    780
  1072    780
  1073    780
  1074    780
  1075    780
  1076    780
  1077    780
  1089    780
  1090    780
  1091    780
  1092    780
  1093    780
  1094    780
  1095    780
  1096    780
  1097    780
  1098    780
  1099    780
  1110    780
  1111    780
  1112    780
  1113    780
  1114    780
  1115    780
  1116    780
  1117    780
  1118    780
  1119    780
  1120    780
  1121    780
  1064    781
  1065    781
  1066    781
  1067    781
  1068    781
  1069    781
  1070    781
  1071    781
  1072    781
  1073    781
  1074    781
  1075    781
  1088    781
  1089    781
  1090    781
  1091    781
  1092    781
  1093    781
  1094    781
  1095    781
  1096    781
  1097    781
  1108    781
  1109    781
  1110    781
  1111    781
  1112    781
  1113    781
  1114    781
  1115    781
  1116    781
  1117    781
  1118    781
  1119    781
  1120    781
  1062    782
  1063    782
  1064    782
  1065    782
  1066    782
  1067    782
  1068    782
  1069    782
  1070    782
  1071    782
  1072    782
  1073    782
  1086    782
  1087    782
  1088    782
  1089    782
  1090    782
  1091    782
  1092    782
  1093    782
  1094    782
  1095    782
  1107    782
  1108    782
  1109    782
  1110    782
  1111    782
  1112    782
  1113    782
  1114    782
  1115    782
  1116    782
  1117    782
  1118    782
  1060    783
  1061    783
  1062    783
  1063    783
  1064    783
  1065    783
  1066    783
  1067    783
  1068    783
  1069    783
  1070    783
  1071    783
  1072    783
  1084    783
  1085    783
  1086    783
  1087    783
  1088    783
  1089    783
  1090    783
  1091    783
  1092    783
  1093    783
  1094    783
  1105    783
  1106    783
  1107    783
  1108    783
  1109    783
  1110    783
  1111    783
  1112    783
  1113    783
  1114    783
  1115    783
  1116    783
  1058    784
  1059    784
  1060    784
  1061    784
  1062    784
  1063    784
  1064    784
  1065    784
  1066    784
  1067    784
  1068    784
  1069    784
  1070    784
  1082    784
  1083    784
  1084    784
  1085    784
  1086    784
  1087    784
  1088    784
  1089    784
  1090    784
  1091    784
  1092    784
  1104    784
  1105    784
  1106    784
  1107    784
  1108    784
  1109    784
  1110    784
  1111    784
  1112    784
  1113    784
  1114    784
  1115    784
  1059    785
  1060    785
  1061    785
  1062    785
  1063    785
  1064    785
  1065    785
  1067    785
  1068    785
  1081    785
  1082    785
  1083    785
  1084    785
  1085    785
  1086    785
  1087    785
  1088    785
  1089    785
  1090    785
  1105    785
  1106    785
  1107    785
  1108    785
  1109    785
  1110    785
  1111    785
  1112    785
  1113    785
  1114    785
  1079    786
  1080    786
  1081    786
  1082    786
  1083    786
  1084    786
  1085    786
  1086    786
  1087    786
  1088    786
  1108    786
  1109    786
  1110    786
  1111    786
  1112    786
  1077    787
  1078    787
  1079    787
  1080    787
  1081    787
  1082    787
  1083    787
  1084    787
  1085    787
  1086    787
  1087    787
  1076    788
  1077    788
  1078    788
  1079    788
  1080    788
  1081    788
  1082    788
  1083    788
  1084    788
  1085    788
  1086    788
  1074    789
  1075    789
  1076    789
  1077    789
  1078    789
  1079    789
  1080    789
  1081    789
  1082    789
  1083    789
  1084    789
  1073    790
  1074    790
  1075    790
  1076    790
  1077    790
  1078    790
  1079    790
  1080    790
  1081    790
  1082    790
  1083    790
  1071    791
  1072    791
  1073    791
  1074    791
  1075    791
  1076    791
  1077    791
  1078    791
  1079    791
  1080    791
  1081    791
  1082    791
  1069    792
  1070    792
  1071    792
  1072    792
  1073    792
  1074    792
  1075    792
  1076    792
  1077    792
  1078    792
  1079    792
  1080    792
  1068    793
  1069    793
  1070    793
  1071    793
  1072    793
  1073    793
  1074    793
  1075    793
  1076    793
  1077    793
  1078    793
  1067    794
  1068    794
  1069    794
  1070    794
  1071    794
  1072    794
  1073    794
  1074    794
  1075    794
  1076    794
  1077    794
  1065    795
  1066    795
  1067    795
  1068    795
  1069    795
  1070    795
  1071    795
  1072    795
  1073    795
  1074    795
  1075    795
  1088    795
  1089    795
  1090    795
  1091    795
  1092    795
  1093    795
  1094    795
  1095    795
  1096    795
  1097    795
  1098    795
  1064    796
  1065    796
  1066    796
  1067    796
  1068    796
  1069    796
  1070    796
  1071    796
  1072    796
  1073    796
  1074    796
  1087    796
  1088    796
  1089    796
  1090    796
  1091    796
  1092    796
  1093    796
  1094    796
  1095    796
  1096    796
  1097    796
  1098    796
  1063    797
  1064    797
  1065    797
  1066    797
  1067    797
  1068    797
  1069    797
  1070    797
  1071    797
  1072    797
  1073    797
  1086    797
  1087    797
  1088    797
  1089    797
  1090    797
  1091    797
  1092    797
  1093    797
  1094    797
  1095    797
  1096    797
  1097    797
  1098    797
  1061    798
  1062    798
  1063    798
  1064    798
  1065    798
  1066    798
  1067    798
  1068    798
  1069    798
  1070    798
  1071    798
  1072    798
  1085    798
  1086    798
  1087    798
  1088    798
  1089    798
  1090    798
  1091    798
  1092    798
  1093    798
  1094    798
  1095    798
  1096    798
  1097    798
  1098    798
  1059    799
  1060    799
  1061    799
  1062    799
  1063    799
  1064    799
  1065    799
  1066    799
  1067    799
  1068    799
  1069    799
  1070    799
  1084    799
  1085    799
  1086    799
  1087    799
  1088    799
  1089    799
  1090    799
  1091    799
  1092    799
  1093    799
  1094    799
  1095    799
  1096    799
  1097    799
  1059    800
  1060    800
  1061    800
  1062    800
  1063    800
  1064    800
  1065    800
  1066    800
  1067    800
  1068    800
  1069    800
  1083    800
  1084    800
  1087    800
  1088    800
  1089    800
  1090    800
  1091    800
  1092    800
  1093    800
  1094    800
  1095    800
  1057    801
  1058    801
  1059    801
  1060    801
  1061    801
  1062    801
  1063    801
  1064    801
  1065    801
  1067    801
  1068    801
  1082    801
  1083    801
  1085    801
  1086    801
  1087    801
  1088    801
  1089    801
  1090    801
  1091    801
  1092    801
  1093    801
  1094    801
  1056    802
  1057    802
  1058    802
  1059    802
  1060    802
  1061    802
  1062    802
  1081    802
  1082    802
  1084    802
  1085    802
  1086    802
  1087    802
  1088    802
  1089    802
  1090    802
  1091    802
  1092    802
  1093    802
  1058    803
  1059    803
  1079    803
  1080    803
  1081    803
  1083    803
  1084    803
  1085    803
  1086    803
  1087    803
  1088    803
  1089    803
  1090    803
  1091    803
  1092    803
  1057    804
  1058    804
  1059    804
  1060    804
  1078    804
  1079    804
  1083    804
  1084    804
  1085    804
  1086    804
  1087    804
  1088    804
  1089    804
  1090    804
  1091    804
  1053    805
  1056    805
  1057    805
  1081    805
  1082    805
  1083    805
  1084    805
  1085    805
  1086    805
  1087    805
  1088    805
  1089    805
  1090    805
  1055    806
  1056    806
  1057    806
  1076    806
  1077    806
  1081    806
  1082    806
  1083    806
  1084    806
  1085    806
  1086    806
  1088    806
  1089    806
  1050    807
  1055    807
  1056    807
  1059    807
  1060    807
  1081    807
  1082    807
  1083    807
  1084    807
  1085    807
  1086    807
  1087    807
  1088    807
  1048    808
  1049    808
  1050    808
  1053    808
  1054    808
  1058    808
  1059    808
  1079    808
  1080    808
  1081    808
  1082    808
  1083    808
  1086    808
  1087    808
  1088    808
  1047    809
  1048    809
  1051    809
  1052    809
  1053    809
  1054    809
  1055    809
  1079    809
  1081    809
  1082    809
  1083    809
  1086    809
  1046    810
  1047    810
  1050    810
  1051    810
  1052    810
  1053    810
  1054    810
  1057    810
  1078    810
  1079    810
  1080    810
  1081    810
  1045    811
  1050    811
  1051    811
  1055    811
  1056    811
  1044    812
  1045    812
  1046    812
  1047    812
  1048    812
  1049    812
  1050    812
  1051    812
  1054    812
  1055    812
  1048    813
  1049    813
  1050    813
  1051    813
